--- Start
Calibration finished !

Learning mode activated? 
False
iteration,date,init_position,final_position,time
0,2022-01-02-08:14:52,-1,3,2.635340
1,2022-01-02-08:14:55,3,7,3.254554
2,2022-01-02-08:14:58,7,0,3.063710
3,2022-01-02-08:15:00,0,2,1.718909
4,2022-01-02-08:15:02,2,7,2.554717
5,2022-01-02-08:15:05,7,5,2.692194
6,2022-01-02-08:15:07,5,1,1.996102
7,2022-01-02-08:15:09,1,2,2.102794
8,2022-01-02-08:15:12,2,7,2.505830
9,2022-01-02-08:15:15,7,3,3.198344
10,2022-01-02-08:15:17,3,0,2.389687
11,2022-01-02-08:15:19,0,7,1.924274
12,2022-01-02-08:15:21,7,1,1.632185
13,2022-01-02-08:15:23,1,5,2.117293
14,2022-01-02-08:15:25,5,4,2.454918
15,2022-01-02-08:15:27,4,3,2.050232
16,2022-01-02-08:15:31,3,7,3.281534
17,2022-01-02-08:15:34,7,1,3.284963
18,2022-01-02-08:15:35,1,4,1.276600
19,2022-01-02-08:15:37,4,0,1.513789
20,2022-01-02-08:15:39,0,7,1.916835
21,2022-01-02-08:15:40,7,1,1.631943
22,2022-01-02-08:15:42,1,4,1.315793
23,2022-01-02-08:15:45,4,6,3.433959
24,2022-01-02-08:15:48,6,7,2.722470
25,2022-01-02-08:15:51,7,0,3.159452
26,2022-01-02-08:15:53,0,7,1.932812
27,2022-01-02-08:15:57,7,6,3.970645
28,2022-01-02-08:16:00,6,2,3.164408
29,2022-01-02-08:16:03,2,6,3.062454
30,2022-01-02-08:16:06,6,1,2.632993
31,2022-01-02-08:16:08,1,2,1.931342
32,2022-01-02-08:16:11,2,6,3.146516
33,2022-01-02-08:16:14,6,3,3.709634
34,2022-01-02-08:16:18,3,7,3.291415
35,2022-01-02-08:16:21,7,1,3.403974
36,2022-01-02-08:16:23,1,3,2.244035
37,2022-01-02-08:16:26,3,0,2.389059
38,2022-01-02-08:16:27,0,4,1.487802
39,2022-01-02-08:16:29,4,0,1.483807
40,2022-01-02-08:16:30,0,4,1.499139
41,2022-01-02-08:16:32,4,0,1.485206
42,2022-01-02-08:16:35,0,6,2.872724
43,2022-01-02-08:16:37,6,3,1.996050
44,2022-01-02-08:16:39,3,0,2.349503
45,2022-01-02-08:16:41,0,7,1.918460
46,2022-01-02-08:16:44,7,2,2.720823
47,2022-01-02-08:16:46,2,7,2.544929
48,2022-01-02-08:16:49,7,2,2.555265
49,2022-01-02-08:16:51,2,4,1.747794
50,2022-01-02-08:16:54,4,6,3.401145
51,2022-01-02-08:16:57,6,0,3.543449
52,2022-01-02-08:16:59,0,1,1.051372
53,2022-01-02-08:17:01,1,3,2.186541
54,2022-01-02-08:17:03,3,6,1.929854
55,2022-01-02-08:17:05,6,5,2.660560
56,2022-01-02-08:17:07,5,0,1.881866
57,2022-01-02-08:17:09,0,5,1.922613
58,2022-01-02-08:17:11,5,1,1.929260
59,2022-01-02-08:17:12,1,0,1.031063
60,2022-01-02-08:17:14,0,3,2.422893
61,2022-01-02-08:17:17,3,7,2.183708
62,2022-01-02-08:17:21,7,3,3.924706
63,2022-01-02-08:17:24,3,6,3.395179
64,2022-01-02-08:17:27,6,1,2.793307
65,2022-01-02-08:17:28,1,7,1.647462
66,2022-01-02-08:17:31,7,5,2.781831
67,2022-01-02-08:17:33,5,1,1.922808
68,2022-01-02-08:17:35,1,2,1.928245
69,2022-01-02-08:17:38,2,6,3.195185
70,2022-01-02-08:17:42,6,0,3.463906
71,2022-01-02-08:17:43,0,1,1.045892
72,2022-01-02-08:17:46,1,6,3.587690
73,2022-01-02-08:17:50,6,1,3.574573
74,2022-01-02-08:17:52,1,3,2.236732
75,2022-01-02-08:17:55,3,2,2.582507
76,2022-01-02-08:17:57,2,1,1.954097
77,2022-01-02-08:17:59,1,6,2.627491
78,2022-01-02-08:18:02,6,7,2.591767
79,2022-01-02-08:18:04,7,0,2.127603
80,2022-01-02-08:18:05,0,1,1.034352
81,2022-01-02-08:18:09,1,6,3.556355
82,2022-01-02-08:18:12,6,2,3.162610
83,2022-01-02-08:18:15,2,6,3.088450
84,2022-01-02-08:18:18,6,2,3.139180
85,2022-01-02-08:18:21,2,3,2.623887
86,2022-01-02-08:18:23,3,5,2.210721
87,2022-01-02-08:18:25,5,3,2.459622
88,2022-01-02-08:18:27,3,4,2.030636
89,2022-01-02-08:18:29,4,0,1.486429
90,2022-01-02-08:18:32,0,6,2.757396
91,2022-01-02-08:18:35,6,4,3.693305
92,2022-01-02-08:18:37,4,2,1.988571
93,2022-01-02-08:18:40,2,3,2.853755
94,2022-01-02-08:18:43,3,5,3.037446
95,2022-01-02-08:18:46,5,7,2.553929
96,2022-01-02-08:18:49,7,0,3.062618
97,2022-01-02-08:18:51,0,7,1.926441
98,2022-01-02-08:18:55,7,4,3.947612
99,2022-01-02-08:18:58,4,0,3.667940
100,2022-01-02-08:19:00,0,2,1.693192
101,2022-01-02-08:19:02,2,5,1.523057
102,2022-01-02-08:19:04,5,0,2.190941
103,2022-01-02-08:19:05,0,4,1.480089
104,2022-01-02-08:19:07,4,0,1.492258
105,2022-01-02-08:19:09,0,7,1.894969
106,2022-01-02-08:19:10,7,1,1.677109
107,2022-01-02-08:19:12,1,4,1.289948
108,2022-01-02-08:19:13,4,0,1.488673
109,2022-01-02-08:19:15,0,5,1.837550
110,2022-01-02-08:19:18,5,6,3.100547
111,2022-01-02-08:19:21,6,2,3.096873
112,2022-01-02-08:19:23,2,4,1.789621
113,2022-01-02-08:19:25,4,3,2.085638
114,2022-01-02-08:19:28,3,5,2.992937
115,2022-01-02-08:19:30,5,1,2.119625
116,2022-01-02-08:19:31,1,0,1.028939
117,2022-01-02-08:19:33,0,7,1.936694
118,2022-01-02-08:19:37,7,2,4.331789
119,2022-01-02-08:19:41,2,5,3.649593
120,2022-01-02-08:19:43,5,1,1.881960
121,2022-01-02-08:19:44,1,4,1.300844
122,2022-01-02-08:19:46,4,3,2.090425
123,2022-01-02-08:19:48,3,4,2.129788
124,2022-01-02-08:19:50,4,7,1.895671
125,2022-01-02-08:19:54,7,6,4.026500
126,2022-01-02-08:19:58,6,7,3.943451
127,2022-01-02-08:20:02,7,6,4.015733
128,2022-01-02-08:20:06,6,3,3.301206
129,2022-01-02-08:20:09,3,1,3.497525
130,2022-01-02-08:20:12,1,6,2.664128
131,2022-01-02-08:20:14,6,5,2.684990
132,2022-01-02-08:20:16,5,1,1.889002
133,2022-01-02-08:20:19,1,3,2.287231
134,2022-01-02-08:20:21,3,0,2.425926
135,2022-01-02-08:20:25,0,6,3.438545
136,2022-01-02-08:20:28,6,7,3.950503
137,2022-01-02-08:20:30,7,0,1.924343
138,2022-01-02-08:20:32,0,5,1.927572
139,2022-01-02-08:20:35,5,7,2.560110
140,2022-01-02-08:20:38,7,5,2.849625
141,2022-01-02-08:20:40,5,0,1.991530
142,2022-01-02-08:20:41,0,4,1.480255
143,2022-01-02-08:20:45,4,2,4.060183
144,2022-01-02-08:20:47,2,4,1.785933
145,2022-01-02-08:20:50,4,2,3.337026
146,2022-01-02-08:20:52,2,1,1.962521
147,2022-01-02-08:20:54,1,4,1.294894
148,2022-01-02-08:20:55,4,0,1.547852
149,2022-01-02-08:20:56,0,1,1.046481
150,2022-01-02-08:20:58,1,4,1.323042
151,2022-01-02-08:20:59,4,5,1.747892
152,2022-01-02-08:21:01,5,0,1.889573
153,2022-01-02-08:21:04,0,3,2.597682
154,2022-01-02-08:21:06,3,0,2.385460
155,2022-01-02-08:21:08,0,7,1.950796
156,2022-01-02-08:21:13,7,2,4.766005
157,2022-01-02-08:21:17,2,0,4.242745
158,2022-01-02-08:21:20,0,3,2.522196
159,2022-01-02-08:21:22,3,4,2.031183
160,2022-01-02-08:21:24,4,3,2.031617
161,2022-01-02-08:21:28,3,4,3.928141
162,2022-01-02-08:21:31,4,0,3.824102
163,2022-01-02-08:21:33,0,1,1.045494
164,2022-01-02-08:21:34,1,4,1.280822
165,2022-01-02-08:21:35,4,0,1.482667
166,2022-01-02-08:21:38,0,3,2.521945
167,2022-01-02-08:21:40,3,1,2.329933
168,2022-01-02-08:21:44,1,6,3.528457
169,2022-01-02-08:21:47,6,4,3.642704
170,2022-01-02-08:21:49,4,2,1.842570
171,2022-01-02-08:21:52,2,3,2.587800
172,2022-01-02-08:21:54,3,4,2.070072
173,2022-01-02-08:21:56,4,3,2.045563
174,2022-01-02-08:21:58,3,6,1.948667
175,2022-01-02-08:22:00,6,3,2.025820
176,2022-01-02-08:22:02,3,1,2.334367
177,2022-01-02-08:22:03,1,0,1.048302
178,2022-01-02-08:22:05,0,5,1.919942
179,2022-01-02-08:22:07,5,2,1.518820
180,2022-01-02-08:22:10,2,6,3.145104
181,2022-01-02-08:22:13,6,1,3.539779
182,2022-01-02-08:22:16,1,3,2.320915
183,2022-01-02-08:22:18,3,5,2.223138
184,2022-01-02-08:22:20,5,1,1.881598
185,2022-01-02-08:22:22,1,3,2.332025
186,2022-01-02-08:22:26,3,2,4.289891
187,2022-01-02-08:22:30,2,5,3.758161
188,2022-01-02-08:22:32,5,1,1.952191
189,2022-01-02-08:22:34,1,3,2.269276
190,2022-01-02-08:22:37,3,5,2.426904
191,2022-01-02-08:22:39,5,7,2.557915
192,2022-01-02-08:22:43,7,3,3.251317
193,2022-01-02-08:22:45,3,4,2.083006
194,2022-01-02-08:22:46,4,1,1.281723
195,2022-01-02-08:22:48,1,2,1.964711
196,2022-01-02-08:22:51,2,6,3.328108
197,2022-01-02-08:22:54,6,7,2.625792
198,2022-01-02-08:22:57,7,3,3.224037
199,2022-01-02-08:23:00,3,0,2.447342
200,2022-01-02-08:23:02,0,5,1.993478
201,2022-01-02-08:23:03,5,0,1.931798
202,2022-01-02-08:23:05,0,2,1.730456
203,2022-01-02-08:23:07,2,0,1.695788
204,2022-01-02-08:23:09,0,5,1.905264
205,2022-01-02-08:23:12,5,6,3.136370
206,2022-01-02-08:23:16,6,1,3.902211
207,2022-01-02-08:23:18,1,5,1.986825
208,2022-01-02-08:23:20,5,2,1.886788
209,2022-01-02-08:23:22,2,3,2.672203
210,2022-01-02-08:23:25,3,4,2.227605
211,2022-01-02-08:23:29,4,2,4.050253
212,2022-01-02-08:23:33,2,3,4.262538
213,2022-01-02-08:23:36,3,7,3.298967
214,2022-01-02-08:23:40,7,1,3.330581
215,2022-01-02-08:23:42,1,3,2.236362
216,2022-01-02-08:23:44,3,1,2.611844
217,2022-01-02-08:23:46,1,2,1.986986
218,2022-01-02-08:23:48,2,1,1.938599
219,2022-01-02-08:23:52,1,6,3.666292
220,2022-01-02-08:23:55,6,3,3.168845
221,2022-01-02-08:23:58,3,0,3.270342
222,2022-01-02-08:24:01,0,6,2.862623
223,2022-01-02-08:24:03,6,3,2.022620
224,2022-01-02-08:24:06,3,1,2.285268
225,2022-01-02-08:24:07,1,4,1.317047
226,2022-01-02-08:24:08,4,1,1.329651
227,2022-01-02-08:24:10,1,4,1.319466
228,2022-01-02-08:24:11,4,5,1.757608
229,2022-01-02-08:24:14,5,3,2.988971
230,2022-01-02-08:24:17,3,2,2.941013
231,2022-01-02-08:24:20,2,3,2.785036
232,2022-01-02-08:24:22,3,1,2.318843
233,2022-01-02-08:24:24,1,5,1.935157
234,2022-01-02-08:24:28,5,2,3.593897
235,2022-01-02-08:24:32,2,1,4.240068
236,2022-01-02-08:24:35,1,6,2.650665
237,2022-01-02-08:24:37,6,1,2.645645
238,2022-01-02-08:24:39,1,5,1.989760
239,2022-01-02-08:24:42,5,1,2.205946
240,2022-01-02-08:24:44,1,2,1.942569
241,2022-01-02-08:24:46,2,3,2.591399
242,2022-01-02-08:24:48,3,0,2.294262
243,2022-01-02-08:24:52,0,6,3.462633
244,2022-01-02-08:24:55,6,2,3.245823
245,2022-01-02-08:24:59,2,1,4.100614
246,2022-01-02-08:25:01,1,7,1.641556
247,2022-01-02-08:25:03,7,6,2.541009
248,2022-01-02-08:25:06,6,0,2.837045
249,2022-01-02-08:25:08,0,7,1.929294
250,2022-01-02-08:25:10,7,1,1.721668
251,2022-01-02-08:25:11,1,0,1.027655
252,2022-01-02-08:25:13,0,3,2.474785
253,2022-01-02-08:25:16,3,5,2.320446
254,2022-01-02-08:25:18,5,0,1.930137
255,2022-01-02-08:25:19,0,1,1.022707
256,2022-01-02-08:25:21,1,3,2.211141
257,2022-01-02-08:25:23,3,1,2.226225
258,2022-01-02-08:25:25,1,5,2.134335
259,2022-01-02-08:25:28,5,6,3.090054
260,2022-01-02-08:25:32,6,0,3.564309
261,2022-01-02-08:25:33,0,4,1.525539
262,2022-01-02-08:25:37,4,6,3.433086
263,2022-01-02-08:25:40,6,3,3.122381
264,2022-01-02-08:25:44,3,4,3.601910
265,2022-01-02-08:25:47,4,6,3.425674
266,2022-01-02-08:25:50,6,5,3.128008
267,2022-01-02-08:25:52,5,1,1.927954
268,2022-01-02-08:25:54,1,7,1.716851
269,2022-01-02-08:25:58,7,2,4.366519
270,2022-01-02-08:26:00,2,4,1.815890
271,2022-01-02-08:26:03,4,5,3.314685
272,2022-01-02-08:26:05,5,2,1.520735
273,2022-01-02-08:26:07,2,4,1.835826
274,2022-01-02-08:26:10,4,6,3.400956
275,2022-01-02-08:26:14,6,4,3.598609
276,2022-01-02-08:26:16,4,3,2.050422
277,2022-01-02-08:26:18,3,1,2.223550
278,2022-01-02-08:26:20,1,5,2.019175
279,2022-01-02-08:26:22,5,1,1.921124
280,2022-01-02-08:26:25,1,6,3.548839
281,2022-01-02-08:26:29,6,4,3.497104
282,2022-01-02-08:26:31,4,7,1.859118
283,2022-01-02-08:26:32,7,1,1.668707
284,2022-01-02-08:26:34,1,7,1.641176
285,2022-01-02-08:26:37,7,5,2.583688
286,2022-01-02-08:26:39,5,0,2.021420
287,2022-01-02-08:26:40,0,2,1.726685
288,2022-01-02-08:26:42,2,1,1.894500
289,2022-01-02-08:26:44,1,4,1.278452
290,2022-01-02-08:26:46,4,3,2.033689
291,2022-01-02-08:26:48,3,6,2.034777
292,2022-01-02-08:26:50,6,4,2.624589
293,2022-01-02-08:26:52,4,3,2.042364
294,2022-01-02-08:26:55,3,1,2.344817
295,2022-01-02-08:26:57,1,5,2.004088
296,2022-01-02-08:27:00,5,4,3.546923
297,2022-01-02-08:27:04,4,0,3.839252
298,2022-01-02-08:27:05,0,1,1.050367
299,2022-01-02-08:27:07,1,7,1.695017
300,2022-01-02-08:27:09,7,4,1.855023
301,2022-01-02-08:27:11,4,2,2.139584
302,2022-01-02-08:27:14,2,3,2.658004
303,2022-01-02-08:27:16,3,2,2.588873
304,2022-01-02-08:27:18,2,1,1.941791
305,2022-01-02-08:27:20,1,7,1.724124
306,2022-01-02-08:27:22,7,4,1.921908
307,2022-01-02-08:27:24,4,7,1.860576
308,2022-01-02-08:27:27,7,5,3.137602
309,2022-01-02-08:27:29,5,0,2.024824
310,2022-01-02-08:27:31,0,3,2.465734
311,2022-01-02-08:27:34,3,5,2.322289
312,2022-01-02-08:27:37,5,6,3.228691
313,2022-01-02-08:27:40,6,3,3.638082
314,2022-01-02-08:27:44,3,7,3.223227
315,2022-01-02-08:27:47,7,4,3.032753
316,2022-01-02-08:27:49,4,3,2.099139
317,2022-01-02-08:27:51,3,0,2.436564
318,2022-01-02-08:27:53,0,7,1.930142
319,2022-01-02-08:27:55,7,3,2.226301
320,2022-01-02-08:27:58,3,5,2.393338
321,2022-01-02-08:28:01,5,6,3.094997
322,2022-01-02-08:28:04,6,1,3.640014
323,2022-01-02-08:28:05,1,0,1.039455
324,2022-01-02-08:28:07,0,5,1.928712
325,2022-01-02-08:28:10,5,6,2.653745
326,2022-01-02-08:28:14,6,4,3.806086
327,2022-01-02-08:28:18,4,1,3.876625
328,2022-01-02-08:28:20,1,2,1.956725
329,2022-01-02-08:28:22,2,1,1.931035
330,2022-01-02-08:28:24,1,3,2.264449
331,2022-01-02-08:28:26,3,6,1.995704
332,2022-01-02-08:28:28,6,3,2.017842
333,2022-01-02-08:28:30,3,1,2.256859
334,2022-01-02-08:28:31,1,0,1.024127
335,2022-01-02-08:28:33,0,2,1.719476
336,2022-01-02-08:28:35,2,4,1.805780
337,2022-01-02-08:28:37,4,3,2.058705
338,2022-01-02-08:28:39,3,4,2.035250
339,2022-01-02-08:28:42,4,6,3.437171
340,2022-01-02-08:28:46,6,1,3.747400
341,2022-01-02-08:28:48,1,5,1.904865
342,2022-01-02-08:28:50,5,7,2.552900
343,2022-01-02-08:28:54,7,1,3.240248
344,2022-01-02-08:28:56,1,3,2.644354
345,2022-01-02-08:28:59,3,5,2.191866
346,2022-01-02-08:29:02,5,4,3.430762
347,2022-01-02-08:29:06,4,1,3.925029
348,2022-01-02-08:29:08,1,5,2.019584
349,2022-01-02-08:29:10,5,2,1.746398
350,2022-01-02-08:29:11,2,5,1.490307
351,2022-01-02-08:29:13,5,2,1.794504
352,2022-01-02-08:29:15,2,4,1.753091
353,2022-01-02-08:29:17,4,3,2.055360
354,2022-01-02-08:29:19,3,4,2.044912
355,2022-01-02-08:29:23,4,2,4.071639
356,2022-01-02-08:29:27,2,5,3.833831
357,2022-01-02-08:29:29,5,1,1.953216
358,2022-01-02-08:29:31,1,5,2.089080
359,2022-01-02-08:29:34,5,2,3.655200
360,2022-01-02-08:29:39,2,1,4.248221
361,2022-01-02-08:29:40,1,4,1.335576
362,2022-01-02-08:29:44,4,2,4.037797
363,2022-01-02-08:29:47,2,6,3.087917
364,2022-01-02-08:29:51,6,3,3.817401
365,2022-01-02-08:29:53,3,6,2.022405
366,2022-01-02-08:29:57,6,2,4.115069
367,2022-01-02-08:30:00,2,6,3.098827
368,2022-01-02-08:30:04,6,3,3.733704
369,2022-01-02-08:30:07,3,2,2.595078
370,2022-01-02-08:30:08,2,5,1.484864
371,2022-01-02-08:30:10,5,1,1.991101
372,2022-01-02-08:30:12,1,3,2.261412
373,2022-01-02-08:30:15,3,1,2.505268
374,2022-01-02-08:30:18,1,6,3.552512
375,2022-01-02-08:30:22,6,5,3.292023
376,2022-01-02-08:30:23,5,4,1.886058
377,2022-01-02-08:30:26,4,3,2.060669
378,2022-01-02-08:30:28,3,2,2.697872
379,2022-01-02-08:30:31,2,6,3.120899
380,2022-01-02-08:30:34,6,0,2.802498
381,2022-01-02-08:30:35,0,1,1.087776
382,2022-01-02-08:30:39,1,3,3.547392
383,2022-01-02-08:30:43,3,7,3.763824
384,2022-01-02-08:30:44,7,0,1.893110
385,2022-01-02-08:30:47,0,6,2.806703
386,2022-01-02-08:30:50,6,0,2.945352
387,2022-01-02-08:30:52,0,4,1.518808
388,2022-01-02-08:30:53,4,0,1.519372
389,2022-01-02-08:30:56,0,6,2.782893
390,2022-01-02-08:30:59,6,0,2.810543
391,2022-01-02-08:31:01,0,5,1.927267
392,2022-01-02-08:31:03,5,0,1.889357
393,2022-01-02-08:31:06,0,6,3.503890
394,2022-01-02-08:31:10,6,0,3.458221
395,2022-01-02-08:31:12,0,6,2.790666
396,2022-01-02-08:31:16,6,4,3.771578
397,2022-01-02-08:31:19,4,2,3.197972
398,2022-01-02-08:31:21,2,4,1.736564
399,2022-01-02-08:31:23,4,0,1.542783
400,2022-01-02-08:31:25,0,6,2.804966
401,2022-01-02-08:31:27,6,3,1.951000
402,2022-01-02-08:31:30,3,4,2.201947
403,2022-01-02-08:31:33,4,6,3.433107
404,2022-01-02-08:31:36,6,4,3.431524
405,2022-01-02-08:31:38,4,0,1.522078
406,2022-01-02-08:31:39,0,1,1.065856
407,2022-01-02-08:31:41,1,2,1.988943
408,2022-01-02-08:31:43,2,1,1.950684
409,2022-01-02-08:31:44,1,0,1.038505
410,2022-01-02-08:31:48,0,6,3.476097
411,2022-01-02-08:31:50,6,7,2.646608
412,2022-01-02-08:31:53,7,3,3.240245
413,2022-01-02-08:31:56,3,5,2.218343
414,2022-01-02-08:31:57,5,4,1.845787
415,2022-01-02-08:32:00,4,3,2.133799
416,2022-01-02-08:32:02,3,0,2.407386
417,2022-01-02-08:32:04,0,5,2.245207
418,2022-01-02-08:32:06,5,4,2.187422
419,2022-01-02-08:32:10,4,6,3.428534
420,2022-01-02-08:32:13,6,5,3.133905
421,2022-01-02-08:32:15,5,1,1.992265
422,2022-01-02-08:32:18,1,6,2.660100
423,2022-01-02-08:32:20,6,3,1.998730
424,2022-01-02-08:32:22,3,5,2.208112
425,2022-01-02-08:32:24,5,2,1.647187
426,2022-01-02-08:32:25,2,5,1.523088
427,2022-01-02-08:32:27,5,1,1.962448
428,2022-01-02-08:32:28,1,0,1.066527
429,2022-01-02-08:32:30,0,4,1.523915
430,2022-01-02-08:32:31,4,5,1.761495
431,2022-01-02-08:32:33,5,4,1.726489
432,2022-01-02-08:32:34,4,1,1.323336
433,2022-01-02-08:32:35,1,0,1.062961
434,2022-01-02-08:32:37,0,7,1.924950
435,2022-01-02-08:32:40,7,3,2.158031
436,2022-01-02-08:32:44,3,4,4.035081
437,2022-01-02-08:32:47,4,0,3.747934
438,2022-01-02-08:32:49,0,2,1.708781
439,2022-01-02-08:32:52,2,7,2.594038
440,2022-01-02-08:32:54,7,5,2.640116
441,2022-01-02-08:32:56,5,0,1.988645
442,2022-01-02-08:32:58,0,7,1.926572
443,2022-01-02-08:33:00,7,0,2.110043
444,2022-01-02-08:33:02,0,5,1.918778
445,2022-01-02-08:33:04,5,1,1.930946
446,2022-01-02-08:33:05,1,4,1.296700
447,2022-01-02-08:33:07,4,7,1.892120
448,2022-01-02-08:33:10,7,5,2.664648
449,2022-01-02-08:33:12,5,4,1.942453
450,2022-01-02-08:33:13,4,0,1.534527
451,2022-01-02-08:33:15,0,7,1.995927
452,2022-01-02-08:33:18,7,2,2.652809
453,2022-01-02-08:33:20,2,5,1.530673
454,2022-01-02-08:33:23,5,6,3.192017
455,2022-01-02-08:33:27,6,1,3.678880
456,2022-01-02-08:33:30,1,6,3.657993
457,2022-01-02-08:33:34,6,4,3.392720
458,2022-01-02-08:33:38,4,0,4.004865
459,2022-01-02-08:33:40,0,7,1.923209
460,2022-01-02-08:33:42,7,2,2.553786
461,2022-01-02-08:33:44,2,0,1.776624
462,2022-01-02-08:33:46,0,2,1.690800
463,2022-01-02-08:33:47,2,5,1.522730
464,2022-01-02-08:33:50,5,7,2.589297
465,2022-01-02-08:33:53,7,1,3.245513
466,2022-01-02-08:33:55,1,5,1.926297
467,2022-01-02-08:33:57,5,3,2.234760
468,2022-01-02-08:33:59,3,0,2.334664
469,2022-01-02-08:34:02,0,6,2.823279
470,2022-01-02-08:34:05,6,5,2.729206
471,2022-01-02-08:34:07,5,4,1.902012
472,2022-01-02-08:34:08,4,1,1.353163
473,2022-01-02-08:34:10,1,4,1.295993
474,2022-01-02-08:34:11,4,7,1.847007
475,2022-01-02-08:34:14,7,6,2.624612
476,2022-01-02-08:34:16,6,3,1.956577
477,2022-01-02-08:34:19,3,7,3.326939
478,2022-01-02-08:34:22,7,4,3.132226
479,2022-01-02-08:34:26,4,6,3.473832
480,2022-01-02-08:34:29,6,5,3.438127
481,2022-01-02-08:34:31,5,4,1.796808
482,2022-01-02-08:34:33,4,0,1.484695
483,2022-01-02-08:34:35,0,5,1.987902
484,2022-01-02-08:34:37,5,6,2.662654
485,2022-01-02-08:34:40,6,4,2.642500
486,2022-01-02-08:34:42,4,3,2.066678
487,2022-01-02-08:34:45,3,7,3.226009
488,2022-01-02-08:34:48,7,0,3.094854
489,2022-01-02-08:34:50,0,7,1.918661
490,2022-01-02-08:34:52,7,4,1.878189
491,2022-01-02-08:34:54,4,3,2.103441
492,2022-01-02-08:34:57,3,7,3.291828
493,2022-01-02-08:35:00,7,6,2.572296
494,2022-01-02-08:35:04,6,4,3.488206
495,2022-01-02-08:35:06,4,6,2.626752
496,2022-01-02-08:35:10,6,4,3.757642
497,2022-01-02-08:35:14,4,0,3.814767
498,2022-01-02-08:35:17,0,6,3.440132
499,2022-01-02-08:35:20,6,7,2.640316
500,2022-01-02-08:35:23,7,0,3.102497
501,2022-01-02-08:35:25,0,3,2.532817
502,2022-01-02-08:35:28,3,4,2.404096
503,2022-01-02-08:35:30,4,6,2.619486
504,2022-01-02-08:35:33,6,4,2.629276
505,2022-01-02-08:35:35,4,5,1.771388
506,2022-01-02-08:35:37,5,0,1.917885
507,2022-01-02-08:35:39,0,7,1.935913
508,2022-01-02-08:35:41,7,5,2.599017
509,2022-01-02-08:35:44,5,6,3.051222
510,2022-01-02-08:35:48,6,3,3.706458
511,2022-01-02-08:35:53,3,2,4.437813
512,2022-01-02-08:35:55,2,3,2.727193
513,2022-01-02-08:35:58,3,2,2.975280
514,2022-01-02-08:36:00,2,0,1.698095
515,2022-01-02-08:36:03,0,6,3.497802
516,2022-01-02-08:36:07,6,5,3.155697
517,2022-01-02-08:36:08,5,2,1.501424
518,2022-01-02-08:36:11,2,6,3.143224
519,2022-01-02-08:36:13,6,3,2.057983
520,2022-01-02-08:36:15,3,6,1.995843
521,2022-01-02-08:36:18,6,7,2.742051
522,2022-01-02-08:36:22,7,2,4.332983
523,2022-01-02-08:36:26,2,6,3.167288
524,2022-01-02-08:36:30,6,7,3.995593
525,2022-01-02-08:36:32,7,0,2.129326
526,2022-01-02-08:36:33,0,1,1.042828
527,2022-01-02-08:36:35,1,5,1.918198
528,2022-01-02-08:36:36,5,0,1.864975
529,2022-01-02-08:36:38,0,1,1.050943
530,2022-01-02-08:36:40,1,5,2.030306
531,2022-01-02-08:36:42,5,3,2.188952
532,2022-01-02-08:36:45,3,7,3.306838
533,2022-01-02-08:36:48,7,0,3.106715
534,2022-01-02-08:36:49,0,1,1.093042
535,2022-01-02-08:36:51,1,4,1.295960
536,2022-01-02-08:36:52,4,7,1.844752
537,2022-01-02-08:36:54,7,1,1.653738
538,2022-01-02-08:36:56,1,5,1.986073
539,2022-01-02-08:36:58,5,3,2.252392
540,2022-01-02-08:37:01,3,0,2.434791
541,2022-01-02-08:37:02,0,1,1.056721
542,2022-01-02-08:37:04,1,5,2.260323
543,2022-01-02-08:37:08,5,2,3.700964
544,2022-01-02-08:37:12,2,7,4.457852
545,2022-01-02-08:37:15,7,6,2.608337
546,2022-01-02-08:37:17,6,7,2.596435
547,2022-01-02-08:37:19,7,1,1.647713
548,2022-01-02-08:37:21,1,5,2.024303
549,2022-01-02-08:37:24,5,6,3.055531
550,2022-01-02-08:37:27,6,4,3.203087
551,2022-01-02-08:37:31,4,7,4.092462
552,2022-01-02-08:37:34,7,6,2.704803
553,2022-01-02-08:37:37,6,7,3.299147
554,2022-01-02-08:37:40,7,2,2.639612
555,2022-01-02-08:37:42,2,5,1.532855
556,2022-01-02-08:37:44,5,1,2.027507
557,2022-01-02-08:37:46,1,5,1.946141
558,2022-01-02-08:37:49,5,6,3.095707
559,2022-01-02-08:37:52,6,4,3.744516
560,2022-01-02-08:37:54,4,5,1.753983
561,2022-01-02-08:37:57,5,3,2.398330
562,2022-01-02-08:37:59,3,5,2.347247
563,2022-01-02-08:38:02,5,6,2.714870
564,2022-01-02-08:38:05,6,0,3.039004
565,2022-01-02-08:38:07,0,3,2.405640
566,2022-01-02-08:38:10,3,2,2.693279
567,2022-01-02-08:38:11,2,5,1.523543
568,2022-01-02-08:38:13,5,1,2.120584
569,2022-01-02-08:38:14,1,0,1.048394
570,2022-01-02-08:38:16,0,5,1.922201
571,2022-01-02-08:38:20,5,4,3.462266
572,2022-01-02-08:38:24,4,1,3.919893
573,2022-01-02-08:38:26,1,3,2.221008
574,2022-01-02-08:38:29,3,0,2.516886
575,2022-01-02-08:38:32,0,3,3.430341
576,2022-01-02-08:38:36,3,7,3.827436
577,2022-01-02-08:38:40,7,4,4.128993
578,2022-01-02-08:38:44,4,0,3.606852
579,2022-01-02-08:38:45,0,4,1.519883
580,2022-01-02-08:38:48,4,6,3.440262
581,2022-01-02-08:38:52,6,2,3.106439
582,2022-01-02-08:38:53,2,5,1.516960
583,2022-01-02-08:38:56,5,4,3.331882
584,2022-01-02-08:39:00,4,7,3.200929
585,2022-01-02-08:39:02,7,5,2.672733
586,2022-01-02-08:39:05,5,6,3.074421
587,2022-01-02-08:39:09,6,3,3.780397
588,2022-01-02-08:39:12,3,5,2.799875
589,2022-01-02-08:39:15,5,3,3.037237
590,2022-01-02-08:39:19,3,6,3.546857
591,2022-01-02-08:39:21,6,0,2.857217
592,2022-01-02-08:39:23,0,4,1.486600
593,2022-01-02-08:39:26,4,6,3.444866
594,2022-01-02-08:39:30,6,0,3.502760
595,2022-01-02-08:39:31,0,4,1.532948
596,2022-01-02-08:39:33,4,1,1.338925
597,2022-01-02-08:39:34,1,0,1.103685
598,2022-01-02-08:39:36,0,3,2.399582
599,2022-01-02-08:39:39,3,0,2.367919
600,2022-01-02-08:39:41,0,5,1.938627
601,2022-01-02-08:39:43,5,7,2.648835
602,2022-01-02-08:39:46,7,5,2.690138
603,2022-01-02-08:39:48,5,4,1.804600
604,2022-01-02-08:39:49,4,0,1.531746
605,2022-01-02-08:39:51,0,2,1.787364
606,2022-01-02-08:39:53,2,5,1.542017
607,2022-01-02-08:39:54,5,2,1.630776
608,2022-01-02-08:39:57,2,6,3.249351
609,2022-01-02-08:40:01,6,5,3.296718
610,2022-01-02-08:40:03,5,1,2.022554
611,2022-01-02-08:40:04,1,7,1.730367
612,2022-01-02-08:40:06,7,0,1.987585
613,2022-01-02-08:40:08,0,2,1.727354
614,2022-01-02-08:40:11,2,6,3.305720
615,2022-01-02-08:40:15,6,5,3.415302
616,2022-01-02-08:40:17,5,0,1.911336
617,2022-01-02-08:40:20,0,6,2.780500
618,2022-01-02-08:40:23,6,4,3.794331
619,2022-01-02-08:40:27,4,6,3.702123
620,2022-01-02-08:40:30,6,7,2.625359
621,2022-01-02-08:40:32,7,2,2.601300
622,2022-01-02-08:40:35,2,3,3.164941
623,2022-01-02-08:40:38,3,4,2.186636
624,2022-01-02-08:40:41,4,0,3.600752
625,2022-01-02-08:40:42,0,1,1.029834
626,2022-01-02-08:40:43,1,0,1.051478
627,2022-01-02-08:40:45,0,4,1.528695
628,2022-01-02-08:40:48,4,6,3.460372
629,2022-01-02-08:40:52,6,0,3.445323
630,2022-01-02-08:40:54,0,5,2.273065
631,2022-01-02-08:40:57,5,7,2.591369
632,2022-01-02-08:41:00,7,0,2.995587
633,2022-01-02-08:41:01,0,4,1.514373
634,2022-01-02-08:41:03,4,7,1.857716
635,2022-01-02-08:41:05,7,0,1.964684
636,2022-01-02-08:41:08,0,6,3.451379
637,2022-01-02-08:41:12,6,0,3.474764
638,2022-01-02-08:41:15,0,3,3.346901
639,2022-01-02-08:41:19,3,1,3.455326
640,2022-01-02-08:41:21,1,2,1.999359
641,2022-01-02-08:41:24,2,3,3.007599
642,2022-01-02-08:41:27,3,2,2.789867
643,2022-01-02-08:41:30,2,5,3.610546
644,2022-01-02-08:41:34,5,4,3.846187
645,2022-01-02-08:41:36,4,2,1.964790
646,2022-01-02-08:41:40,2,0,4.139723
647,2022-01-02-08:41:42,0,3,2.343934
648,2022-01-02-08:41:45,3,0,2.429640
649,2022-01-02-08:41:47,0,2,1.729394
650,2022-01-02-08:41:49,2,3,2.633955
651,2022-01-02-08:41:53,3,7,3.324664
652,2022-01-02-08:41:56,7,1,3.341895
653,2022-01-02-08:41:57,1,0,1.088529
654,2022-01-02-08:42:00,0,6,3.527022
655,2022-01-02-08:42:04,6,5,3.098613
656,2022-01-02-08:42:06,5,3,2.313959
657,2022-01-02-08:42:08,3,7,2.127202
658,2022-01-02-08:42:10,7,1,1.731109
659,2022-01-02-08:42:12,1,3,2.189685
660,2022-01-02-08:42:14,3,4,2.142938
661,2022-01-02-08:42:18,4,2,4.076711
662,2022-01-02-08:42:20,2,4,1.846959
663,2022-01-02-08:42:24,4,6,3.755878
664,2022-01-02-08:42:27,6,2,3.163894
665,2022-01-02-08:42:29,2,0,1.727810
666,2022-01-02-08:42:31,0,3,2.382342
667,2022-01-02-08:42:34,3,7,3.275667
668,2022-01-02-08:42:37,7,2,2.886068
669,2022-01-02-08:42:39,2,0,1.737760
670,2022-01-02-08:42:40,0,4,1.529969
671,2022-01-02-08:42:42,4,7,1.931997
672,2022-01-02-08:42:46,7,6,4.003363
673,2022-01-02-08:42:50,6,1,3.618656
674,2022-01-02-08:42:54,1,3,3.503210
675,2022-01-02-08:42:57,3,1,3.743761
676,2022-01-02-08:42:59,1,5,1.925819
677,2022-01-02-08:43:01,5,1,1.931585
678,2022-01-02-08:43:03,1,7,1.666267
679,2022-01-02-08:43:05,7,2,2.611309
680,2022-01-02-08:43:09,2,6,3.154523
681,2022-01-02-08:43:12,6,2,3.239560
682,2022-01-02-08:43:15,2,5,3.674850
683,2022-01-02-08:43:19,5,2,3.720631
684,2022-01-02-08:43:23,2,6,4.075089
685,2022-01-02-08:43:26,6,4,2.630159
686,2022-01-02-08:43:29,4,6,3.545297
687,2022-01-02-08:43:33,6,4,3.254656
688,2022-01-02-08:43:35,4,2,1.831973
689,2022-01-02-08:43:38,2,5,3.676015
690,2022-01-02-08:43:42,5,3,3.269573
691,2022-01-02-08:43:45,3,6,3.152819
692,2022-01-02-08:43:48,6,1,3.601238
693,2022-01-02-08:43:49,1,0,1.059325
694,2022-01-02-08:43:51,0,5,1.927937
695,2022-01-02-08:43:54,5,7,2.537215
696,2022-01-02-08:43:57,7,4,3.150139
697,2022-01-02-08:43:58,4,1,1.321115
698,2022-01-02-08:44:01,1,3,2.287665
699,2022-01-02-08:44:03,3,5,2.207963
700,2022-01-02-08:44:04,5,2,1.526780
701,2022-01-02-08:44:06,2,5,1.507942
702,2022-01-02-08:44:07,5,2,1.654907
703,2022-01-02-08:44:10,2,3,2.773817
704,2022-01-02-08:44:13,3,5,2.421317
705,2022-01-02-08:44:15,5,3,2.220172
706,2022-01-02-08:44:19,3,2,4.215118
707,2022-01-02-08:44:23,2,1,4.424547
708,2022-01-02-08:44:25,1,4,1.319104
709,2022-01-02-08:44:27,4,5,1.739661
710,2022-01-02-08:44:28,5,4,1.799004
711,2022-01-02-08:44:30,4,5,1.777567
712,2022-01-02-08:44:32,5,3,2.191793
713,2022-01-02-08:44:34,3,4,2.151178
714,2022-01-02-08:44:36,4,7,1.883519
715,2022-01-02-08:44:39,7,2,2.991293
716,2022-01-02-08:44:41,2,0,1.696545
717,2022-01-02-08:44:43,0,2,1.705730
718,2022-01-02-08:44:45,2,1,1.965296
719,2022-01-02-08:44:47,1,2,1.998622
720,2022-01-02-08:44:50,2,3,3.234744
721,2022-01-02-08:44:53,3,5,3.108742
722,2022-01-02-08:44:56,5,7,2.610336
723,2022-01-02-08:44:59,7,2,2.908621
724,2022-01-02-08:45:02,2,6,3.132178
725,2022-01-02-08:45:04,6,1,2.704888
726,2022-01-02-08:45:06,1,4,1.326957
727,2022-01-02-08:45:07,4,0,1.546403
728,2022-01-02-08:45:10,0,3,2.489176
729,2022-01-02-08:45:12,3,0,2.434938
730,2022-01-02-08:45:14,0,4,1.522498
731,2022-01-02-08:45:16,4,7,1.925514
732,2022-01-02-08:45:20,7,4,4.303652
733,2022-01-02-08:45:24,4,5,3.538838
734,2022-01-02-08:45:26,5,1,2.068628
735,2022-01-02-08:45:28,1,3,2.398479
736,2022-01-02-08:45:31,3,0,2.726511
737,2022-01-02-08:45:33,0,7,1.926512
738,2022-01-02-08:45:34,7,1,1.726083
739,2022-01-02-08:45:37,1,3,2.250689
740,2022-01-02-08:45:39,3,0,2.539567
741,2022-01-02-08:45:42,0,3,3.314155
742,2022-01-02-08:45:46,3,5,3.262145
743,2022-01-02-08:45:48,5,7,2.574988
744,2022-01-02-08:45:51,7,6,2.595533
745,2022-01-02-08:45:53,6,7,2.569965
746,2022-01-02-08:45:57,7,3,3.248713
747,2022-01-02-08:45:59,3,4,2.094649
748,2022-01-02-08:46:00,4,0,1.534619
749,2022-01-02-08:46:02,0,7,1.964338
750,2022-01-02-08:46:05,7,5,2.895716
751,2022-01-02-08:46:07,5,0,1.885704
752,2022-01-02-08:46:09,0,5,2.000609
753,2022-01-02-08:46:11,5,1,1.988169
754,2022-01-02-08:46:13,1,2,2.005228
755,2022-01-02-08:46:15,2,0,1.699354
756,2022-01-02-08:46:17,0,5,1.886091
757,2022-01-02-08:46:20,5,2,3.703150
758,2022-01-02-08:46:22,2,4,1.829490
759,2022-01-02-08:46:25,4,6,3.259846
760,2022-01-02-08:46:29,6,4,3.431569
761,2022-01-02-08:46:32,4,2,3.240685
762,2022-01-02-08:46:35,2,3,2.726533
763,2022-01-02-08:46:39,3,2,4.480920
764,2022-01-02-08:46:43,2,0,3.917438
765,2022-01-02-08:46:45,0,5,1.990796
766,2022-01-02-08:46:48,5,0,2.308023
767,2022-01-02-08:46:49,0,5,1.904562
768,2022-01-02-08:46:52,5,7,2.621965
769,2022-01-02-08:46:55,7,2,3.041179
770,2022-01-02-08:47:00,2,7,4.426590
771,2022-01-02-08:47:02,7,3,2.268940
772,2022-01-02-08:47:04,3,6,2.074129
773,2022-01-02-08:47:06,6,3,2.025566
774,2022-01-02-08:47:08,3,4,2.162082
775,2022-01-02-08:47:10,4,5,1.773639
776,2022-01-02-08:47:11,5,2,1.526028
777,2022-01-02-08:47:14,2,7,2.617409
778,2022-01-02-08:47:17,7,4,3.263343
779,2022-01-02-08:47:19,4,3,2.176020
780,2022-01-02-08:47:23,3,0,3.451104
781,2022-01-02-08:47:25,0,5,2.009827
782,2022-01-02-08:47:28,5,4,3.295129
783,2022-01-02-08:47:32,4,1,3.926303
784,2022-01-02-08:47:34,1,3,2.244772
785,2022-01-02-08:47:37,3,5,2.201134
786,2022-01-02-08:47:39,5,1,2.028026
787,2022-01-02-08:47:40,1,7,1.721532
788,2022-01-02-08:47:44,7,4,4.089541
789,2022-01-02-08:47:48,4,5,3.536029
790,2022-01-02-08:47:51,5,6,3.114271
791,2022-01-02-08:47:55,6,0,3.701024
792,2022-01-02-08:47:56,0,1,1.122168
793,2022-01-02-08:47:59,1,6,2.727477
794,2022-01-02-08:48:02,6,5,2.989119
795,2022-01-02-08:48:03,5,4,1.808431
796,2022-01-02-08:48:05,4,1,1.325493
797,2022-01-02-08:48:07,1,2,1.958353
798,2022-01-02-08:48:09,2,1,1.968121
799,2022-01-02-08:48:11,1,6,2.700843
800,2022-01-02-08:48:14,6,1,2.833194
801,2022-01-02-08:48:16,1,7,1.763735
802,2022-01-02-08:48:19,7,5,3.061174
803,2022-01-02-08:48:21,5,2,1.548266
804,2022-01-02-08:48:23,2,1,1.976627
805,2022-01-02-08:48:24,1,5,1.944454
806,2022-01-02-08:48:26,5,1,1.956434
807,2022-01-02-08:48:29,1,3,2.272600
808,2022-01-02-08:48:31,3,0,2.435169
809,2022-01-02-08:48:34,0,3,3.335154
810,2022-01-02-08:48:37,3,2,2.932936
811,2022-01-02-08:48:39,2,1,1.952209
812,2022-01-02-08:48:41,1,0,1.145355
813,2022-01-02-08:48:42,0,1,1.122145
814,2022-01-02-08:48:43,1,4,1.362859
815,2022-01-02-08:48:46,4,6,3.446625
816,2022-01-02-08:48:50,6,3,3.749643
817,2022-01-02-08:48:52,3,5,2.235638
818,2022-01-02-08:48:55,5,3,2.367079
819,2022-01-02-08:48:57,3,5,2.126391
820,2022-01-02-08:48:59,5,0,1.907100
821,2022-01-02-08:49:01,0,3,2.556022
822,2022-01-02-08:49:04,3,1,2.523153
823,2022-01-02-08:49:06,1,2,2.045003
824,2022-01-02-08:49:09,2,3,3.103052
825,2022-01-02-08:49:12,3,6,3.202972
826,2022-01-02-08:49:16,6,1,3.576664
827,2022-01-02-08:49:18,1,5,1.936894
828,2022-01-02-08:49:21,5,6,3.177332
829,2022-01-02-08:49:24,6,5,3.227083
830,2022-01-02-08:49:28,5,4,3.361921
831,2022-01-02-08:49:31,4,0,3.841812
832,2022-01-02-08:49:32,0,1,1.046867
833,2022-01-02-08:49:35,1,6,2.725190
834,2022-01-02-08:49:39,6,2,4.173722
835,2022-01-02-08:49:43,2,1,4.083090
836,2022-01-02-08:49:47,1,6,3.577296
837,2022-01-02-08:49:50,6,4,3.396591
838,2022-01-02-08:49:52,4,2,1.873764
839,2022-01-02-08:49:54,2,0,1.742108
840,2022-01-02-08:49:56,0,4,1.515247
841,2022-01-02-08:49:58,4,3,2.077603
842,2022-01-02-08:50:00,3,0,2.421936
843,2022-01-02-08:50:02,0,3,2.461795
844,2022-01-02-08:50:05,3,4,2.093167
845,2022-01-02-08:50:07,4,3,2.102099
846,2022-01-02-08:50:09,3,5,2.271183
847,2022-01-02-08:50:13,5,2,3.734485
848,2022-01-02-08:50:14,2,4,1.803785
849,2022-01-02-08:50:19,4,7,4.061553
850,2022-01-02-08:50:23,7,4,4.348474
851,2022-01-02-08:50:25,4,3,2.117360
852,2022-01-02-08:50:29,3,1,3.733035
853,2022-01-02-08:50:32,1,6,2.755667
854,2022-01-02-08:50:36,6,2,4.112602
855,2022-01-02-08:50:40,2,0,3.928717
856,2022-01-02-08:50:42,0,3,2.464434
857,2022-01-02-08:50:45,3,1,2.529950
858,2022-01-02-08:50:46,1,0,1.053692
859,2022-01-02-08:50:47,0,2,1.755858
860,2022-01-02-08:50:49,2,0,1.753179
861,2022-01-02-08:50:51,0,4,1.516332
862,2022-01-02-08:50:52,4,7,1.857745
863,2022-01-02-08:50:55,7,5,2.801153
864,2022-01-02-08:50:58,5,3,2.226421
865,2022-01-02-08:51:00,3,0,2.402504
866,2022-01-02-08:51:01,0,1,1.054925
867,2022-01-02-08:51:04,1,3,3.478820
868,2022-01-02-08:51:08,3,1,3.430927
869,2022-01-02-08:51:10,1,2,2.006995
870,2022-01-02-08:51:12,2,3,2.601276
871,2022-01-02-08:51:15,3,0,2.425431
872,2022-01-02-08:51:16,0,4,1.548884
873,2022-01-02-08:51:19,4,3,2.056539
874,2022-01-02-08:51:21,3,6,2.032232
875,2022-01-02-08:51:23,6,0,2.772583
876,2022-01-02-08:51:24,0,1,1.051103
877,2022-01-02-08:51:26,1,4,1.363063
878,2022-01-02-08:51:27,4,1,1.303984
879,2022-01-02-08:51:28,1,0,1.122018
880,2022-01-02-08:51:30,0,4,1.525269
881,2022-01-02-08:51:31,4,0,1.533117
882,2022-01-02-08:51:33,0,5,1.906388
883,2022-01-02-08:51:36,5,6,3.103822
884,2022-01-02-08:51:40,6,7,4.051886
885,2022-01-02-08:51:44,7,6,3.983681
886,2022-01-02-08:51:48,6,2,3.261719
887,2022-01-02-08:51:52,2,7,4.413821
888,2022-01-02-08:51:56,7,3,3.808358
889,2022-01-02-08:52:00,3,7,3.782968
890,2022-01-02-08:52:02,7,5,2.837834
891,2022-01-02-08:52:06,5,6,3.140544
892,2022-01-02-08:52:09,6,5,3.140864
893,2022-01-02-08:52:12,5,6,3.082550
894,2022-01-02-08:52:14,6,7,2.609960
895,2022-01-02-08:52:17,7,2,3.100401
896,2022-01-02-08:52:22,2,6,4.133455
897,2022-01-02-08:52:24,6,3,2.009978
898,2022-01-02-08:52:26,3,0,2.425976
899,2022-01-02-08:52:28,0,7,1.925449
900,2022-01-02-08:52:31,7,5,2.624064
901,2022-01-02-08:52:32,5,0,1.920694
902,2022-01-02-08:52:35,0,3,2.511972
903,2022-01-02-08:52:37,3,5,2.319763
904,2022-01-02-08:52:40,5,7,2.626981
905,2022-01-02-08:52:43,7,4,3.257610
906,2022-01-02-08:52:45,4,0,1.534986
907,2022-01-02-08:52:46,0,1,1.033166
908,2022-01-02-08:52:47,1,0,1.059354
909,2022-01-02-08:52:48,0,1,1.122148
910,2022-01-02-08:52:50,1,2,1.992801
911,2022-01-02-08:52:52,2,1,1.974017
912,2022-01-02-08:52:53,1,0,1.051843
913,2022-01-02-08:52:55,0,4,1.557449
914,2022-01-02-08:52:56,4,7,1.859110
915,2022-01-02-08:52:58,7,0,1.920247
916,2022-01-02-08:53:00,0,7,1.919767
917,2022-01-02-08:53:04,7,6,4.136379
918,2022-01-02-08:53:08,6,1,3.611997
919,2022-01-02-08:53:09,1,4,1.320401
920,2022-01-02-08:53:11,4,5,1.759450
921,2022-01-02-08:53:13,5,0,1.909286
922,2022-01-02-08:53:14,0,4,1.517509
923,2022-01-02-08:53:16,4,1,1.340107
924,2022-01-02-08:53:18,1,7,1.722838
925,2022-01-02-08:53:19,7,4,1.909149
926,2022-01-02-08:53:21,4,1,1.395436
927,2022-01-02-08:53:22,1,0,1.072995
928,2022-01-02-08:53:24,0,7,1.992845
929,2022-01-02-08:53:26,7,4,1.890376
930,2022-01-02-08:53:28,4,7,1.853689
931,2022-01-02-08:53:30,7,0,2.058070
932,2022-01-02-08:53:31,0,1,1.043552
933,2022-01-02-08:53:33,1,3,2.327107
934,2022-01-02-08:53:35,3,4,2.139652
935,2022-01-02-08:53:37,4,5,1.826137
936,2022-01-02-08:53:39,5,2,1.546345
937,2022-01-02-08:53:42,2,6,3.154267
938,2022-01-02-08:53:46,6,7,4.051996
939,2022-01-02-08:53:48,7,2,2.608840
940,2022-01-02-08:53:51,2,7,2.622277
941,2022-01-02-08:53:55,7,4,4.000941
942,2022-01-02-08:53:59,4,6,3.704441
943,2022-01-02-08:54:01,6,7,2.643215
944,2022-01-02-08:54:04,7,2,2.590675
945,2022-01-02-08:54:06,2,0,1.697427
946,2022-01-02-08:54:07,0,4,1.529996
947,2022-01-02-08:54:09,4,1,1.323063
948,2022-01-02-08:54:11,1,3,2.414171
949,2022-01-02-08:54:13,3,6,2.034810
950,2022-01-02-08:54:16,6,1,2.663589
951,2022-01-02-08:54:18,1,2,2.008777
952,2022-01-02-08:54:19,2,0,1.724447
953,2022-01-02-08:54:21,0,2,1.800659
954,2022-01-02-08:54:24,2,3,2.746426
955,2022-01-02-08:54:26,3,6,2.033605
956,2022-01-02-08:54:30,6,4,3.823472
957,2022-01-02-08:54:32,4,3,2.120372
958,2022-01-02-08:54:35,3,5,3.044962
959,2022-01-02-08:54:38,5,7,2.581486
960,2022-01-02-08:54:40,7,6,2.645667
961,2022-01-02-08:54:43,6,5,3.242265
962,2022-01-02-08:54:45,5,1,1.996255
963,2022-01-02-08:54:47,1,2,1.956703
964,2022-01-02-08:54:49,2,5,1.536858
965,2022-01-02-08:54:52,5,7,2.599422
966,2022-01-02-08:54:55,7,4,3.152919
967,2022-01-02-08:54:57,4,3,2.124058
968,2022-01-02-08:54:59,3,4,2.241927
969,2022-01-02-08:55:02,4,5,3.282525
970,2022-01-02-08:55:04,5,4,1.768238
971,2022-01-02-08:55:06,4,2,1.812525
972,2022-01-02-08:55:09,2,6,3.243350
973,2022-01-02-08:55:12,6,2,3.112257
974,2022-01-02-08:55:15,2,7,2.581994
975,2022-01-02-08:55:19,7,6,4.033613
976,2022-01-02-08:55:23,6,3,3.654629
977,2022-01-02-08:55:25,3,0,2.485471
978,2022-01-02-08:55:27,0,4,1.548491
979,2022-01-02-08:55:28,4,7,1.850991
980,2022-01-02-08:55:31,7,4,2.544852
981,2022-01-02-08:55:35,4,2,4.228711
982,2022-01-02-08:55:39,2,1,4.143125
983,2022-01-02-08:55:43,1,6,3.825083
984,2022-01-02-08:55:47,6,3,3.769903
985,2022-01-02-08:55:49,3,0,2.445142
986,2022-01-02-08:55:51,0,4,1.518673
987,2022-01-02-08:55:52,4,1,1.327551
988,2022-01-02-08:55:55,1,6,2.730521
989,2022-01-02-08:55:58,6,2,3.150707
990,2022-01-02-08:56:01,2,6,3.132235
991,2022-01-02-08:56:04,6,4,2.697376
992,2022-01-02-08:56:05,4,1,1.342095
993,2022-01-02-08:56:07,1,5,2.068532
994,2022-01-02-08:56:10,5,6,3.070826
995,2022-01-02-08:56:13,6,7,2.636506
996,2022-01-02-08:56:16,7,5,2.709300
997,2022-01-02-08:56:18,5,1,2.013676
998,2022-01-02-08:56:19,1,4,1.352845
999,2022-01-02-08:56:21,4,5,1.737190
1000,2022-01-02-08:56:23,5,3,2.440862
1001,2022-01-02-08:56:26,3,1,2.447056
1002,2022-01-02-08:56:27,1,4,1.348228
1003,2022-01-02-08:56:29,4,7,1.910262
1004,2022-01-02-08:56:31,7,0,1.981568
1005,2022-01-02-08:56:32,0,1,1.031791
1006,2022-01-02-08:56:34,1,5,2.098241
1007,2022-01-02-08:56:36,5,4,2.026638
1008,2022-01-02-08:56:38,4,3,2.082647
1009,2022-01-02-08:56:41,3,1,2.348656
1010,2022-01-02-08:56:44,1,6,3.749905
1011,2022-01-02-08:56:47,6,2,3.076812
1012,2022-01-02-08:56:51,2,0,3.969887
1013,2022-01-02-08:56:53,0,4,1.547279
1014,2022-01-02-08:56:57,4,2,4.056912
1015,2022-01-02-08:57:01,2,3,4.253217
1016,2022-01-02-08:57:04,3,0,2.427680
1017,2022-01-02-08:57:07,0,6,3.424126
1018,2022-01-02-08:57:11,6,1,3.582973
1019,2022-01-02-08:57:13,1,3,2.235972
1020,2022-01-02-08:57:16,3,7,3.305689
1021,2022-01-02-08:57:19,7,2,2.685947
1022,2022-01-02-08:57:22,2,3,3.034951
1023,2022-01-02-08:57:25,3,2,2.967351
1024,2022-01-02-08:57:27,2,4,1.827387
1025,2022-01-02-08:57:29,4,3,2.107172
1026,2022-01-02-08:57:31,3,7,2.260141
1027,2022-01-02-08:57:33,7,1,1.665982
1028,2022-01-02-08:57:35,1,3,2.201840
1029,2022-01-02-08:57:37,3,1,2.234875
1030,2022-01-02-08:57:39,1,2,1.931588
1031,2022-01-02-08:57:42,2,3,3.006627
1032,2022-01-02-08:57:46,3,0,3.357692
1033,2022-01-02-08:57:48,0,6,2.903278
1034,2022-01-02-08:57:52,6,2,3.152189
1035,2022-01-02-08:57:54,2,1,1.978602
1036,2022-01-02-08:57:56,1,2,1.984047
1037,2022-01-02-08:57:57,2,5,1.584822
1038,2022-01-02-08:57:59,5,4,1.937807
1039,2022-01-02-08:58:01,4,0,1.540426
1040,2022-01-02-08:58:02,0,4,1.540173
1041,2022-01-02-08:58:06,4,2,4.086519
1042,2022-01-02-08:58:10,2,5,3.639413
1043,2022-01-02-08:58:13,5,6,3.170981
1044,2022-01-02-08:58:17,6,1,3.935420
1045,2022-01-02-08:58:19,1,7,1.750544
1046,2022-01-02-08:58:20,7,1,1.701140
1047,2022-01-02-08:58:24,1,6,3.538399
1048,2022-01-02-08:58:28,6,4,3.607650
1049,2022-01-02-08:58:30,4,3,2.147528
1050,2022-01-02-08:58:32,3,6,2.042059
1051,2022-01-02-08:58:36,6,2,4.136448
1052,2022-01-02-08:58:40,2,1,4.300716
1053,2022-01-02-08:58:44,1,3,3.518007
1054,2022-01-02-08:58:47,3,5,3.112054
1055,2022-01-02-08:58:48,5,2,1.526551
1056,2022-01-02-08:58:51,2,7,2.616185
1057,2022-01-02-08:58:54,7,4,3.279114
1058,2022-01-02-08:58:58,4,2,4.080156
1059,2022-01-02-08:59:03,2,7,4.436302
1060,2022-01-02-08:59:05,7,0,2.126090
1061,2022-01-02-08:59:06,0,4,1.533954
1062,2022-01-02-08:59:10,4,6,3.403783
1063,2022-01-02-08:59:13,6,5,3.151161
1064,2022-01-02-08:59:16,5,6,3.106450
1065,2022-01-02-08:59:20,6,4,3.956414
1066,2022-01-02-08:59:21,4,1,1.334647
1067,2022-01-02-08:59:23,1,5,1.999600
1068,2022-01-02-08:59:25,5,1,1.953775
1069,2022-01-02-08:59:27,1,2,1.963181
1070,2022-01-02-08:59:29,2,0,1.726477
1071,2022-01-02-08:59:31,0,7,1.958918
1072,2022-01-02-08:59:33,7,4,2.063780
1073,2022-01-02-08:59:37,4,6,3.490916
1074,2022-01-02-08:59:40,6,3,3.674643
1075,2022-01-02-08:59:44,3,7,3.298065
1076,2022-01-02-08:59:47,7,3,3.359444
1077,2022-01-02-08:59:49,3,1,2.604460
1078,2022-01-02-08:59:51,1,5,1.989180
1079,2022-01-02-08:59:54,5,7,2.578256
1080,2022-01-02-08:59:57,7,6,2.585037
1081,2022-01-02-09:00:00,6,5,3.228413
1082,2022-01-02-09:00:02,5,1,2.022205
1083,2022-01-02-09:00:04,1,5,1.897681
1084,2022-01-02-09:00:07,5,4,3.335138
1085,2022-01-02-09:00:10,4,5,3.263967
1086,2022-01-02-09:00:12,5,1,1.960890
1087,2022-01-02-09:00:16,1,6,3.673897
1088,2022-01-02-09:00:20,6,1,3.613380
1089,2022-01-02-09:00:21,1,0,1.039445
1090,2022-01-02-09:00:22,0,4,1.516928
1091,2022-01-02-09:00:24,4,7,1.900360
1092,2022-01-02-09:00:27,7,5,2.923412
1093,2022-01-02-09:00:29,5,1,2.021336
1094,2022-01-02-09:00:30,1,0,1.089373
1095,2022-01-02-09:00:32,0,7,1.925910
1096,2022-01-02-09:00:34,7,3,2.160891
1097,2022-01-02-09:00:37,3,5,2.408262
1098,2022-01-02-09:00:40,5,3,3.041424
1099,2022-01-02-09:00:43,3,7,3.800554
1100,2022-01-02-09:00:46,7,5,2.820144
1101,2022-01-02-09:00:49,5,6,3.097578
1102,2022-01-02-09:00:53,6,2,3.338319
1103,2022-01-02-09:00:55,2,4,1.856427
1104,2022-01-02-09:00:58,4,6,3.573152
1105,2022-01-02-09:01:01,6,2,3.232468
1106,2022-01-02-09:01:04,2,3,2.629723
1107,2022-01-02-09:01:08,3,7,3.852500
1108,2022-01-02-09:01:11,7,6,2.648904
1109,2022-01-02-09:01:13,6,3,2.036625
1110,2022-01-02-09:01:15,3,4,2.063392
1111,2022-01-02-09:01:16,4,5,1.753375
1112,2022-01-02-09:01:20,5,3,3.148945
1113,2022-01-02-09:01:23,3,6,3.099318
1114,2022-01-02-09:01:26,6,5,3.116084
1115,2022-01-02-09:01:29,5,2,3.665149
1116,2022-01-02-09:01:34,2,1,4.244032
1117,2022-01-02-09:01:36,1,3,2.341291
1118,2022-01-02-09:01:38,3,5,2.349475
1119,2022-01-02-09:01:40,5,1,2.069864
1120,2022-01-02-09:01:42,1,2,1.987426
1121,2022-01-02-09:01:44,2,1,2.029626
1122,2022-01-02-09:01:46,1,4,1.322797
1123,2022-01-02-09:01:47,4,1,1.291637
1124,2022-01-02-09:01:49,1,7,1.729033
1125,2022-01-02-09:01:51,7,2,2.584455
1126,2022-01-02-09:01:53,2,0,1.729590
1127,2022-01-02-09:01:55,0,5,1.999153
1128,2022-01-02-09:01:57,5,4,1.950090
1129,2022-01-02-09:02:01,4,2,4.118702
1130,2022-01-02-09:02:06,2,1,4.577355
1131,2022-01-02-09:02:07,1,4,1.321194
1132,2022-01-02-09:02:09,4,7,1.921522
1133,2022-01-02-09:02:11,7,4,1.847987
1134,2022-01-02-09:02:13,4,7,1.930980
1135,2022-01-02-09:02:15,7,0,2.036394
1136,2022-01-02-09:02:16,0,4,1.575650
1137,2022-01-02-09:02:18,4,3,2.103342
1138,2022-01-02-09:02:21,3,1,2.455545
1139,2022-01-02-09:02:22,1,4,1.324829
1140,2022-01-02-09:02:24,4,2,1.831886
1141,2022-01-02-09:02:27,2,7,2.555758
1142,2022-01-02-09:02:29,7,5,2.789098
1143,2022-01-02-09:02:32,5,3,2.377915
1144,2022-01-02-09:02:34,3,5,2.203957
1145,2022-01-02-09:02:36,5,4,2.062108
1146,2022-01-02-09:02:40,4,2,4.080949
1147,2022-01-02-09:02:44,2,5,3.696218
1148,2022-01-02-09:02:46,5,1,2.207052
1149,2022-01-02-09:02:48,1,2,2.032455
1150,2022-01-02-09:02:50,2,0,1.739425
1151,2022-01-02-09:02:51,0,4,1.519831
1152,2022-01-02-09:02:53,4,5,1.840346
1153,2022-01-02-09:02:55,5,0,2.034277
1154,2022-01-02-09:02:57,0,4,1.539048
1155,2022-01-02-09:02:59,4,5,1.815738
1156,2022-01-02-09:03:01,5,7,2.594185
1157,2022-01-02-09:03:04,7,3,3.289309
1158,2022-01-02-09:03:08,3,7,3.269511
1159,2022-01-02-09:03:11,7,2,2.835253
1160,2022-01-02-09:03:12,2,4,1.785464
1161,2022-01-02-09:03:16,4,6,3.446522
1162,2022-01-02-09:03:19,6,1,3.561673
1163,2022-01-02-09:03:21,1,4,1.316449
1164,2022-01-02-09:03:23,4,7,1.891897
1165,2022-01-02-09:03:25,7,0,1.936774
1166,2022-01-02-09:03:27,0,3,2.676876
1167,2022-01-02-09:03:31,3,2,4.221370
1168,2022-01-02-09:03:35,2,5,3.655900
1169,2022-01-02-09:03:37,5,1,2.392794
1170,2022-01-02-09:03:39,1,2,1.959217
1171,2022-01-02-09:03:41,2,1,2.011117
1172,2022-01-02-09:03:43,1,0,1.136934
1173,2022-01-02-09:03:45,0,6,2.840901
1174,2022-01-02-09:03:48,6,4,2.624903
1175,2022-01-02-09:03:49,4,1,1.338492
1176,2022-01-02-09:03:51,1,2,2.009556
1177,2022-01-02-09:03:53,2,1,1.992218
1178,2022-01-02-09:03:55,1,5,2.008361
1179,2022-01-02-09:03:58,5,4,2.210592
1180,2022-01-02-09:04:01,4,6,3.398207
1181,2022-01-02-09:04:04,6,2,3.165757
1182,2022-01-02-09:04:07,2,3,2.726842
1183,2022-01-02-09:04:09,3,1,2.291701
1184,2022-01-02-09:04:13,1,6,3.752618
1185,2022-01-02-09:04:16,6,4,3.357467
1186,2022-01-02-09:04:20,4,7,4.074267
1187,2022-01-02-09:04:22,7,1,1.697331
1188,2022-01-02-09:04:24,1,5,1.951269
1189,2022-01-02-09:04:26,5,3,2.252278
1190,2022-01-02-09:04:29,3,0,2.544650
1191,2022-01-02-09:04:31,0,3,2.569460
1192,2022-01-02-09:04:33,3,4,2.081340
1193,2022-01-02-09:04:36,4,3,2.091995
1194,2022-01-02-09:04:38,3,0,2.466249
1195,2022-01-02-09:04:40,0,2,1.801283
1196,2022-01-02-09:04:41,2,5,1.547706
1197,2022-01-02-09:04:44,5,3,2.228225
1198,2022-01-02-09:04:46,3,1,2.341501
1199,2022-01-02-09:04:50,1,6,3.622769
1200,2022-01-02-09:04:54,6,7,3.973799
1201,2022-01-02-09:04:58,7,2,4.466782
1202,2022-01-02-09:05:02,2,7,4.359085
1203,2022-01-02-09:05:06,7,6,4.079359
1204,2022-01-02-09:05:10,6,0,3.528039
1205,2022-01-02-09:05:12,0,4,1.606978
1206,2022-01-02-09:05:13,4,5,1.831389
1207,2022-01-02-09:05:17,5,6,3.110614
1208,2022-01-02-09:05:20,6,4,3.460577
1209,2022-01-02-09:05:24,4,2,4.158264
1210,2022-01-02-09:05:28,2,0,3.902277
1211,2022-01-02-09:05:30,0,4,1.525349
1212,2022-01-02-09:05:33,4,6,3.467834
1213,2022-01-02-09:05:36,6,5,3.156798
1214,2022-01-02-09:05:39,5,7,2.652864
1215,2022-01-02-09:05:42,7,4,3.394109
1216,2022-01-02-09:05:46,4,6,3.347216
1217,2022-01-02-09:05:49,6,2,3.211555
1218,2022-01-02-09:05:53,2,0,3.983126
1219,2022-01-02-09:05:54,0,1,1.036407
1220,2022-01-02-09:05:56,1,5,1.968942
1221,2022-01-02-09:05:58,5,7,2.632314
1222,2022-01-02-09:06:02,7,1,3.349739
1223,2022-01-02-09:06:04,1,7,1.751792
1224,2022-01-02-09:06:06,7,0,2.141866
1225,2022-01-02-09:06:08,0,3,2.537817
1226,2022-01-02-09:06:11,3,0,2.514841
1227,2022-01-02-09:06:12,0,2,1.754036
1228,2022-01-02-09:06:15,2,3,2.630471
1229,2022-01-02-09:06:18,3,2,2.694562
1230,2022-01-02-09:06:20,2,1,2.010849
1231,2022-01-02-09:06:22,1,7,1.703134
1232,2022-01-02-09:06:23,7,0,1.945220
1233,2022-01-02-09:06:27,0,6,3.474649
1234,2022-01-02-09:06:30,6,5,3.257855
1235,2022-01-02-09:06:32,5,1,1.955960
1236,2022-01-02-09:06:34,1,2,1.982835
1237,2022-01-02-09:06:37,2,7,2.632307
1238,2022-01-02-09:06:39,7,2,2.709914
1239,2022-01-02-09:06:42,2,7,2.662364
1240,2022-01-02-09:06:44,7,3,2.199157
1241,2022-01-02-09:06:47,3,0,2.425036
1242,2022-01-02-09:06:48,0,1,1.148318
1243,2022-01-02-09:06:50,1,2,2.051404
1244,2022-01-02-09:06:52,2,4,1.840537
1245,2022-01-02-09:06:53,4,0,1.541641
1246,2022-01-02-09:06:57,0,6,3.450542
1247,2022-01-02-09:07:00,6,0,3.563614
1248,2022-01-02-09:07:03,0,6,2.846460
1249,2022-01-02-09:07:06,6,0,2.798939
1250,2022-01-02-09:07:09,0,6,2.944481
1251,2022-01-02-09:07:11,6,3,2.042021
1252,2022-01-02-09:07:14,3,7,3.328847
1253,2022-01-02-09:07:17,7,4,3.157001
1254,2022-01-02-09:07:20,4,3,2.082466
1255,2022-01-02-09:07:22,3,5,2.303575
1256,2022-01-02-09:07:24,5,1,1.938829
1257,2022-01-02-09:07:25,1,4,1.363972
1258,2022-01-02-09:07:27,4,5,1.742314
1259,2022-01-02-09:07:30,5,6,2.801881
1260,2022-01-02-09:07:32,6,1,2.676678
1261,2022-01-02-09:07:34,1,2,2.018250
1262,2022-01-02-09:07:37,2,7,2.492473
1263,2022-01-02-09:07:39,7,2,2.567146
1264,2022-01-02-09:07:42,2,7,2.537196
1265,2022-01-02-09:07:45,7,5,2.689495
1266,2022-01-02-09:07:47,5,7,2.698554
1267,2022-01-02-09:07:50,7,2,2.737835
1268,2022-01-02-09:07:52,2,5,1.597807
1269,2022-01-02-09:07:54,5,1,2.112210
