--- Start
Calibration finished !

Learning mode activated? 
False
iteration,date,init_position,final_position,time
0,2022-01-02-06:45:55,-1,0,2.230961
1,2022-01-02-06:45:57,0,7,1.932155
2,2022-01-02-06:45:59,7,1,1.681110
3,2022-01-02-06:46:01,1,5,1.922656
4,2022-01-02-06:46:04,5,6,3.100516
5,2022-01-02-06:46:07,6,5,3.064066
6,2022-01-02-06:46:08,5,2,1.517593
7,2022-01-02-06:46:10,2,5,1.574689
8,2022-01-02-06:46:13,5,7,2.762110
9,2022-01-02-06:46:15,7,5,2.590605
10,2022-01-02-06:46:17,5,4,1.722413
11,2022-01-02-06:46:19,4,3,2.081237
12,2022-01-02-06:46:21,3,5,2.163089
13,2022-01-02-06:46:23,5,3,2.134007
14,2022-01-02-06:46:26,3,4,2.091234
15,2022-01-02-06:46:27,4,5,1.730193
16,2022-01-02-06:46:29,5,0,1.840081
17,2022-01-02-06:46:30,0,1,1.037265
18,2022-01-02-06:46:32,1,5,1.923772
19,2022-01-02-06:46:34,5,4,1.762519
20,2022-01-02-06:46:37,4,6,3.408117
21,2022-01-02-06:46:41,6,0,3.425394
22,2022-01-02-06:46:42,0,1,1.014010
23,2022-01-02-06:46:43,1,4,1.285572
24,2022-01-02-06:46:45,4,5,1.755672
25,2022-01-02-06:46:47,5,1,1.885400
26,2022-01-02-06:46:50,1,6,3.532943
27,2022-01-02-06:46:54,6,3,3.622364
28,2022-01-02-06:46:56,3,2,2.537474
29,2022-01-02-06:46:59,2,6,3.079218
30,2022-01-02-06:47:03,6,0,3.445147
31,2022-01-02-06:47:05,0,7,1.907306
32,2022-01-02-06:47:07,7,2,2.569632
33,2022-01-02-06:47:09,2,1,1.933289
34,2022-01-02-06:47:11,1,3,2.224489
35,2022-01-02-06:47:15,3,6,3.633527
36,2022-01-02-06:47:19,6,1,3.537006
37,2022-01-02-06:47:20,1,4,1.313527
38,2022-01-02-06:47:22,4,3,2.088040
39,2022-01-02-06:47:25,3,2,2.523334
40,2022-01-02-06:47:26,2,1,1.922193
41,2022-01-02-06:47:28,1,5,1.886736
42,2022-01-02-06:47:30,5,3,2.137552
43,2022-01-02-06:47:33,3,4,2.033078
44,2022-01-02-06:47:34,4,0,1.520191
45,2022-01-02-06:47:37,0,6,3.436280
46,2022-01-02-06:47:41,6,7,3.985451
47,2022-01-02-06:47:44,7,2,2.557070
48,2022-01-02-06:47:47,2,6,3.099669
49,2022-01-02-06:47:50,6,5,3.093293
50,2022-01-02-06:47:52,5,2,1.489907
51,2022-01-02-06:47:53,2,0,1.743843
52,2022-01-02-06:47:56,0,3,2.361729
53,2022-01-02-06:47:58,3,4,2.116467
54,2022-01-02-06:47:59,4,0,1.500960
55,2022-01-02-06:48:00,0,1,0.987893
56,2022-01-02-06:48:02,1,4,1.319691
57,2022-01-02-06:48:04,4,3,2.124371
58,2022-01-02-06:48:06,3,1,2.189599
59,2022-01-02-06:48:08,1,2,1.951586
60,2022-01-02-06:48:11,2,7,2.535499
61,2022-01-02-06:48:15,7,6,3.990283
62,2022-01-02-06:48:18,6,5,3.046015
63,2022-01-02-06:48:19,5,2,1.515124
64,2022-01-02-06:48:22,2,3,2.554926
65,2022-01-02-06:48:24,3,5,2.155585
66,2022-01-02-06:48:26,5,4,1.744763
67,2022-01-02-06:48:27,4,5,1.726178
68,2022-01-02-06:48:29,5,0,1.839923
69,2022-01-02-06:48:31,0,5,1.842417
70,2022-01-02-06:48:33,5,1,1.959826
71,2022-01-02-06:48:35,1,2,1.930209
72,2022-01-02-06:48:37,2,4,1.737898
73,2022-01-02-06:48:38,4,7,1.842418
74,2022-01-02-06:48:41,7,3,2.118645
75,2022-01-02-06:48:43,3,5,2.126461
76,2022-01-02-06:48:45,5,1,1.890432
77,2022-01-02-06:48:46,1,7,1.636840
78,2022-01-02-06:48:48,7,1,1.640302
79,2022-01-02-06:48:49,1,4,1.280254
80,2022-01-02-06:48:51,4,5,1.730578
81,2022-01-02-06:48:53,5,3,2.195941
82,2022-01-02-06:48:55,3,5,2.171579
83,2022-01-02-06:48:57,5,0,1.828313
84,2022-01-02-06:48:59,0,7,1.935279
85,2022-01-02-06:49:01,7,4,1.822265
86,2022-01-02-06:49:03,4,2,1.733781
87,2022-01-02-06:49:05,2,3,2.560998
88,2022-01-02-06:49:07,3,5,2.138784
89,2022-01-02-06:49:09,5,3,2.165200
90,2022-01-02-06:49:12,3,0,2.326888
91,2022-01-02-06:49:13,0,1,0.975277
92,2022-01-02-06:49:16,1,6,3.508162
93,2022-01-02-06:49:20,6,1,3.508395
94,2022-01-02-06:49:21,1,4,1.288917
95,2022-01-02-06:49:23,4,5,1.752711
96,2022-01-02-06:49:25,5,1,1.922332
97,2022-01-02-06:49:28,1,6,3.489561
98,2022-01-02-06:49:32,6,3,3.631739
99,2022-01-02-06:49:34,3,7,2.091265
100,2022-01-02-06:49:36,7,1,1.624152
101,2022-01-02-06:49:38,1,3,2.184666
102,2022-01-02-06:49:40,3,2,2.535057
103,2022-01-02-06:49:43,2,3,2.604226
104,2022-01-02-06:49:46,3,6,3.630635
105,2022-01-02-06:49:50,6,2,3.100319
106,2022-01-02-06:49:51,2,0,1.681704
107,2022-01-02-06:49:55,0,6,3.450329
108,2022-01-02-06:49:58,6,3,3.630157
109,2022-01-02-06:50:01,3,0,2.358360
110,2022-01-02-06:50:04,0,6,3.429822
111,2022-01-02-06:50:07,6,5,3.042214
112,2022-01-02-06:50:10,5,6,3.070064
113,2022-01-02-06:50:13,6,2,3.123162
114,2022-01-02-06:50:16,2,6,3.063350
115,2022-01-02-06:50:20,6,2,3.085141
116,2022-01-02-06:50:23,2,6,3.055534
117,2022-01-02-06:50:27,6,7,3.969850
118,2022-01-02-06:50:28,7,4,1.863940
119,2022-01-02-06:50:30,4,3,2.040746
120,2022-01-02-06:50:33,3,5,2.126353
121,2022-01-02-06:50:34,5,4,1.762608
122,2022-01-02-06:50:36,4,0,1.484718
123,2022-01-02-06:50:37,0,2,1.677969
124,2022-01-02-06:50:39,2,5,1.495727
125,2022-01-02-06:50:41,5,0,1.849711
126,2022-01-02-06:50:43,0,3,2.299986
127,2022-01-02-06:50:45,3,7,2.087704
128,2022-01-02-06:50:48,7,5,2.538488
129,2022-01-02-06:50:49,5,2,1.486245
130,2022-01-02-06:50:51,2,1,1.989924
131,2022-01-02-06:50:53,1,4,1.281188
132,2022-01-02-06:50:54,4,2,1.729490
133,2022-01-02-06:50:56,2,4,1.728191
134,2022-01-02-06:50:58,4,7,1.784796
135,2022-01-02-06:51:00,7,5,2.592786
136,2022-01-02-06:51:02,5,4,1.761313
137,2022-01-02-06:51:04,4,0,1.493963
138,2022-01-02-06:51:06,0,3,2.359635
139,2022-01-02-06:51:08,3,0,2.356978
140,2022-01-02-06:51:10,0,7,1.894585
141,2022-01-02-06:51:12,7,4,1.823937
142,2022-01-02-06:51:14,4,5,1.716600
143,2022-01-02-06:51:16,5,0,1.845359
144,2022-01-02-06:51:19,0,6,3.420636
145,2022-01-02-06:51:22,6,5,3.041868
146,2022-01-02-06:51:24,5,0,1.787600
147,2022-01-02-06:51:26,0,7,1.901247
148,2022-01-02-06:51:30,7,6,3.948505
149,2022-01-02-06:51:34,6,7,4.002626
150,2022-01-02-06:51:36,7,0,1.929431
151,2022-01-02-06:51:38,0,7,1.918306
152,2022-01-02-06:51:42,7,6,3.970655
153,2022-01-02-06:51:45,6,2,3.044112
154,2022-01-02-06:51:46,2,0,1.746655
155,2022-01-02-06:51:48,0,5,1.848017
156,2022-01-02-06:51:50,5,0,1.846956
157,2022-01-02-06:51:52,0,4,1.493876
158,2022-01-02-06:51:55,4,6,3.431988
159,2022-01-02-06:51:59,6,3,3.578379
160,2022-01-02-06:52:01,3,2,2.536063
161,2022-01-02-06:52:04,2,3,2.580158
162,2022-01-02-06:52:06,3,0,2.398456
163,2022-01-02-06:52:08,0,4,1.522249
164,2022-01-02-06:52:11,4,6,3.435327
165,2022-01-02-06:52:15,6,7,4.001750
166,2022-01-02-06:52:17,7,0,1.903061
167,2022-01-02-06:52:19,0,2,1.729202
168,2022-01-02-06:52:22,2,6,3.068632
169,2022-01-02-06:52:25,6,2,3.045926
170,2022-01-02-06:52:28,2,6,3.059460
171,2022-01-02-06:52:32,6,7,3.980912
172,2022-01-02-06:52:36,7,6,3.993502
173,2022-01-02-06:52:39,6,4,3.453477
174,2022-01-02-06:52:41,4,5,1.830709
175,2022-01-02-06:52:44,5,6,3.090537
176,2022-01-02-06:52:48,6,1,3.505648
177,2022-01-02-06:52:50,1,2,1.947941
178,2022-01-02-06:52:51,2,5,1.523820
179,2022-01-02-06:52:53,5,3,2.164508
180,2022-01-02-06:52:57,3,6,3.633474
181,2022-01-02-06:53:01,6,7,3.982132
182,2022-01-02-06:53:03,7,5,2.547832
183,2022-01-02-06:53:05,5,4,1.751713
184,2022-01-02-06:53:07,4,5,1.738551
185,2022-01-02-06:53:10,5,7,2.600371
186,2022-01-02-06:53:11,7,0,1.908953
187,2022-01-02-06:53:15,0,6,3.453027
188,2022-01-02-06:53:18,6,5,3.091456
189,2022-01-02-06:53:20,5,3,2.132842
190,2022-01-02-06:53:23,3,2,2.541010
191,2022-01-02-06:53:25,2,7,2.536653
192,2022-01-02-06:53:28,7,5,2.550277
193,2022-01-02-06:53:30,5,7,2.524672
194,2022-01-02-06:53:33,7,5,2.556995
195,2022-01-02-06:53:36,5,6,3.068782
196,2022-01-02-06:53:39,6,1,3.536685
197,2022-01-02-06:53:41,1,5,1.928767
198,2022-01-02-06:53:43,5,0,1.855239
199,2022-01-02-06:53:45,0,2,1.719825
200,2022-01-02-06:53:48,2,3,2.566142
201,2022-01-02-06:53:50,3,4,2.129514
202,2022-01-02-06:53:52,4,7,1.908384
203,2022-01-02-06:53:54,7,5,2.531544
204,2022-01-02-06:53:56,5,0,1.831565
205,2022-01-02-06:53:59,0,6,3.397087
206,2022-01-02-06:54:03,6,7,4.094451
207,2022-01-02-06:54:07,7,6,4.014202
208,2022-01-02-06:54:11,6,4,3.393177
209,2022-01-02-06:54:13,4,5,1.801933
210,2022-01-02-06:54:15,5,0,1.891962
211,2022-01-02-06:54:16,0,2,1.722344
212,2022-01-02-06:54:19,2,3,2.571317
213,2022-01-02-06:54:21,3,5,2.158679
214,2022-01-02-06:54:23,5,0,1.822956
215,2022-01-02-06:54:24,0,1,1.035604
216,2022-01-02-06:54:26,1,3,2.216382
217,2022-01-02-06:54:28,3,7,2.123951
218,2022-01-02-06:54:31,7,2,2.573012
219,2022-01-02-06:54:32,2,0,1.684235
220,2022-01-02-06:54:34,0,5,1.837730
221,2022-01-02-06:54:36,5,3,2.155826
222,2022-01-02-06:54:39,3,7,2.120549
223,2022-01-02-06:54:40,7,1,1.639321
224,2022-01-02-06:54:42,1,7,1.648371
225,2022-01-02-06:54:44,7,2,2.570065
226,2022-01-02-06:54:47,2,7,2.567137
227,2022-01-02-06:54:49,7,3,2.125865
228,2022-01-02-06:54:51,3,0,2.333508
229,2022-01-02-06:54:53,0,4,1.516585
230,2022-01-02-06:54:55,4,5,1.737302
231,2022-01-02-06:54:57,5,1,1.916622
232,2022-01-02-06:55:00,1,6,3.528473
233,2022-01-02-06:55:03,6,2,3.039026
234,2022-01-02-06:55:05,2,0,1.684577
235,2022-01-02-06:55:07,0,3,2.357758
236,2022-01-02-06:55:09,3,1,2.187988
237,2022-01-02-06:55:11,1,2,1.925725
238,2022-01-02-06:55:13,2,5,1.489502
239,2022-01-02-06:55:16,5,6,3.036582
240,2022-01-02-06:55:19,6,3,3.640979
241,2022-01-02-06:55:22,3,1,2.207798
242,2022-01-02-06:55:24,1,5,1.896643
243,2022-01-02-06:55:26,5,3,2.192348
244,2022-01-02-06:55:28,3,7,2.104333
245,2022-01-02-06:55:32,7,6,4.023400
246,2022-01-02-06:55:35,6,2,3.088310
247,2022-01-02-06:55:38,2,6,3.049798
248,2022-01-02-06:55:42,6,3,3.657563
249,2022-01-02-06:55:44,3,2,2.567777
250,2022-01-02-06:55:46,2,0,1.696955
251,2022-01-02-06:55:48,0,4,1.519996
252,2022-01-02-06:55:49,4,5,1.754394
253,2022-01-02-06:55:51,5,2,1.528009
254,2022-01-02-06:55:53,2,0,1.719941
255,2022-01-02-06:55:54,0,4,1.592003
256,2022-01-02-06:55:56,4,5,1.768693
257,2022-01-02-06:55:59,5,6,3.045939
258,2022-01-02-06:56:02,6,1,3.535615
259,2022-01-02-06:56:04,1,7,1.662335
260,2022-01-02-06:56:07,7,2,2.568715
261,2022-01-02-06:56:08,2,5,1.515943
262,2022-01-02-06:56:10,5,1,1.874149
263,2022-01-02-06:56:14,1,6,3.526265
264,2022-01-02-06:56:17,6,2,3.092859
265,2022-01-02-06:56:18,2,4,1.746967
266,2022-01-02-06:56:20,4,7,1.890043
267,2022-01-02-06:56:24,7,6,4.015059
268,2022-01-02-06:56:28,6,7,4.004112
269,2022-01-02-06:56:30,7,3,2.121751
270,2022-01-02-06:56:33,3,2,2.550650
271,2022-01-02-06:56:36,2,6,3.076967
272,2022-01-02-06:56:39,6,4,3.391675
273,2022-01-02-06:56:41,4,2,1.783804
274,2022-01-02-06:56:44,2,7,2.555333
275,2022-01-02-06:56:48,7,6,4.031856
276,2022-01-02-06:56:51,6,3,3.599121
277,2022-01-02-06:56:55,3,6,3.633131
278,2022-01-02-06:56:59,6,3,3.610134
279,2022-01-02-06:57:01,3,2,2.561971
280,2022-01-02-06:57:04,2,6,3.046842
281,2022-01-02-06:57:08,6,4,3.471435
282,2022-01-02-06:57:10,4,5,1.752919
283,2022-01-02-06:57:11,5,0,1.853283
284,2022-01-02-06:57:13,0,4,1.514931
285,2022-01-02-06:57:15,4,3,2.115120
286,2022-01-02-06:57:17,3,0,2.353818
287,2022-01-02-06:57:21,0,6,3.437608
288,2022-01-02-06:57:24,6,3,3.659913
289,2022-01-02-06:57:27,3,4,2.088524
290,2022-01-02-06:57:28,4,0,1.585000
291,2022-01-02-06:57:29,0,1,0.983050
292,2022-01-02-06:57:30,1,0,1.019809
293,2022-01-02-06:57:32,0,5,1.894042
294,2022-01-02-06:57:34,5,1,1.931011
295,2022-01-02-06:57:36,1,5,1.942784
296,2022-01-02-06:57:39,5,6,3.098770
297,2022-01-02-06:57:42,6,5,3.057294
298,2022-01-02-06:57:45,5,7,2.610334
299,2022-01-02-06:57:47,7,4,1.924901
300,2022-01-02-06:57:48,4,2,1.733860
301,2022-01-02-06:57:50,2,5,1.491657
302,2022-01-02-06:57:53,5,6,3.087890
303,2022-01-02-06:57:56,6,2,3.072493
304,2022-01-02-06:57:58,2,0,1.707552
305,2022-01-02-06:57:59,0,4,1.530571
306,2022-01-02-06:58:01,4,1,1.345100
307,2022-01-02-06:58:03,1,2,1.975752
308,2022-01-02-06:58:05,2,7,2.586300
309,2022-01-02-06:58:09,7,6,3.937793
310,2022-01-02-06:58:13,6,7,3.981927
311,2022-01-02-06:58:15,7,4,1.845290
312,2022-01-02-06:58:17,4,5,1.751175
313,2022-01-02-06:58:19,5,1,1.920680
314,2022-01-02-06:58:20,1,5,1.894742
315,2022-01-02-06:58:22,5,4,1.727719
316,2022-01-02-06:58:23,4,1,1.286281
317,2022-01-02-06:58:25,1,5,1.884319
318,2022-01-02-06:58:27,5,1,1.933450
319,2022-01-02-06:58:31,1,6,3.558650
320,2022-01-02-06:58:34,6,2,3.097573
321,2022-01-02-06:58:37,2,7,2.555142
322,2022-01-02-06:58:39,7,2,2.570895
323,2022-01-02-06:58:42,2,7,2.541738
324,2022-01-02-06:58:44,7,5,2.535333
325,2022-01-02-06:58:46,5,2,1.522354
326,2022-01-02-06:58:48,2,1,1.990006
327,2022-01-02-06:58:49,1,4,1.319694
328,2022-01-02-06:58:51,4,2,1.737182
329,2022-01-02-06:58:52,2,4,1.738595
330,2022-01-02-06:58:55,4,3,2.125051
331,2022-01-02-06:58:57,3,0,2.354370
332,2022-01-02-06:58:59,0,2,1.711046
333,2022-01-02-06:59:00,2,4,1.723617
334,2022-01-02-06:59:02,4,5,1.757486
335,2022-01-02-06:59:04,5,1,1.927912
336,2022-01-02-06:59:05,1,4,1.354390
337,2022-01-02-06:59:07,4,1,1.324150
338,2022-01-02-06:59:09,1,5,1.920392
339,2022-01-02-06:59:10,5,2,1.487502
340,2022-01-02-06:59:12,2,1,1.940925
341,2022-01-02-06:59:14,1,7,1.625171
342,2022-01-02-06:59:15,7,1,1.641614
343,2022-01-02-06:59:17,1,4,1.288998
344,2022-01-02-06:59:18,4,1,1.288230
345,2022-01-02-06:59:20,1,2,1.955195
346,2022-01-02-06:59:22,2,1,1.941293
347,2022-01-02-06:59:25,1,6,3.536936
348,2022-01-02-06:59:29,6,4,3.426816
349,2022-01-02-06:59:30,4,0,1.483368
350,2022-01-02-06:59:32,0,4,1.523746
351,2022-01-02-06:59:33,4,1,1.318916
352,2022-01-02-06:59:37,1,6,3.550362
353,2022-01-02-06:59:40,6,4,3.492076
354,2022-01-02-06:59:42,4,5,1.768923
355,2022-01-02-06:59:44,5,1,1.923413
356,2022-01-02-06:59:47,1,6,3.532592
357,2022-01-02-06:59:51,6,7,3.959530
358,2022-01-02-06:59:53,7,3,2.098206
359,2022-01-02-06:59:56,3,0,2.362029
360,2022-01-02-06:59:57,0,1,1.051460
361,2022-01-02-06:59:58,1,0,1.040215
362,2022-01-02-07:00:00,0,2,1.703297
363,2022-01-02-07:00:02,2,1,1.932579
364,2022-01-02-07:00:03,1,7,1.664251
365,2022-01-02-07:00:07,7,6,4.023179
366,2022-01-02-07:00:11,6,7,3.989783
367,2022-01-02-07:00:13,7,0,1.969901
368,2022-01-02-07:00:17,0,6,3.467205
369,2022-01-02-07:00:20,6,5,3.102440
370,2022-01-02-07:00:22,5,0,1.907830
371,2022-01-02-07:00:24,0,7,1.890089
372,2022-01-02-07:00:26,7,5,2.592244
373,2022-01-02-07:00:28,5,1,1.955829
374,2022-01-02-07:00:32,1,6,3.535594
375,2022-01-02-07:00:35,6,0,3.418322
376,2022-01-02-07:00:37,0,4,1.520305
377,2022-01-02-07:00:38,4,7,1.818964
378,2022-01-02-07:00:41,7,2,2.657382
379,2022-01-02-07:00:44,2,3,2.595223
380,2022-01-02-07:00:46,3,5,2.149544
381,2022-01-02-07:00:48,5,0,1.890626
382,2022-01-02-07:00:49,0,1,1.043013
383,2022-01-02-07:00:52,1,6,3.532006
384,2022-01-02-07:00:56,6,7,4.012787
385,2022-01-02-07:00:58,7,1,1.687336
386,2022-01-02-07:00:59,1,0,1.053746
387,2022-01-02-07:01:02,0,6,3.428725
388,2022-01-02-07:01:06,6,7,3.975314
389,2022-01-02-07:01:08,7,0,1.926270
390,2022-01-02-07:01:12,0,6,3.455280
391,2022-01-02-07:01:15,6,4,3.480379
392,2022-01-02-07:01:17,4,1,1.317555
393,2022-01-02-07:01:19,1,5,1.921500
394,2022-01-02-07:01:21,5,3,2.137368
395,2022-01-02-07:01:23,3,1,2.209150
396,2022-01-02-07:01:25,1,2,1.941415
397,2022-01-02-07:01:27,2,0,1.730949
398,2022-01-02-07:01:29,0,3,2.362825
399,2022-01-02-07:01:31,3,5,2.152737
400,2022-01-02-07:01:33,5,0,1.935091
401,2022-01-02-07:01:35,0,3,2.367912
402,2022-01-02-07:01:37,3,7,2.094651
403,2022-01-02-07:01:40,7,3,2.096781
404,2022-01-02-07:01:42,3,0,2.358032
405,2022-01-02-07:01:45,0,6,3.464064
406,2022-01-02-07:01:49,6,0,3.493586
407,2022-01-02-07:01:52,0,6,3.457271
408,2022-01-02-07:01:56,6,7,3.997950
409,2022-01-02-07:01:59,7,5,2.562439
410,2022-01-02-07:02:01,5,7,2.572668
411,2022-01-02-07:02:04,7,5,2.575633
412,2022-01-02-07:02:06,5,1,1.908441
413,2022-01-02-07:02:08,1,7,1.629870
414,2022-01-02-07:02:12,7,6,4.045986
415,2022-01-02-07:02:15,6,2,3.099351
416,2022-01-02-07:02:17,2,4,1.819874
417,2022-01-02-07:02:18,4,5,1.774403
418,2022-01-02-07:02:20,5,1,1.919297
419,2022-01-02-07:02:22,1,2,1.954941
420,2022-01-02-07:02:24,2,1,1.957157
421,2022-01-02-07:02:28,1,6,3.531821
422,2022-01-02-07:02:31,6,2,3.085880
423,2022-01-02-07:02:32,2,0,1.682277
424,2022-01-02-07:02:34,0,7,1.886772
425,2022-01-02-07:02:37,7,5,2.556466
426,2022-01-02-07:02:39,5,1,1.924315
427,2022-01-02-07:02:40,1,0,1.038758
428,2022-01-02-07:02:42,0,3,2.356117
429,2022-01-02-07:02:44,3,7,2.129132
430,2022-01-02-07:02:46,7,1,1.621543
431,2022-01-02-07:02:48,1,3,2.227952
432,2022-01-02-07:02:51,3,0,2.391380
433,2022-01-02-07:02:52,0,2,1.720724
434,2022-01-02-07:02:54,2,4,1.794159
435,2022-01-02-07:02:58,4,6,3.469884
436,2022-01-02-07:03:01,6,1,3.542171
437,2022-01-02-07:03:03,1,2,1.941000
438,2022-01-02-07:03:05,2,0,1.726852
439,2022-01-02-07:03:08,0,6,3.429349
440,2022-01-02-07:03:12,6,0,3.369113
441,2022-01-02-07:03:14,0,3,2.355081
442,2022-01-02-07:03:16,3,7,2.101707
443,2022-01-02-07:03:20,7,6,4.012969
444,2022-01-02-07:03:23,6,5,3.095601
445,2022-01-02-07:03:25,5,1,1.918857
446,2022-01-02-07:03:26,1,4,1.320097
447,2022-01-02-07:03:28,4,5,1.795481
448,2022-01-02-07:03:30,5,4,1.730869
449,2022-01-02-07:03:33,4,6,3.425504
450,2022-01-02-07:03:37,6,7,3.967441
451,2022-01-02-07:03:39,7,0,1.892493
452,2022-01-02-07:03:41,0,7,1.892823
453,2022-01-02-07:03:43,7,4,1.856903
454,2022-01-02-07:03:45,4,5,1.731310
455,2022-01-02-07:03:46,5,4,1.746179
456,2022-01-02-07:03:48,4,5,1.793424
457,2022-01-02-07:03:50,5,2,1.489347
458,2022-01-02-07:03:51,2,0,1.687933
459,2022-01-02-07:03:53,0,7,1.929587
460,2022-01-02-07:03:55,7,4,1.844841
461,2022-01-02-07:03:59,4,6,3.453261
462,2022-01-02-07:04:02,6,5,3.091975
463,2022-01-02-07:04:04,5,1,1.931391
464,2022-01-02-07:04:05,1,7,1.628877
465,2022-01-02-07:04:08,7,2,2.565782
466,2022-01-02-07:04:10,2,7,2.559924
467,2022-01-02-07:04:14,7,6,4.023313
468,2022-01-02-07:04:18,6,7,3.969868
469,2022-01-02-07:04:21,7,5,2.588840
470,2022-01-02-07:04:24,5,7,2.553960
471,2022-01-02-07:04:25,7,1,1.712368
472,2022-01-02-07:04:27,1,4,1.313958
473,2022-01-02-07:04:30,4,6,3.429817
474,2022-01-02-07:04:34,6,3,3.745338
475,2022-01-02-07:04:36,3,2,2.591807
476,2022-01-02-07:04:38,2,5,1.528480
477,2022-01-02-07:04:40,5,4,1.748107
478,2022-01-02-07:04:41,4,1,1.315226
479,2022-01-02-07:04:43,1,2,2.005413
480,2022-01-02-07:04:46,2,7,2.565057
481,2022-01-02-07:04:47,7,1,1.653871
482,2022-01-02-07:04:49,1,2,1.944401
483,2022-01-02-07:04:52,2,6,3.089356
484,2022-01-02-07:04:55,6,2,3.055854
485,2022-01-02-07:04:57,2,1,1.946832
486,2022-01-02-07:05:01,1,6,3.536271
487,2022-01-02-07:05:04,6,5,3.075766
488,2022-01-02-07:05:07,5,6,3.060121
489,2022-01-02-07:05:10,6,1,3.522091
490,2022-01-02-07:05:13,1,3,2.189060
491,2022-01-02-07:05:15,3,0,2.329699
492,2022-01-02-07:05:16,0,4,1.544188
493,2022-01-02-07:05:18,4,2,1.731307
494,2022-01-02-07:05:20,2,4,1.752695
495,2022-01-02-07:05:21,4,1,1.325633
496,2022-01-02-07:05:22,1,0,1.031327
497,2022-01-02-07:05:23,0,1,1.089109
498,2022-01-02-07:05:25,1,7,1.657215
499,2022-01-02-07:05:27,7,1,1.716400
500,2022-01-02-07:05:29,1,2,1.986427
501,2022-01-02-07:05:30,2,0,1.701774
502,2022-01-02-07:05:34,0,6,3.449355
503,2022-01-02-07:05:37,6,1,3.545649
504,2022-01-02-07:05:39,1,7,1.653053
505,2022-01-02-07:05:41,7,3,2.097875
506,2022-01-02-07:05:44,3,0,2.392215
507,2022-01-02-07:05:45,0,1,1.049107
508,2022-01-02-07:05:47,1,2,2.000308
509,2022-01-02-07:05:49,2,1,1.940345
510,2022-01-02-07:05:50,1,7,1.626669
511,2022-01-02-07:05:53,7,5,2.583219
512,2022-01-02-07:05:55,5,3,2.146918
513,2022-01-02-07:05:57,3,4,2.124171
514,2022-01-02-07:06:01,4,6,3.426952
515,2022-01-02-07:06:04,6,4,3.433872
516,2022-01-02-07:06:06,4,5,1.760795
517,2022-01-02-07:06:08,5,1,1.956691
518,2022-01-02-07:06:09,1,7,1.671467
519,2022-01-02-07:06:12,7,2,2.529594
520,2022-01-02-07:06:14,2,7,2.549372
521,2022-01-02-07:06:16,7,0,1.924593
522,2022-01-02-07:06:18,0,2,1.722982
523,2022-01-02-07:06:21,2,3,2.547437
524,2022-01-02-07:06:23,3,0,2.404157
525,2022-01-02-07:06:25,0,4,1.499987
526,2022-01-02-07:06:28,4,6,3.464613
527,2022-01-02-07:06:32,6,1,3.532067
528,2022-01-02-07:06:33,1,0,1.016314
529,2022-01-02-07:06:34,0,2,1.728352
530,2022-01-02-07:06:37,2,3,2.596595
531,2022-01-02-07:06:39,3,4,2.115290
532,2022-01-02-07:06:42,4,6,3.433467
533,2022-01-02-07:06:46,6,0,3.433318
534,2022-01-02-07:06:47,0,1,1.042953
535,2022-01-02-07:06:49,1,7,1.641757
536,2022-01-02-07:06:53,7,6,3.994753
537,2022-01-02-07:06:56,6,5,3.089585
538,2022-01-02-07:06:58,5,7,2.555977
539,2022-01-02-07:07:00,7,0,1.953515
540,2022-01-02-07:07:02,0,4,1.519412
541,2022-01-02-07:07:03,4,1,1.319948
542,2022-01-02-07:07:05,1,3,2.236815
543,2022-01-02-07:07:09,3,6,3.653588
544,2022-01-02-07:07:12,6,1,3.644941
545,2022-01-02-07:07:15,1,3,2.191038
546,2022-01-02-07:07:17,3,0,2.353606
547,2022-01-02-07:07:19,0,3,2.331591
548,2022-01-02-07:07:22,3,1,2.208868
549,2022-01-02-07:07:25,1,6,3.536427
550,2022-01-02-07:07:28,6,5,3.067936
551,2022-01-02-07:07:30,5,1,1.895404
552,2022-01-02-07:07:34,1,6,3.558169
553,2022-01-02-07:07:37,6,4,3.416799
554,2022-01-02-07:07:39,4,7,1.913403
555,2022-01-02-07:07:41,7,3,2.136556
556,2022-01-02-07:07:43,3,4,2.130935
557,2022-01-02-07:07:47,4,6,3.432880
558,2022-01-02-07:07:50,6,1,3.550388
559,2022-01-02-07:07:52,1,3,2.183559
560,2022-01-02-07:07:55,3,1,2.226494
561,2022-01-02-07:07:56,1,4,1.286341
562,2022-01-02-07:07:57,4,1,1.280205
563,2022-01-02-07:07:59,1,5,1.927455
564,2022-01-02-07:08:02,5,7,2.562852
565,2022-01-02-07:08:04,7,2,2.558664
566,2022-01-02-07:08:06,2,0,1.725415
567,2022-01-02-07:08:08,0,7,1.917003
568,2022-01-02-07:08:10,7,0,1.936848
569,2022-01-02-07:08:13,0,6,3.466969
570,2022-01-02-07:08:17,6,7,3.970689
571,2022-01-02-07:08:19,7,3,2.147738
572,2022-01-02-07:08:22,3,5,2.151404
573,2022-01-02-07:08:24,5,3,2.158598
574,2022-01-02-07:08:26,3,2,2.539934
575,2022-01-02-07:08:28,2,4,1.754499
576,2022-01-02-07:08:30,4,3,2.129089
577,2022-01-02-07:08:32,3,0,2.341133
578,2022-01-02-07:08:34,0,7,1.929609
579,2022-01-02-07:08:37,7,2,2.556496
580,2022-01-02-07:08:39,2,4,1.758018
581,2022-01-02-07:08:41,4,7,1.858034
582,2022-01-02-07:08:42,7,0,1.891428
583,2022-01-02-07:08:45,0,3,2.298053
584,2022-01-02-07:08:47,3,1,2.238187
585,2022-01-02-07:08:49,1,5,1.896570
586,2022-01-02-07:08:51,5,7,2.590621
587,2022-01-02-07:08:54,7,3,2.119070
588,2022-01-02-07:08:56,3,1,2.190637
589,2022-01-02-07:08:58,1,5,1.889649
590,2022-01-02-07:09:01,5,6,3.081075
591,2022-01-02-07:09:05,6,7,4.002949
592,2022-01-02-07:09:07,7,5,2.601222
593,2022-01-02-07:09:09,5,0,1.928236
594,2022-01-02-07:09:11,0,7,1.923168
595,2022-01-02-07:09:15,7,6,4.049838
596,2022-01-02-07:09:19,6,7,3.988775
597,2022-01-02-07:09:21,7,1,1.666714
598,2022-01-02-07:09:23,1,2,1.960714
599,2022-01-02-07:09:25,2,1,1.936005
600,2022-01-02-07:09:26,1,4,1.296898
601,2022-01-02-07:09:28,4,2,1.770181
602,2022-01-02-07:09:29,2,5,1.496194
603,2022-01-02-07:09:31,5,2,1.491130
604,2022-01-02-07:09:33,2,0,1.713183
605,2022-01-02-07:09:34,0,4,1.520599
606,2022-01-02-07:09:36,4,5,1.768321
607,2022-01-02-07:09:37,5,2,1.557829
608,2022-01-02-07:09:39,2,1,1.999601
609,2022-01-02-07:09:41,1,7,1.649141
610,2022-01-02-07:09:43,7,3,2.145235
611,2022-01-02-07:09:45,3,5,2.172912
612,2022-01-02-07:09:47,5,4,1.774798
613,2022-01-02-07:09:51,4,6,3.442351
614,2022-01-02-07:09:54,6,5,3.074863
615,2022-01-02-07:09:56,5,7,2.603467
616,2022-01-02-07:09:58,7,4,1.835704
617,2022-01-02-07:10:02,4,6,3.435354
618,2022-01-02-07:10:05,6,2,3.094072
619,2022-01-02-07:10:06,2,4,1.729510
620,2022-01-02-07:10:08,4,2,1.749035
621,2022-01-02-07:10:11,2,6,3.089636
622,2022-01-02-07:10:15,6,4,3.408966
623,2022-01-02-07:10:16,4,1,1.289456
624,2022-01-02-07:10:17,1,0,1.029255
625,2022-01-02-07:10:19,0,3,2.357009
626,2022-01-02-07:10:22,3,0,2.352485
627,2022-01-02-07:10:23,0,2,1.741093
628,2022-01-02-07:10:25,2,4,1.816055
629,2022-01-02-07:10:27,4,5,1.753551
630,2022-01-02-07:10:29,5,1,1.917227
631,2022-01-02-07:10:30,1,0,0.987993
632,2022-01-02-07:10:31,0,1,1.024469
633,2022-01-02-07:10:33,1,7,1.658931
634,2022-01-02-07:10:35,7,3,2.091323
635,2022-01-02-07:10:38,3,6,3.639447
636,2022-01-02-07:10:41,6,2,3.059932
637,2022-01-02-07:10:44,2,3,2.569292
638,2022-01-02-07:10:48,3,6,3.632269
639,2022-01-02-07:10:52,6,7,3.961374
640,2022-01-02-07:10:56,7,6,4.045770
641,2022-01-02-07:10:59,6,0,3.430966
642,2022-01-02-07:11:01,0,5,1.881932
643,2022-01-02-07:11:03,5,4,1.726965
644,2022-01-02-07:11:04,4,0,1.513095
645,2022-01-02-07:11:06,0,7,1.912649
646,2022-01-02-07:11:09,7,5,2.584618
647,2022-01-02-07:11:11,5,0,1.865750
648,2022-01-02-07:11:14,0,6,3.495397
649,2022-01-02-07:11:18,6,1,3.525296
650,2022-01-02-07:11:19,1,0,1.025009
651,2022-01-02-07:11:20,0,1,1.019569
652,2022-01-02-07:11:21,1,0,1.032330
653,2022-01-02-07:11:23,0,3,2.334072
654,2022-01-02-07:11:27,3,6,3.671745
655,2022-01-02-07:11:31,6,7,3.970813
656,2022-01-02-07:11:32,7,1,1.681611
657,2022-01-02-07:11:36,1,6,3.532480
658,2022-01-02-07:11:39,6,0,3.416581
659,2022-01-02-07:11:41,0,5,1.838726
660,2022-01-02-07:11:43,5,0,1.872899
661,2022-01-02-07:11:46,0,6,3.438850
662,2022-01-02-07:11:50,6,3,3.616260
663,2022-01-02-07:11:52,3,7,2.124435
664,2022-01-02-07:11:54,7,3,2.088886
665,2022-01-02-07:11:57,3,2,2.604195
666,2022-01-02-07:11:59,2,7,2.614827
667,2022-01-02-07:12:03,7,6,4.048368
668,2022-01-02-07:12:07,6,5,3.063068
669,2022-01-02-07:12:08,5,1,1.906929
670,2022-01-02-07:12:10,1,7,1.673447
671,2022-01-02-07:12:13,7,2,2.575543
672,2022-01-02-07:12:14,2,4,1.761640
673,2022-01-02-07:12:16,4,2,1.759191
674,2022-01-02-07:12:18,2,4,1.741492
675,2022-01-02-07:12:20,4,2,1.766323
676,2022-01-02-07:12:22,2,3,2.590622
677,2022-01-02-07:12:24,3,4,2.132373
678,2022-01-02-07:12:26,4,1,1.286107
679,2022-01-02-07:12:27,1,0,0.995002
680,2022-01-02-07:12:28,0,2,1.736319
681,2022-01-02-07:12:31,2,7,2.589918
682,2022-01-02-07:12:33,7,0,1.928256
683,2022-01-02-07:12:35,0,5,1.854822
684,2022-01-02-07:12:37,5,4,1.762510
685,2022-01-02-07:12:40,4,6,3.443555
686,2022-01-02-07:12:43,6,0,3.436507
687,2022-01-02-07:12:45,0,4,1.518098
688,2022-01-02-07:12:47,4,0,1.518868
689,2022-01-02-07:12:48,0,2,1.737260
690,2022-01-02-07:12:51,2,7,2.593113
691,2022-01-02-07:12:53,7,0,1.929624
692,2022-01-02-07:12:55,0,7,1.924964
693,2022-01-02-07:12:57,7,4,1.843663
694,2022-01-02-07:12:58,4,7,1.842521
695,2022-01-02-07:13:00,7,1,1.656853
696,2022-01-02-07:13:02,1,7,1.675633
697,2022-01-02-07:13:03,7,1,1.746169
698,2022-01-02-07:13:06,1,3,2.241119
699,2022-01-02-07:13:08,3,5,2.222122
700,2022-01-02-07:13:10,5,0,1.868280
701,2022-01-02-07:13:11,0,1,1.042460
702,2022-01-02-07:13:13,1,2,1.961007
703,2022-01-02-07:13:15,2,3,2.555303
704,2022-01-02-07:13:19,3,6,3.644774
705,2022-01-02-07:13:23,6,7,3.982615
706,2022-01-02-07:13:25,7,3,2.120812
707,2022-01-02-07:13:27,3,7,2.134727
708,2022-01-02-07:13:29,7,4,1.885797
709,2022-01-02-07:13:31,4,7,1.909584
710,2022-01-02-07:13:33,7,1,1.675821
711,2022-01-02-07:13:35,1,3,2.227691
712,2022-01-02-07:13:37,3,0,2.400816
713,2022-01-02-07:13:41,0,6,3.437314
714,2022-01-02-07:13:44,6,0,3.444391
715,2022-01-02-07:13:48,0,6,3.445184
716,2022-01-02-07:13:51,6,3,3.627299
717,2022-01-02-07:13:54,3,1,2.200211
718,2022-01-02-07:13:55,1,7,1.692037
719,2022-01-02-07:13:59,7,6,4.029078
720,2022-01-02-07:14:02,6,5,3.105450
721,2022-01-02-07:14:04,5,4,1.764852
722,2022-01-02-07:14:06,4,0,1.516535
723,2022-01-02-07:14:08,0,7,1.928435
724,2022-01-02-07:14:12,7,6,4.006697
725,2022-01-02-07:14:15,6,2,3.082007
726,2022-01-02-07:14:16,2,0,1.724218
727,2022-01-02-07:14:19,0,3,2.365068
728,2022-01-02-07:14:21,3,2,2.577684
729,2022-01-02-07:14:24,2,3,2.576084
730,2022-01-02-07:14:26,3,5,2.201925
731,2022-01-02-07:14:28,5,1,1.923787
732,2022-01-02-07:14:29,1,0,1.012315
733,2022-01-02-07:14:30,0,1,1.064090
734,2022-01-02-07:14:32,1,2,1.995476
735,2022-01-02-07:14:34,2,1,1.929218
736,2022-01-02-07:14:36,1,3,2.258280
737,2022-01-02-07:14:39,3,2,2.575454
738,2022-01-02-07:14:41,2,0,1.853070
739,2022-01-02-07:14:42,0,1,1.113747
740,2022-01-02-07:14:43,1,7,1.635805
741,2022-01-02-07:14:45,7,1,1.674748
742,2022-01-02-07:14:47,1,5,1.927305
743,2022-01-02-07:14:49,5,1,1.907107
744,2022-01-02-07:14:51,1,2,1.933665
745,2022-01-02-07:14:53,2,1,2.036032
746,2022-01-02-07:14:55,1,5,1.956670
747,2022-01-02-07:14:58,5,6,3.099952
748,2022-01-02-07:15:01,6,4,3.461981
749,2022-01-02-07:15:03,4,0,1.523945
750,2022-01-02-07:15:05,0,5,1.842011
751,2022-01-02-07:15:06,5,2,1.542721
752,2022-01-02-07:15:09,2,3,2.599886
753,2022-01-02-07:15:11,3,0,2.386773
754,2022-01-02-07:15:13,0,5,1.867685
755,2022-01-02-07:15:15,5,4,1.759466
756,2022-01-02-07:15:17,4,5,1.801085
757,2022-01-02-07:15:19,5,7,2.554195
758,2022-01-02-07:15:22,7,5,2.560983
759,2022-01-02-07:15:24,5,7,2.554958
760,2022-01-02-07:15:26,7,1,1.678259
761,2022-01-02-07:15:28,1,7,1.697652
762,2022-01-02-07:15:30,7,3,2.126577
763,2022-01-02-07:15:32,3,0,2.375826
764,2022-01-02-07:15:34,0,4,1.493739
765,2022-01-02-07:15:36,4,3,2.136837
766,2022-01-02-07:15:39,3,2,2.596568
767,2022-01-02-07:15:41,2,3,2.598291
768,2022-01-02-07:15:43,3,5,2.193841
769,2022-01-02-07:15:45,5,4,1.793318
770,2022-01-02-07:15:47,4,5,1.795727
771,2022-01-02-07:15:49,5,1,1.896128
772,2022-01-02-07:15:51,1,3,2.248853
773,2022-01-02-07:15:53,3,4,2.128340
774,2022-01-02-07:15:55,4,1,1.325745
775,2022-01-02-07:15:57,1,3,2.229754
776,2022-01-02-07:15:59,3,2,2.577022
777,2022-01-02-07:16:02,2,3,2.609371
778,2022-01-02-07:16:04,3,7,2.127937
779,2022-01-02-07:16:08,7,6,4.003292
780,2022-01-02-07:16:11,6,2,3.094202
781,2022-01-02-07:16:13,2,0,1.696826
782,2022-01-02-07:16:16,0,6,3.437465
783,2022-01-02-07:16:20,6,7,4.006334
784,2022-01-02-07:16:23,7,2,2.576144
785,2022-01-02-07:16:25,2,0,1.707608
786,2022-01-02-07:16:26,0,4,1.497035
787,2022-01-02-07:16:28,4,3,2.135009
788,2022-01-02-07:16:31,3,2,2.588753
789,2022-01-02-07:16:32,2,5,1.523348
790,2022-01-02-07:16:35,5,7,2.604362
791,2022-01-02-07:16:37,7,0,1.887765
792,2022-01-02-07:16:39,0,2,1.748374
793,2022-01-02-07:16:40,2,0,1.726760
794,2022-01-02-07:16:44,0,6,3.438332
795,2022-01-02-07:16:47,6,0,3.426624
796,2022-01-02-07:16:49,0,4,1.529621
797,2022-01-02-07:16:50,4,2,1.791571
798,2022-01-02-07:16:52,2,1,1.957731
799,2022-01-02-07:16:54,1,2,2.001947
800,2022-01-02-07:16:56,2,4,1.837552
801,2022-01-02-07:16:58,4,3,2.130077
802,2022-01-02-07:17:01,3,2,2.596485
803,2022-01-02-07:17:04,2,6,3.101597
804,2022-01-02-07:17:08,6,0,3.449223
805,2022-01-02-07:17:09,0,4,1.487867
806,2022-01-02-07:17:10,4,1,1.293886
807,2022-01-02-07:17:14,1,6,3.553515
808,2022-01-02-07:17:17,6,2,3.072117
809,2022-01-02-07:17:19,2,1,1.958855
810,2022-01-02-07:17:20,1,4,1.293014
811,2022-01-02-07:17:22,4,2,1.773344
812,2022-01-02-07:17:25,2,3,2.625275
813,2022-01-02-07:17:27,3,5,2.184122
814,2022-01-02-07:17:29,5,0,1.861621
815,2022-01-02-07:17:30,0,4,1.489757
816,2022-01-02-07:17:32,4,0,1.495701
817,2022-01-02-07:17:33,0,1,1.027934
818,2022-01-02-07:17:36,1,6,3.546618
819,2022-01-02-07:17:39,6,5,3.115251
820,2022-01-02-07:17:41,5,4,1.808601
821,2022-01-02-07:17:42,4,1,1.295740
822,2022-01-02-07:17:46,1,6,3.549584
823,2022-01-02-07:17:49,6,5,3.088589
824,2022-01-02-07:17:51,5,4,1.746640
825,2022-01-02-07:17:53,4,3,2.152646
826,2022-01-02-07:17:57,3,6,3.670409
827,2022-01-02-07:18:00,6,5,3.115045
828,2022-01-02-07:18:02,5,0,1.890021
829,2022-01-02-07:18:04,0,5,1.878140
830,2022-01-02-07:18:06,5,7,2.618202
831,2022-01-02-07:18:10,7,6,3.994774
832,2022-01-02-07:18:13,6,2,3.062844
833,2022-01-02-07:18:15,2,5,1.528224
834,2022-01-02-07:18:16,5,2,1.523324
835,2022-01-02-07:18:19,2,7,2.533653
836,2022-01-02-07:18:20,7,1,1.637201
837,2022-01-02-07:18:22,1,2,1.992627
838,2022-01-02-07:18:24,2,0,1.736343
839,2022-01-02-07:18:27,0,3,2.405923
840,2022-01-02-07:18:30,3,6,3.641642
841,2022-01-02-07:18:34,6,0,3.511138
842,2022-01-02-07:18:36,0,5,1.890543
843,2022-01-02-07:18:37,5,2,1.531751
844,2022-01-02-07:18:39,2,5,1.544512
845,2022-01-02-07:18:40,5,4,1.770212
846,2022-01-02-07:18:43,4,3,2.129934
847,2022-01-02-07:18:45,3,0,2.353132
848,2022-01-02-07:18:47,0,7,1.927000
849,2022-01-02-07:18:49,7,5,2.573612
850,2022-01-02-07:18:51,5,0,1.850824
851,2022-01-02-07:18:55,0,6,3.443090
852,2022-01-02-07:18:58,6,0,3.435059
853,2022-01-02-07:18:59,0,1,1.028765
854,2022-01-02-07:19:01,1,5,1.925264
855,2022-01-02-07:19:03,5,2,1.525082
856,2022-01-02-07:19:04,2,0,1.757365
857,2022-01-02-07:19:06,0,2,1.807901
858,2022-01-02-07:19:08,2,1,1.984862
859,2022-01-02-07:19:12,1,6,3.511199
860,2022-01-02-07:19:15,6,5,3.067609
861,2022-01-02-07:19:16,5,2,1.531000
862,2022-01-02-07:19:19,2,3,2.603072
863,2022-01-02-07:19:23,3,6,3.640034
864,2022-01-02-07:19:26,6,2,3.064815
865,2022-01-02-07:19:28,2,3,2.563911
866,2022-01-02-07:19:30,3,7,2.163048
867,2022-01-02-07:19:33,7,3,2.160287
868,2022-01-02-07:19:35,3,7,2.132050
869,2022-01-02-07:19:37,7,5,2.567587
870,2022-01-02-07:19:39,5,2,1.518502
871,2022-01-02-07:19:40,2,5,1.520026
872,2022-01-02-07:19:42,5,1,1.930252
873,2022-01-02-07:19:44,1,2,2.010813
874,2022-01-02-07:19:46,2,5,1.521155
875,2022-01-02-07:19:48,5,0,1.891795
876,2022-01-02-07:19:49,0,4,1.542104
877,2022-01-02-07:19:51,4,7,1.850025
878,2022-01-02-07:19:55,7,6,4.012848
879,2022-01-02-07:19:58,6,5,3.094102
880,2022-01-02-07:20:00,5,4,1.770935
881,2022-01-02-07:20:02,4,7,1.911038
882,2022-01-02-07:20:04,7,5,2.592019
883,2022-01-02-07:20:06,5,4,1.760888
884,2022-01-02-07:20:08,4,7,1.863230
885,2022-01-02-07:20:11,7,5,2.659629
886,2022-01-02-07:20:13,5,1,2.121159
887,2022-01-02-07:20:16,1,6,3.548812
888,2022-01-02-07:20:20,6,3,3.646598
889,2022-01-02-07:20:22,3,1,2.318036
890,2022-01-02-07:20:24,1,2,2.005607
891,2022-01-02-07:20:27,2,6,3.154780
