--- Start
Calibration finished !

Learning mode activated? 
False
iteration,date,init_position,final_position,time
0,2022-01-02-08:14:51,-1,7,2.844027
1,2022-01-02-08:14:54,7,5,2.741029
2,2022-01-02-08:14:56,5,6,2.693035
3,2022-01-02-08:15:00,6,7,3.495749
4,2022-01-02-08:15:03,7,2,3.029179
5,2022-01-02-08:15:07,2,5,3.716652
6,2022-01-02-08:15:09,5,7,2.544295
7,2022-01-02-08:15:12,7,6,2.608203
8,2022-01-02-08:15:15,6,4,3.489327
9,2022-01-02-08:15:17,4,1,1.294575
10,2022-01-02-08:15:19,1,3,2.206265
11,2022-01-02-08:15:22,3,7,3.227125
12,2022-01-02-08:15:25,7,0,3.054745
13,2022-01-02-08:15:27,0,2,1.717610
14,2022-01-02-08:15:29,2,7,2.584728
15,2022-01-02-08:15:34,7,3,4.198402
16,2022-01-02-08:15:37,3,1,3.432445
17,2022-01-02-08:15:39,1,2,1.934959
18,2022-01-02-08:15:42,2,7,2.572090
19,2022-01-02-08:15:44,7,2,2.592308
20,2022-01-02-08:15:47,2,3,2.626715
21,2022-01-02-08:15:49,3,5,2.162842
22,2022-01-02-08:15:52,5,6,3.128510
23,2022-01-02-08:15:56,6,3,3.626717
24,2022-01-02-08:15:58,3,0,2.353137
25,2022-01-02-08:16:00,0,4,1.480729
26,2022-01-02-08:16:01,4,0,1.520441
27,2022-01-02-08:16:02,0,1,1.044574
28,2022-01-02-08:16:04,1,5,2.119723
29,2022-01-02-08:16:08,5,2,3.650539
30,2022-01-02-08:16:12,2,5,3.658160
31,2022-01-02-08:16:13,5,1,1.927918
32,2022-01-02-08:16:14,1,0,1.034948
33,2022-01-02-08:16:16,0,5,1.880777
34,2022-01-02-08:16:19,5,6,2.652953
35,2022-01-02-08:16:22,6,1,2.927305
36,2022-01-02-08:16:23,1,0,1.028188
37,2022-01-02-08:16:25,0,5,2.173819
38,2022-01-02-08:16:27,5,2,1.518055
39,2022-01-02-08:16:29,2,1,1.927966
40,2022-01-02-08:16:31,1,5,2.005874
41,2022-01-02-08:16:34,5,4,3.273317
42,2022-01-02-08:16:36,4,3,2.145688
43,2022-01-02-08:16:40,3,1,3.549686
44,2022-01-02-08:16:42,1,5,1.923939
45,2022-01-02-08:16:45,5,4,3.487646
46,2022-01-02-08:16:47,4,3,2.090853
47,2022-01-02-08:16:51,3,1,3.505068
48,2022-01-02-08:16:52,1,7,1.715417
49,2022-01-02-08:16:56,7,6,3.999373
50,2022-01-02-08:16:59,6,5,3.169328
51,2022-01-02-08:17:02,5,7,2.576506
52,2022-01-02-08:17:05,7,4,3.129284
53,2022-01-02-08:17:07,4,2,1.791749
54,2022-01-02-08:17:09,2,0,1.754854
55,2022-01-02-08:17:10,0,4,1.607179
56,2022-01-02-08:17:12,4,3,2.031592
57,2022-01-02-08:17:15,3,7,2.257170
58,2022-01-02-08:17:17,7,6,2.587715
59,2022-01-02-08:17:20,6,0,3.100990
60,2022-01-02-08:17:22,0,7,1.939368
61,2022-01-02-08:17:24,7,0,2.096329
62,2022-01-02-08:17:26,0,5,1.853465
63,2022-01-02-08:17:28,5,2,1.577570
64,2022-01-02-08:17:29,2,5,1.521885
65,2022-01-02-08:17:32,5,7,2.552620
66,2022-01-02-08:17:35,7,4,3.190663
67,2022-01-02-08:17:38,4,6,3.214203
68,2022-01-02-08:17:42,6,0,3.537729
69,2022-01-02-08:17:44,0,5,2.422598
70,2022-01-02-08:17:46,5,0,1.938221
71,2022-01-02-08:17:49,0,3,2.363763
72,2022-01-02-08:17:53,3,2,4.368657
73,2022-01-02-08:17:57,2,0,3.928344
74,2022-01-02-08:17:59,0,5,1.939461
75,2022-01-02-08:18:01,5,0,1.987097
76,2022-01-02-08:18:02,0,2,1.684555
77,2022-01-02-08:18:04,2,0,1.692247
78,2022-01-02-08:18:06,0,5,1.986611
79,2022-01-02-08:18:08,5,2,1.584256
80,2022-01-02-08:18:09,2,0,1.682614
81,2022-01-02-08:18:10,0,1,1.031144
82,2022-01-02-08:18:12,1,4,1.317019
83,2022-01-02-08:18:13,4,0,1.527198
84,2022-01-02-08:18:15,0,5,2.141027
85,2022-01-02-08:18:19,5,4,3.244096
86,2022-01-02-08:18:23,4,1,3.948271
87,2022-01-02-08:18:25,1,2,1.931776
88,2022-01-02-08:18:26,2,1,1.940307
89,2022-01-02-08:18:28,1,2,1.946340
90,2022-01-02-08:18:31,2,3,2.994936
91,2022-01-02-08:18:35,3,1,3.391773
92,2022-01-02-08:18:37,1,2,1.924302
93,2022-01-02-08:18:38,2,4,1.725109
94,2022-01-02-08:18:40,4,7,1.850717
95,2022-01-02-08:18:43,7,5,2.732129
96,2022-01-02-08:18:45,5,3,2.288054
97,2022-01-02-08:18:48,3,0,2.497990
98,2022-01-02-08:18:49,0,1,1.024480
99,2022-01-02-08:18:51,1,5,1.988247
100,2022-01-02-08:18:53,5,3,2.228352
101,2022-01-02-08:18:55,3,6,1.987462
102,2022-01-02-08:18:58,6,7,3.328082
103,2022-01-02-08:19:02,7,2,3.259749
104,2022-01-02-08:19:05,2,5,3.642544
105,2022-01-02-08:19:07,5,0,1.902043
106,2022-01-02-08:19:09,0,2,1.685874
107,2022-01-02-08:19:11,2,7,2.525466
108,2022-01-02-08:19:15,7,2,3.131345
109,2022-01-02-08:19:18,2,7,3.136558
110,2022-01-02-08:19:21,7,3,3.287235
111,2022-01-02-08:19:23,3,6,2.019594
112,2022-01-02-08:19:25,6,3,1.994103
113,2022-01-02-08:19:27,3,0,2.334756
114,2022-01-02-08:19:29,0,4,1.490007
115,2022-01-02-08:19:30,4,1,1.281922
116,2022-01-02-08:19:32,1,7,1.634800
117,2022-01-02-08:19:34,7,5,2.615377
118,2022-01-02-08:19:36,5,4,1.903120
119,2022-01-02-08:19:38,4,7,1.843459
120,2022-01-02-08:19:40,7,4,1.834403
121,2022-01-02-08:19:42,4,7,1.837105
122,2022-01-02-08:19:44,7,5,2.729292
123,2022-01-02-08:19:46,5,1,1.922339
124,2022-01-02-08:19:48,1,2,1.948487
125,2022-01-02-08:19:51,2,6,3.164033
126,2022-01-02-08:19:55,6,0,3.712194
127,2022-01-02-08:19:57,0,7,1.890832
128,2022-01-02-08:19:59,7,0,1.941941
129,2022-01-02-08:20:01,0,5,2.025731
130,2022-01-02-08:20:03,5,4,1.932289
131,2022-01-02-08:20:05,4,3,2.085814
132,2022-01-02-08:20:07,3,4,2.053993
133,2022-01-02-08:20:09,4,2,1.835420
134,2022-01-02-08:20:11,2,0,1.693539
135,2022-01-02-08:20:13,0,5,1.950584
136,2022-01-02-08:20:15,5,7,2.543485
137,2022-01-02-08:20:18,7,3,3.212636
138,2022-01-02-08:20:20,3,6,1.994730
139,2022-01-02-08:20:22,6,3,1.949438
140,2022-01-02-08:20:27,3,2,4.296813
141,2022-01-02-08:20:31,2,6,4.076568
142,2022-01-02-08:20:33,6,7,2.582589
143,2022-01-02-08:20:35,7,0,1.950170
144,2022-01-02-08:20:38,0,6,2.855512
145,2022-01-02-08:20:41,6,2,3.135130
146,2022-01-02-08:20:44,2,6,3.100215
147,2022-01-02-08:20:47,6,2,3.134434
148,2022-01-02-08:20:50,2,7,2.587853
149,2022-01-02-08:20:53,7,2,2.589476
150,2022-01-02-08:20:55,2,1,1.947735
151,2022-01-02-08:20:56,1,0,1.067397
152,2022-01-02-08:20:57,0,1,1.021208
153,2022-01-02-08:20:58,1,0,1.036133
154,2022-01-02-08:21:00,0,6,2.789470
155,2022-01-02-08:21:03,6,0,2.868856
156,2022-01-02-08:21:04,0,1,1.020727
157,2022-01-02-08:21:08,1,6,3.561244
158,2022-01-02-08:21:11,6,0,3.424144
159,2022-01-02-08:21:13,0,5,2.019703
160,2022-01-02-08:21:17,5,2,3.653377
161,2022-01-02-08:21:21,2,1,4.294206
162,2022-01-02-08:21:23,1,4,1.278680
163,2022-01-02-08:21:24,4,1,1.282542
164,2022-01-02-08:21:26,1,3,2.446534
165,2022-01-02-08:21:28,3,4,2.084959
166,2022-01-02-08:21:30,4,5,1.735787
167,2022-01-02-08:21:34,5,2,3.627043
168,2022-01-02-08:21:36,2,4,1.784015
169,2022-01-02-08:21:39,4,5,3.296238
170,2022-01-02-08:21:43,5,2,3.686331
171,2022-01-02-08:21:46,2,6,3.038677
172,2022-01-02-08:21:49,6,0,3.496194
173,2022-01-02-08:21:52,0,3,2.661538
174,2022-01-02-08:21:56,3,2,4.337577
175,2022-01-02-08:22:00,2,1,4.097556
176,2022-01-02-08:22:02,1,5,1.923364
177,2022-01-02-08:22:05,5,6,3.158308
178,2022-01-02-08:22:09,6,3,3.487874
179,2022-01-02-08:22:12,3,2,2.941558
180,2022-01-02-08:22:14,2,7,2.549243
181,2022-01-02-08:22:17,7,5,2.639605
182,2022-01-02-08:22:20,5,4,3.220113
183,2022-01-02-08:22:23,4,5,3.365894
184,2022-01-02-08:22:25,5,4,1.789176
185,2022-01-02-08:22:28,4,6,2.622245
186,2022-01-02-08:22:31,6,5,3.090060
187,2022-01-02-08:22:34,5,4,3.437416
188,2022-01-02-08:22:38,4,2,3.297038
189,2022-01-02-08:22:40,2,1,1.934617
190,2022-01-02-08:22:41,1,4,1.327576
191,2022-01-02-08:22:45,4,2,4.057234
192,2022-01-02-08:22:49,2,3,4.403891
193,2022-01-02-08:22:52,3,1,2.331435
194,2022-01-02-08:22:53,1,7,1.631014
195,2022-01-02-08:22:55,7,1,1.721481
196,2022-01-02-08:22:57,1,7,1.680502
197,2022-01-02-08:22:59,7,4,1.852622
198,2022-01-02-08:23:01,4,7,1.862660
199,2022-01-02-08:23:02,7,1,1.685123
200,2022-01-02-08:23:04,1,2,1.963166
201,2022-01-02-08:23:07,2,7,2.588949
202,2022-01-02-08:23:09,7,5,2.631158
203,2022-01-02-08:23:11,5,0,1.896526
204,2022-01-02-08:23:13,0,2,1.756629
205,2022-01-02-08:23:15,2,0,1.684356
206,2022-01-02-08:23:17,0,2,1.820786
207,2022-01-02-08:23:18,2,0,1.723848
208,2022-01-02-08:23:21,0,3,2.556119
209,2022-01-02-08:23:23,3,5,2.308251
210,2022-01-02-08:23:25,5,4,1.814317
211,2022-01-02-08:23:27,4,5,1.752317
212,2022-01-02-08:23:29,5,1,1.963383
213,2022-01-02-08:23:31,1,5,1.931911
214,2022-01-02-08:23:32,5,4,1.782959
215,2022-01-02-08:23:34,4,3,2.094188
216,2022-01-02-08:23:38,3,7,3.262019
217,2022-01-02-08:23:41,7,3,3.200558
218,2022-01-02-08:23:43,3,5,2.392855
219,2022-01-02-08:23:46,5,6,3.100753
220,2022-01-02-08:23:50,6,3,3.093198
221,2022-01-02-08:23:53,3,1,3.595055
222,2022-01-02-08:23:55,1,2,1.939183
223,2022-01-02-08:23:57,2,1,1.957215
224,2022-01-02-08:23:59,1,3,2.233876
225,2022-01-02-08:24:02,3,0,2.385362
226,2022-01-02-08:24:04,0,6,2.817789
227,2022-01-02-08:24:07,6,5,2.712563
228,2022-01-02-08:24:09,5,0,1.934428
229,2022-01-02-08:24:10,0,1,1.023753
230,2022-01-02-08:24:12,1,7,1.654735
231,2022-01-02-08:24:16,7,6,4.144006
232,2022-01-02-08:24:19,6,5,3.229456
233,2022-01-02-08:24:22,5,6,3.090821
234,2022-01-02-08:24:26,6,1,3.555354
235,2022-01-02-08:24:28,1,2,1.934143
236,2022-01-02-08:24:30,2,3,2.644075
237,2022-01-02-08:24:33,3,2,2.588591
238,2022-01-02-08:24:35,2,1,1.992537
239,2022-01-02-08:24:38,1,6,2.626635
240,2022-01-02-08:24:40,6,1,2.703340
241,2022-01-02-08:24:42,1,4,1.312183
242,2022-01-02-08:24:45,4,6,3.449121
243,2022-01-02-08:24:49,6,1,3.611816
244,2022-01-02-08:24:51,1,2,1.937516
245,2022-01-02-08:24:53,2,3,2.724784
246,2022-01-02-08:24:56,3,2,2.659390
247,2022-01-02-08:24:59,2,7,2.573076
248,2022-01-02-08:25:00,7,1,1.629882
249,2022-01-02-08:25:01,1,0,1.034589
250,2022-01-02-08:25:03,0,4,1.491056
251,2022-01-02-08:25:04,4,0,1.490578
252,2022-01-02-08:25:08,0,6,3.535574
253,2022-01-02-08:25:12,6,7,4.098686
254,2022-01-02-08:25:14,7,4,1.861492
255,2022-01-02-08:25:15,4,0,1.520474
256,2022-01-02-08:25:16,0,1,1.049216
257,2022-01-02-08:25:20,1,6,3.598492
258,2022-01-02-08:25:23,6,5,3.096770
259,2022-01-02-08:25:25,5,3,2.231815
260,2022-01-02-08:25:29,3,7,3.300391
261,2022-01-02-08:25:32,7,0,3.046290
262,2022-01-02-08:25:33,0,5,1.853398
263,2022-01-02-08:25:36,5,6,2.697770
264,2022-01-02-08:25:39,6,0,2.894874
265,2022-01-02-08:25:41,0,5,1.922830
266,2022-01-02-08:25:44,5,4,3.330484
267,2022-01-02-08:25:48,4,5,3.242587
268,2022-01-02-08:25:49,5,1,1.928870
269,2022-01-02-08:25:51,1,7,1.651039
270,2022-01-02-08:25:53,7,0,2.034943
271,2022-01-02-08:25:55,0,4,1.486963
272,2022-01-02-08:25:57,4,3,2.055062
273,2022-01-02-08:26:01,3,2,4.369509
274,2022-01-02-08:26:05,2,1,4.090146
275,2022-01-02-08:26:07,1,5,1.936506
276,2022-01-02-08:26:11,5,4,3.605886
277,2022-01-02-08:26:13,4,3,2.129375
278,2022-01-02-08:26:15,3,4,2.328002
279,2022-01-02-08:26:17,4,2,1.826144
280,2022-01-02-08:26:20,2,7,3.126915
281,2022-01-02-08:26:23,7,6,2.562730
282,2022-01-02-08:26:26,6,2,3.156534
283,2022-01-02-08:26:28,2,4,1.818198
284,2022-01-02-08:26:31,4,5,3.242859
285,2022-01-02-08:26:33,5,7,2.578371
286,2022-01-02-08:26:36,7,0,3.057772
287,2022-01-02-08:26:40,0,6,3.633973
288,2022-01-02-08:26:44,6,0,3.636354
289,2022-01-02-08:26:45,0,4,1.579905
290,2022-01-02-08:26:49,4,6,3.468685
291,2022-01-02-08:26:52,6,1,3.565653
292,2022-01-02-08:26:53,1,0,1.077980
293,2022-01-02-08:26:57,0,3,3.366639
294,2022-01-02-08:27:00,3,6,3.124125
295,2022-01-02-08:27:03,6,0,3.503737
296,2022-01-02-08:27:07,0,6,3.483084
297,2022-01-02-08:27:10,6,3,3.125662
298,2022-01-02-08:27:14,3,7,3.840267
299,2022-01-02-08:27:16,7,4,1.838026
300,2022-01-02-08:27:18,4,3,2.053761
301,2022-01-02-08:27:20,3,2,2.585979
302,2022-01-02-08:27:24,2,6,3.149112
303,2022-01-02-08:27:27,6,3,3.750881
304,2022-01-02-08:27:30,3,5,3.064937
305,2022-01-02-08:27:33,5,6,3.051364
306,2022-01-02-08:27:37,6,2,3.157740
307,2022-01-02-08:27:38,2,0,1.730486
308,2022-01-02-08:27:39,0,1,1.082761
309,2022-01-02-08:27:41,1,4,1.316507
310,2022-01-02-08:27:42,4,0,1.523404
311,2022-01-02-08:27:44,0,2,1.689527
312,2022-01-02-08:27:45,2,5,1.490075
313,2022-01-02-08:27:47,5,1,1.943368
314,2022-01-02-08:27:49,1,2,1.923165
315,2022-01-02-08:27:51,2,0,1.683120
316,2022-01-02-08:27:53,0,7,1.963049
317,2022-01-02-08:27:56,7,5,2.684963
318,2022-01-02-08:27:58,5,3,2.201056
319,2022-01-02-08:28:01,3,2,2.895361
320,2022-01-02-08:28:04,2,6,3.097504
321,2022-01-02-08:28:07,6,4,3.505943
322,2022-01-02-08:28:09,4,1,1.316578
323,2022-01-02-08:28:10,1,7,1.685902
324,2022-01-02-08:28:14,7,6,3.985169
325,2022-01-02-08:28:18,6,0,3.464437
326,2022-01-02-08:28:19,0,4,1.534703
327,2022-01-02-08:28:21,4,3,2.040787
328,2022-01-02-08:28:23,3,6,1.995307
329,2022-01-02-08:28:26,6,1,2.634068
330,2022-01-02-08:28:28,1,7,1.684757
331,2022-01-02-08:28:30,7,2,2.591646
332,2022-01-02-08:28:32,2,1,1.952148
333,2022-01-02-08:28:34,1,7,1.681215
334,2022-01-02-08:28:36,7,6,2.597153
335,2022-01-02-08:28:39,6,1,2.691676
336,2022-01-02-08:28:41,1,7,1.697180
337,2022-01-02-08:28:45,7,2,4.515984
338,2022-01-02-08:28:50,2,3,4.300275
339,2022-01-02-08:28:52,3,6,1.959240
340,2022-01-02-08:28:54,6,0,2.824561
341,2022-01-02-08:28:56,0,4,1.495515
342,2022-01-02-08:28:58,4,7,1.854583
343,2022-01-02-08:29:00,7,2,2.626081
344,2022-01-02-08:29:02,2,5,1.486818
345,2022-01-02-08:29:04,5,0,1.894634
346,2022-01-02-08:29:06,0,5,2.133575
347,2022-01-02-08:29:09,5,3,3.033292
348,2022-01-02-08:29:12,3,2,2.919334
349,2022-01-02-08:29:15,2,3,2.660077
350,2022-01-02-08:29:17,3,2,2.736833
351,2022-01-02-08:29:21,2,0,3.851155
352,2022-01-02-08:29:24,0,6,2.806261
353,2022-01-02-08:29:26,6,3,2.024532
354,2022-01-02-08:29:29,3,7,3.278007
355,2022-01-02-08:29:32,7,0,3.056500
356,2022-01-02-08:29:36,0,6,3.446082
357,2022-01-02-08:29:40,6,7,4.000385
358,2022-01-02-08:29:42,7,3,2.294795
359,2022-01-02-08:29:45,3,5,2.529908
360,2022-01-02-08:29:47,5,0,1.984234
361,2022-01-02-08:29:49,0,3,2.375379
362,2022-01-02-08:29:51,3,0,2.399778
363,2022-01-02-08:29:53,0,5,1.883760
364,2022-01-02-08:29:56,5,7,2.547205
365,2022-01-02-08:29:59,7,4,3.268816
366,2022-01-02-08:30:02,4,6,3.197775
367,2022-01-02-08:30:05,6,5,3.163200
368,2022-01-02-08:30:07,5,0,1.925382
369,2022-01-02-08:30:09,0,2,1.699324
370,2022-01-02-08:30:11,2,0,1.721526
371,2022-01-02-08:30:13,0,3,2.404448
372,2022-01-02-08:30:16,3,2,2.558447
373,2022-01-02-08:30:17,2,0,1.721648
374,2022-01-02-08:30:19,0,4,1.483071
375,2022-01-02-08:30:22,4,6,3.409970
376,2022-01-02-08:30:26,6,5,3.261933
377,2022-01-02-08:30:28,5,7,2.559437
378,2022-01-02-08:30:32,7,1,3.340949
379,2022-01-02-08:30:34,1,2,2.007798
380,2022-01-02-08:30:35,2,0,1.717631
381,2022-01-02-08:30:37,0,4,1.583334
382,2022-01-02-08:30:38,4,0,1.520556
383,2022-01-02-08:30:42,0,6,3.441103
384,2022-01-02-08:30:45,6,2,3.102161
385,2022-01-02-08:30:48,2,3,2.691141
386,2022-01-02-08:30:50,3,0,2.379862
387,2022-01-02-08:30:54,0,6,3.643081
388,2022-01-02-08:30:56,6,7,2.564743
389,2022-01-02-08:30:59,7,6,2.550776
390,2022-01-02-08:31:02,6,3,3.747708
391,2022-01-02-08:31:05,3,1,2.314448
392,2022-01-02-08:31:06,1,4,1.319352
393,2022-01-02-08:31:07,4,1,1.315772
394,2022-01-02-08:31:09,1,4,1.285947
395,2022-01-02-08:31:11,4,7,1.856668
396,2022-01-02-08:31:12,7,1,1.651365
397,2022-01-02-08:31:13,1,0,1.038317
398,2022-01-02-08:31:15,0,7,1.932111
399,2022-01-02-08:31:18,7,6,2.648145
400,2022-01-02-08:31:21,6,5,2.689081
401,2022-01-02-08:31:24,5,4,3.302300
402,2022-01-02-08:31:28,4,7,4.082406
403,2022-01-02-08:31:32,7,2,4.434342
404,2022-01-02-08:31:35,2,3,2.569607
405,2022-01-02-08:31:39,3,7,3.844999
406,2022-01-02-08:31:41,7,4,2.136665
407,2022-01-02-08:31:43,4,2,1.822652
408,2022-01-02-08:31:45,2,1,1.925355
409,2022-01-02-08:31:47,1,2,1.965864
410,2022-01-02-08:31:50,2,6,3.129698
411,2022-01-02-08:31:52,6,4,2.615447
412,2022-01-02-08:31:54,4,5,1.757169
413,2022-01-02-08:31:57,5,6,3.130262
414,2022-01-02-08:32:00,6,5,3.124097
415,2022-01-02-08:32:02,5,4,2.094395
416,2022-01-02-08:32:04,4,0,1.524734
417,2022-01-02-08:32:07,0,6,3.466906
418,2022-01-02-08:32:11,6,1,3.572110
419,2022-01-02-08:32:12,1,0,1.101297
420,2022-01-02-08:32:14,0,4,1.521153
421,2022-01-02-08:32:15,4,5,1.761522
422,2022-01-02-08:32:17,5,0,2.047998
423,2022-01-02-08:32:20,0,3,2.512758
424,2022-01-02-08:32:22,3,4,2.198256
425,2022-01-02-08:32:23,4,1,1.322756
426,2022-01-02-08:32:25,1,7,1.757683
427,2022-01-02-08:32:27,7,3,2.225174
428,2022-01-02-08:32:30,3,1,2.297089
429,2022-01-02-08:32:32,1,6,2.693775
430,2022-01-02-08:32:36,6,2,3.097859
431,2022-01-02-08:32:38,2,3,2.684920
432,2022-01-02-08:32:41,3,0,2.365580
433,2022-01-02-08:32:43,0,7,1.942673
434,2022-01-02-08:32:44,7,1,1.656379
435,2022-01-02-08:32:46,1,5,2.091483
436,2022-01-02-08:32:48,5,3,2.169238
437,2022-01-02-08:32:51,3,5,2.375966
438,2022-01-02-08:32:53,5,1,2.241675
439,2022-01-02-08:32:55,1,5,2.045086
440,2022-01-02-08:32:58,5,7,2.590543
441,2022-01-02-08:33:01,7,0,3.055737
442,2022-01-02-08:33:02,0,1,1.090818
443,2022-01-02-08:33:03,1,4,1.322005
444,2022-01-02-08:33:05,4,3,2.039530
445,2022-01-02-08:33:08,3,2,2.631103
446,2022-01-02-08:33:10,2,0,1.689853
447,2022-01-02-08:33:13,0,3,3.399598
448,2022-01-02-08:33:16,3,1,3.494239
449,2022-01-02-08:33:18,1,5,1.951533
450,2022-01-02-08:33:21,5,7,2.594667
451,2022-01-02-08:33:24,7,1,3.442113
452,2022-01-02-08:33:26,1,7,1.675138
453,2022-01-02-08:33:28,7,3,2.191842
454,2022-01-02-08:33:31,3,0,2.491379
455,2022-01-02-08:33:32,0,2,1.690435
456,2022-01-02-08:33:34,2,5,1.527056
457,2022-01-02-08:33:37,5,7,2.590057
458,2022-01-02-08:33:40,7,1,3.352492
459,2022-01-02-08:33:43,1,3,3.452601
460,2022-01-02-08:33:47,3,2,3.150430
461,2022-01-02-08:33:48,2,5,1.526331
462,2022-01-02-08:33:51,5,4,2.424310
463,2022-01-02-08:33:52,4,0,1.526939
464,2022-01-02-08:33:53,0,1,1.077104
465,2022-01-02-08:33:55,1,3,2.254859
466,2022-01-02-08:33:58,3,5,2.227969
467,2022-01-02-08:34:00,5,0,1.985543
468,2022-01-02-08:34:02,0,3,2.433347
469,2022-01-02-08:34:04,3,1,2.332542
470,2022-01-02-08:34:06,1,7,1.727465
471,2022-01-02-08:34:09,7,5,2.965266
472,2022-01-02-08:34:11,5,0,2.139811
473,2022-01-02-08:34:13,0,5,1.960310
474,2022-01-02-08:34:15,5,0,1.909619
475,2022-01-02-08:34:17,0,7,1.898946
476,2022-01-02-08:34:19,7,1,1.668610
477,2022-01-02-08:34:21,1,2,2.013030
478,2022-01-02-08:34:22,2,0,1.759887
479,2022-01-02-08:34:23,0,1,1.056849
480,2022-01-02-08:34:26,1,5,2.067443
481,2022-01-02-08:34:28,5,7,2.560126
482,2022-01-02-08:34:31,7,0,3.063738
483,2022-01-02-08:34:33,0,2,1.740706
484,2022-01-02-08:34:36,2,6,3.243853
485,2022-01-02-08:34:40,6,4,3.738877
486,2022-01-02-08:34:44,4,6,3.871366
487,2022-01-02-08:34:47,6,2,3.140602
488,2022-01-02-08:34:49,2,0,1.681906
489,2022-01-02-08:34:51,0,3,2.356596
490,2022-01-02-08:34:53,3,0,2.522538
491,2022-01-02-08:34:56,0,5,2.134318
492,2022-01-02-08:34:57,5,4,1.788793
493,2022-01-02-08:34:59,4,5,1.756537
494,2022-01-02-08:35:02,5,6,3.096900
495,2022-01-02-08:35:06,6,5,3.440299
496,2022-01-02-08:35:09,5,2,3.668385
497,2022-01-02-08:35:12,2,7,2.994652
498,2022-01-02-08:35:15,7,6,2.535769
499,2022-01-02-08:35:18,6,7,2.677882
500,2022-01-02-08:35:21,7,0,3.067094
501,2022-01-02-08:35:23,0,6,2.875205
502,2022-01-02-08:35:28,6,2,4.109553
503,2022-01-02-08:35:32,2,1,4.203296
504,2022-01-02-08:35:35,1,6,2.741184
505,2022-01-02-08:35:37,6,3,2.036644
506,2022-01-02-08:35:39,3,0,2.472122
507,2022-01-02-08:35:40,0,1,1.041062
508,2022-01-02-08:35:42,1,2,2.030077
509,2022-01-02-08:35:44,2,5,1.529364
510,2022-01-02-08:35:47,5,6,3.077064
511,2022-01-02-08:35:50,6,0,3.461409
512,2022-01-02-08:35:52,0,5,1.921954
513,2022-01-02-08:35:55,5,3,3.239393
514,2022-01-02-08:35:59,3,4,3.534540
515,2022-01-02-08:36:01,4,7,1.856432
516,2022-01-02-08:36:03,7,0,2.029089
517,2022-01-02-08:36:05,0,5,1.887047
518,2022-01-02-08:36:07,5,3,2.241731
519,2022-01-02-08:36:09,3,4,2.033240
520,2022-01-02-08:36:10,4,1,1.322222
521,2022-01-02-08:36:13,1,6,2.702345
522,2022-01-02-08:36:15,6,3,1.996976
523,2022-01-02-08:36:17,3,4,2.114661
524,2022-01-02-08:36:19,4,3,2.057106
525,2022-01-02-08:36:21,3,1,2.294935
526,2022-01-02-08:36:23,1,4,1.300342
527,2022-01-02-08:36:24,4,1,1.322974
528,2022-01-02-08:36:26,1,3,2.267793
529,2022-01-02-08:36:28,3,5,2.163557
530,2022-01-02-08:36:31,5,7,2.590375
531,2022-01-02-08:36:34,7,4,3.090141
532,2022-01-02-08:36:35,4,1,1.331455
533,2022-01-02-08:36:38,1,3,2.243392
534,2022-01-02-08:36:40,3,0,2.395063
535,2022-01-02-08:36:44,0,6,3.439977
536,2022-01-02-08:36:47,6,1,3.587073
537,2022-01-02-08:36:48,1,0,1.062792
538,2022-01-02-08:36:50,0,7,1.935653
539,2022-01-02-08:36:52,7,1,1.658418
540,2022-01-02-08:36:53,1,0,1.119701
541,2022-01-02-08:36:54,0,1,1.036656
542,2022-01-02-08:36:56,1,3,2.434838
543,2022-01-02-08:36:58,3,4,2.068720
544,2022-01-02-08:37:03,4,2,4.129902
545,2022-01-02-08:37:06,2,6,3.121923
546,2022-01-02-08:37:09,6,3,3.738040
547,2022-01-02-08:37:12,3,1,2.572805
548,2022-01-02-08:37:14,1,7,1.721632
549,2022-01-02-08:37:15,7,1,1.684289
550,2022-01-02-08:37:17,1,7,1.726394
551,2022-01-02-08:37:20,7,2,2.523564
552,2022-01-02-08:37:22,2,7,2.561661
553,2022-01-02-08:37:25,7,2,2.542048
554,2022-01-02-08:37:26,2,5,1.540036
555,2022-01-02-08:37:28,5,0,1.869484
556,2022-01-02-08:37:30,0,2,1.741031
557,2022-01-02-08:37:33,2,6,3.246594
558,2022-01-02-08:37:37,6,7,4.088986
559,2022-01-02-08:37:40,7,5,2.972163
560,2022-01-02-08:37:43,5,3,2.248519
561,2022-01-02-08:37:45,3,1,2.498559
562,2022-01-02-08:37:47,1,5,1.918446
563,2022-01-02-08:37:50,5,6,3.074647
564,2022-01-02-08:37:54,6,4,3.512711
565,2022-01-02-08:37:55,4,1,1.300352
566,2022-01-02-08:37:56,1,4,1.300100
567,2022-01-02-08:37:58,4,5,1.758229
568,2022-01-02-08:38:00,5,3,2.310102
569,2022-01-02-08:38:03,3,1,2.326012
570,2022-01-02-08:38:05,1,5,2.042180
571,2022-01-02-08:38:07,5,1,2.069854
572,2022-01-02-08:38:08,1,0,1.058461
573,2022-01-02-08:38:10,0,5,2.000211
574,2022-01-02-08:38:12,5,4,1.990549
575,2022-01-02-08:38:14,4,7,1.897664
576,2022-01-02-08:38:18,7,2,4.383710
577,2022-01-02-08:38:22,2,6,4.113778
578,2022-01-02-08:38:25,6,4,2.712536
579,2022-01-02-08:38:28,4,6,3.495792
580,2022-01-02-08:38:31,6,5,3.156189
581,2022-01-02-08:38:33,5,1,1.931080
582,2022-01-02-08:38:36,1,3,2.296163
583,2022-01-02-08:38:39,3,7,3.255461
584,2022-01-02-08:38:42,7,0,3.131004
585,2022-01-02-08:38:44,0,5,1.823137
586,2022-01-02-08:38:46,5,7,2.612141
587,2022-01-02-08:38:49,7,5,2.789372
588,2022-01-02-08:38:52,5,3,2.543169
589,2022-01-02-08:38:54,3,5,2.297038
590,2022-01-02-08:38:56,5,4,1.831384
591,2022-01-02-08:39:00,4,2,4.082529
592,2022-01-02-08:39:04,2,7,4.385215
593,2022-01-02-08:39:06,7,1,1.640317
594,2022-01-02-08:39:07,1,0,1.066661
595,2022-01-02-08:39:11,0,6,3.472117
596,2022-01-02-08:39:14,6,3,3.743101
597,2022-01-02-08:39:16,3,4,2.108243
598,2022-01-02-08:39:18,4,1,1.323418
599,2022-01-02-08:39:19,1,7,1.715572
600,2022-01-02-08:39:22,7,5,2.779364
601,2022-01-02-08:39:25,5,7,2.550164
602,2022-01-02-08:39:28,7,0,3.044158
603,2022-01-02-08:39:29,0,4,1.516978
604,2022-01-02-08:39:31,4,0,1.523599
605,2022-01-02-08:39:34,0,6,3.459642
606,2022-01-02-08:39:38,6,4,3.241709
607,2022-01-02-08:39:41,4,6,3.250942
608,2022-01-02-08:39:45,6,3,3.663843
609,2022-01-02-08:39:47,3,1,2.246048
610,2022-01-02-08:39:49,1,2,1.970137
611,2022-01-02-08:39:51,2,4,1.832126
612,2022-01-02-08:39:52,4,5,1.742412
613,2022-01-02-08:39:55,5,7,2.601315
614,2022-01-02-08:39:57,7,6,2.560568
615,2022-01-02-08:40:01,6,2,3.145804
616,2022-01-02-08:40:02,2,4,1.824706
617,2022-01-02-08:40:06,4,1,4.037104
618,2022-01-02-08:40:08,1,2,1.991119
619,2022-01-02-08:40:12,2,6,3.112086
620,2022-01-02-08:40:15,6,2,3.434651
621,2022-01-02-08:40:17,2,1,1.984825
622,2022-01-02-08:40:19,1,2,2.046618
623,2022-01-02-08:40:21,2,0,1.738439
624,2022-01-02-08:40:23,0,2,1.742166
625,2022-01-02-08:40:25,2,1,2.032430
626,2022-01-02-08:40:27,1,3,2.248936
627,2022-01-02-08:40:29,3,1,2.295387
628,2022-01-02-08:40:32,1,6,2.738816
629,2022-01-02-08:40:36,6,4,3.932555
630,2022-01-02-08:40:39,4,5,3.443045
631,2022-01-02-08:40:43,5,2,3.848891
632,2022-01-02-08:40:45,2,4,1.825772
633,2022-01-02-08:40:48,4,7,3.333560
634,2022-01-02-08:40:52,7,3,3.322436
635,2022-01-02-08:40:54,3,5,2.354168
636,2022-01-02-08:40:56,5,1,2.018522
637,2022-01-02-08:40:59,1,6,2.692384
638,2022-01-02-08:41:02,6,2,3.059280
639,2022-01-02-08:41:04,2,3,2.732800
640,2022-01-02-08:41:07,3,0,2.436410
641,2022-01-02-08:41:09,0,5,1.939500
642,2022-01-02-08:41:11,5,7,2.584418
643,2022-01-02-08:41:14,7,2,2.665294
644,2022-01-02-08:41:16,2,1,1.993650
645,2022-01-02-08:41:17,1,0,1.086982
646,2022-01-02-08:41:21,0,6,3.601926
647,2022-01-02-08:41:24,6,2,3.409475
648,2022-01-02-08:41:26,2,1,1.995790
649,2022-01-02-08:41:27,1,4,1.334467
650,2022-01-02-08:41:29,4,2,1.878951
651,2022-01-02-08:41:32,2,7,2.607430
652,2022-01-02-08:41:34,7,0,2.043612
653,2022-01-02-08:41:37,0,6,2.840865
654,2022-01-02-08:41:40,6,5,2.711599
655,2022-01-02-08:41:42,5,7,2.572987
656,2022-01-02-08:41:45,7,2,2.732591
657,2022-01-02-08:41:46,2,5,1.520758
658,2022-01-02-08:41:48,5,0,1.924947
659,2022-01-02-08:41:50,0,5,1.962297
660,2022-01-02-08:41:52,5,1,1.931594
661,2022-01-02-08:41:53,1,0,1.053259
662,2022-01-02-08:41:55,0,4,1.499310
663,2022-01-02-08:41:57,4,7,1.902374
664,2022-01-02-08:41:59,7,5,2.802430
665,2022-01-02-08:42:03,5,6,3.133056
666,2022-01-02-08:42:06,6,5,3.137161
667,2022-01-02-08:42:08,5,6,2.697080
668,2022-01-02-08:42:11,6,0,2.915490
669,2022-01-02-08:42:13,0,2,1.700797
670,2022-01-02-08:42:15,2,0,1.703892
671,2022-01-02-08:42:17,0,7,1.945157
672,2022-01-02-08:42:19,7,0,2.170643
673,2022-01-02-08:42:21,0,7,1.992516
674,2022-01-02-08:42:23,7,2,2.600253
675,2022-01-02-08:42:25,2,4,1.817785
676,2022-01-02-08:42:27,4,2,1.808572
677,2022-01-02-08:42:29,2,4,1.796006
678,2022-01-02-08:42:31,4,3,2.087971
679,2022-01-02-08:42:33,3,1,2.327568
680,2022-01-02-08:42:34,1,0,1.052385
681,2022-01-02-08:42:37,0,6,2.862420
682,2022-01-02-08:42:40,6,0,2.999921
683,2022-01-02-08:42:42,0,5,1.893155
684,2022-01-02-08:42:45,5,6,3.109306
685,2022-01-02-08:42:49,6,0,3.432253
686,2022-01-02-08:42:50,0,2,1.713006
687,2022-01-02-08:42:52,2,5,1.526670
688,2022-01-02-08:42:54,5,1,2.118855
689,2022-01-02-08:42:56,1,5,2.034329
690,2022-01-02-08:42:59,5,6,3.067070
691,2022-01-02-08:43:02,6,2,3.214770
692,2022-01-02-08:43:05,2,7,2.652388
693,2022-01-02-08:43:07,7,0,2.038403
694,2022-01-02-08:43:09,0,3,2.401680
695,2022-01-02-08:43:11,3,6,2.054610
696,2022-01-02-08:43:14,6,7,2.675335
697,2022-01-02-08:43:16,7,4,1.967864
698,2022-01-02-08:43:20,4,6,3.518032
699,2022-01-02-08:43:23,6,4,3.445982
700,2022-01-02-08:43:25,4,0,1.550975
701,2022-01-02-08:43:28,0,6,3.549292
702,2022-01-02-08:43:32,6,0,3.459281
703,2022-01-02-08:43:33,0,2,1.731856
704,2022-01-02-08:43:36,2,7,2.529001
705,2022-01-02-08:43:39,7,5,2.691748
706,2022-01-02-08:43:41,5,3,2.237676
707,2022-01-02-08:43:44,3,2,2.688826
708,2022-01-02-08:43:45,2,0,1.700663
709,2022-01-02-08:43:47,0,4,1.526885
710,2022-01-02-08:43:49,4,7,1.916843
711,2022-01-02-08:43:53,7,6,4.030960
712,2022-01-02-08:43:56,6,3,3.746477
713,2022-01-02-08:43:59,3,0,2.452915
714,2022-01-02-08:44:01,0,5,1.889216
715,2022-01-02-08:44:04,5,6,3.103271
716,2022-01-02-08:44:08,6,1,3.652609
717,2022-01-02-08:44:09,1,7,1.729488
718,2022-01-02-08:44:12,7,5,2.673685
719,2022-01-02-08:44:16,5,2,3.702098
720,2022-01-02-08:44:19,2,5,3.651485
721,2022-01-02-08:44:21,5,0,1.973107
722,2022-01-02-08:44:23,0,2,1.741233
723,2022-01-02-08:44:26,2,7,2.581920
724,2022-01-02-08:44:28,7,3,2.230171
725,2022-01-02-08:44:30,3,5,2.244329
726,2022-01-02-08:44:33,5,6,3.100734
727,2022-01-02-08:44:36,6,5,3.154166
728,2022-01-02-08:44:39,5,3,2.261752
729,2022-01-02-08:44:41,3,2,2.632142
730,2022-01-02-08:44:44,2,3,2.648447
731,2022-01-02-08:44:46,3,5,2.438505
732,2022-01-02-08:44:50,5,4,3.338326
733,2022-01-02-08:44:53,4,0,3.627319
734,2022-01-02-08:44:56,0,3,2.440934
735,2022-01-02-08:44:58,3,4,2.247339
736,2022-01-02-08:45:00,4,3,2.090998
737,2022-01-02-08:45:02,3,6,2.031386
738,2022-01-02-08:45:05,6,5,2.747282
739,2022-01-02-08:45:06,5,2,1.540058
740,2022-01-02-08:45:08,2,0,1.721299
741,2022-01-02-08:45:12,0,6,3.472452
742,2022-01-02-08:45:15,6,4,3.506308
743,2022-01-02-08:45:17,4,0,1.528728
744,2022-01-02-08:45:20,0,3,2.940190
745,2022-01-02-08:45:22,3,5,2.301131
746,2022-01-02-08:45:24,5,7,2.558841
747,2022-01-02-08:45:28,7,2,3.148322
748,2022-01-02-08:45:32,2,1,4.269480
749,2022-01-02-08:45:34,1,3,2.255885
750,2022-01-02-08:45:36,3,1,2.257068
751,2022-01-02-08:45:40,1,6,3.667211
752,2022-01-02-08:45:44,6,1,3.677217
753,2022-01-02-08:45:45,1,7,1.739638
754,2022-01-02-08:45:47,7,0,2.063205
755,2022-01-02-08:45:49,0,5,1.882840
756,2022-01-02-08:45:52,5,7,2.659101
757,2022-01-02-08:45:55,7,2,3.008079
758,2022-01-02-08:46:00,2,1,4.557028
759,2022-01-02-08:46:01,1,4,1.296297
760,2022-01-02-08:46:03,4,5,1.763974
761,2022-01-02-08:46:04,5,2,1.642200
762,2022-01-02-08:46:06,2,5,1.570540
763,2022-01-02-08:46:08,5,4,2.029127
764,2022-01-02-08:46:11,4,6,3.533998
765,2022-01-02-08:46:15,6,3,3.865267
766,2022-01-02-08:46:18,3,5,2.237526
767,2022-01-02-08:46:21,5,6,3.134466
768,2022-01-02-08:46:25,6,3,3.955855
769,2022-01-02-08:46:27,3,4,2.133081
770,2022-01-02-08:46:29,4,7,1.842646
771,2022-01-02-08:46:31,7,2,2.565719
772,2022-01-02-08:46:34,2,3,2.860461
773,2022-01-02-08:46:36,3,5,2.258542
774,2022-01-02-08:46:39,5,7,2.644491
775,2022-01-02-08:46:42,7,2,3.243775
776,2022-01-02-08:46:45,2,6,3.163778
777,2022-01-02-08:46:49,6,0,3.549556
778,2022-01-02-08:46:50,0,1,1.126119
779,2022-01-02-08:46:52,1,3,2.232182
780,2022-01-02-08:46:57,3,2,4.313757
781,2022-01-02-08:47:00,2,5,3.747595
782,2022-01-02-08:47:03,5,6,3.106028
783,2022-01-02-08:47:07,6,4,3.462392
784,2022-01-02-08:47:08,4,0,1.537261
785,2022-01-02-08:47:11,0,6,2.795423
786,2022-01-02-08:47:14,6,5,2.752942
787,2022-01-02-08:47:16,5,0,1.954657
788,2022-01-02-08:47:19,0,3,3.368174
789,2022-01-02-08:47:23,3,1,3.471486
790,2022-01-02-08:47:24,1,0,1.091510
791,2022-01-02-08:47:25,0,4,1.541652
792,2022-01-02-08:47:27,4,5,1.762020
793,2022-01-02-08:47:30,5,6,3.106614
794,2022-01-02-08:47:34,6,3,3.735057
795,2022-01-02-08:47:36,3,0,2.390021
796,2022-01-02-08:47:38,0,2,1.724516
797,2022-01-02-08:47:41,2,3,2.815572
798,2022-01-02-08:47:43,3,0,2.433251
799,2022-01-02-08:47:45,0,7,1.936733
800,2022-01-02-08:47:48,7,2,2.625754
801,2022-01-02-08:47:51,2,6,3.126069
802,2022-01-02-08:47:56,6,2,4.797092
803,2022-01-02-08:47:59,2,6,3.168618
804,2022-01-02-08:48:02,6,3,3.169952
805,2022-01-02-08:48:05,3,2,3.127698
806,2022-01-02-08:48:07,2,5,1.518791
807,2022-01-02-08:48:10,5,2,3.651723
808,2022-01-02-08:48:15,2,3,4.366079
809,2022-01-02-08:48:18,3,7,3.331340
810,2022-01-02-08:48:21,7,4,3.263826
811,2022-01-02-08:48:25,4,6,3.278799
812,2022-01-02-08:48:27,6,7,2.639494
813,2022-01-02-08:48:30,7,0,3.068109
814,2022-01-02-08:48:33,0,3,2.552158
815,2022-01-02-08:48:35,3,4,2.058583
816,2022-01-02-08:48:36,4,1,1.329099
817,2022-01-02-08:48:38,1,4,1.293656
818,2022-01-02-08:48:40,4,7,1.919583
819,2022-01-02-08:48:43,7,3,3.896558
820,2022-01-02-08:48:46,3,2,2.940881
821,2022-01-02-08:48:48,2,5,1.533782
822,2022-01-02-08:48:51,5,6,3.149051
823,2022-01-02-08:48:55,6,4,3.564342
824,2022-01-02-08:48:58,4,6,3.475687
825,2022-01-02-08:49:01,6,7,2.624500
826,2022-01-02-08:49:04,7,3,3.289416
827,2022-01-02-08:49:06,3,6,2.052947
828,2022-01-02-08:49:09,6,7,2.628360
829,2022-01-02-08:49:11,7,2,2.673455
830,2022-01-02-08:49:13,2,0,1.786367
831,2022-01-02-08:49:17,0,6,3.470440
832,2022-01-02-08:49:20,6,1,3.581623
833,2022-01-02-08:49:22,1,5,2.132373
834,2022-01-02-08:49:24,5,4,1.864970
835,2022-01-02-08:49:26,4,1,1.474544
836,2022-01-02-08:49:27,1,0,1.033487
837,2022-01-02-08:49:30,0,6,3.569159
838,2022-01-02-08:49:34,6,1,3.701084
839,2022-01-02-08:49:38,1,6,3.547817
840,2022-01-02-08:49:41,6,1,3.655551
841,2022-01-02-08:49:44,1,6,2.702693
842,2022-01-02-08:49:48,6,2,4.067925
843,2022-01-02-08:49:53,2,3,4.556711
844,2022-01-02-08:49:55,3,5,2.676880
845,2022-01-02-08:49:57,5,0,1.927321
846,2022-01-02-08:49:59,0,4,1.577071
847,2022-01-02-08:50:01,4,3,2.060992
848,2022-01-02-08:50:05,3,2,4.241163
849,2022-01-02-08:50:09,2,6,4.139513
850,2022-01-02-08:50:12,6,0,2.847366
851,2022-01-02-08:50:14,0,2,1.722580
852,2022-01-02-08:50:16,2,4,1.766004
853,2022-01-02-08:50:17,4,7,1.889764
854,2022-01-02-08:50:21,7,6,4.023990
855,2022-01-02-08:50:25,6,3,3.624180
856,2022-01-02-08:50:28,3,7,3.263788
857,2022-01-02-08:50:31,7,6,2.610386
858,2022-01-02-08:50:35,6,1,3.632417
859,2022-01-02-08:50:37,1,3,2.428184
860,2022-01-02-08:50:40,3,2,2.714819
861,2022-01-02-08:50:42,2,0,1.805123
862,2022-01-02-08:50:43,0,1,1.091016
863,2022-01-02-08:50:44,1,0,1.110174
864,2022-01-02-08:50:47,0,6,3.485522
865,2022-01-02-08:50:50,6,5,3.168030
866,2022-01-02-08:50:52,5,4,1.783763
867,2022-01-02-08:50:54,4,2,1.946119
868,2022-01-02-08:50:56,2,0,1.735965
869,2022-01-02-08:50:58,0,7,1.940372
870,2022-01-02-08:51:01,7,6,2.832355
871,2022-01-02-08:51:03,6,1,2.728254
872,2022-01-02-08:51:06,1,5,2.206948
873,2022-01-02-08:51:07,5,2,1.862725
874,2022-01-02-08:51:09,2,1,2.000823
875,2022-01-02-08:51:11,1,2,1.986785
876,2022-01-02-08:51:13,2,5,1.531043
877,2022-01-02-08:51:16,5,6,3.065412
878,2022-01-02-08:51:19,6,7,2.572233
879,2022-01-02-08:51:22,7,4,3.319706
880,2022-01-02-08:51:24,4,7,1.863618
881,2022-01-02-08:51:25,7,1,1.653783
882,2022-01-02-08:51:27,1,7,1.695022
883,2022-01-02-08:51:31,7,3,3.846635
884,2022-01-02-08:51:34,3,4,3.442616
885,2022-01-02-08:51:37,4,3,2.101756
886,2022-01-02-08:51:39,3,1,2.268774
887,2022-01-02-08:51:40,1,0,1.087263
888,2022-01-02-08:51:43,0,6,3.465574
889,2022-01-02-08:51:47,6,1,3.658678
890,2022-01-02-08:51:49,1,5,1.921181
891,2022-01-02-08:51:52,5,3,3.024998
892,2022-01-02-08:51:55,3,5,2.998725
893,2022-01-02-08:51:57,5,4,1.780189
894,2022-01-02-08:51:59,4,7,1.865807
895,2022-01-02-08:52:01,7,5,2.794022
896,2022-01-02-08:52:03,5,1,1.995039
897,2022-01-02-08:52:06,1,3,2.295198
898,2022-01-02-08:52:08,3,6,2.035930
899,2022-01-02-08:52:10,6,4,2.596007
900,2022-01-02-08:52:14,4,6,3.493662
901,2022-01-02-08:52:17,6,2,3.162923
902,2022-01-02-08:52:18,2,5,1.521520
903,2022-01-02-08:52:20,5,1,1.945238
904,2022-01-02-08:52:22,1,2,1.978078
905,2022-01-02-08:52:25,2,3,2.598488
906,2022-01-02-08:52:28,3,2,2.607331
907,2022-01-02-08:52:30,2,1,1.993938
908,2022-01-02-08:52:32,1,3,2.365255
909,2022-01-02-08:52:35,3,0,2.648276
910,2022-01-02-08:52:37,0,5,2.032867
911,2022-01-02-08:52:40,5,2,3.687896
912,2022-01-02-08:52:44,2,5,3.594361
913,2022-01-02-08:52:46,5,4,1.888020
914,2022-01-02-08:52:48,4,3,2.074939
915,2022-01-02-08:52:50,3,7,2.131627
916,2022-01-02-08:52:52,7,3,2.177386
917,2022-01-02-08:52:55,3,0,2.413624
918,2022-01-02-08:52:57,0,5,1.958560
919,2022-01-02-08:52:58,5,2,1.630878
920,2022-01-02-08:53:01,2,6,3.134269
921,2022-01-02-08:53:05,6,5,3.235618
922,2022-01-02-08:53:06,5,4,1.789774
923,2022-01-02-08:53:08,4,2,1.865000
924,2022-01-02-08:53:10,2,4,1.765500
925,2022-01-02-08:53:12,4,0,1.523011
926,2022-01-02-08:53:15,0,7,3.103489
927,2022-01-02-08:53:18,7,1,3.293413
928,2022-01-02-08:53:19,1,0,1.089325
929,2022-01-02-08:53:20,0,1,1.046150
930,2022-01-02-08:53:22,1,7,1.718953
931,2022-01-02-08:53:24,7,5,2.637920
932,2022-01-02-08:53:26,5,2,1.489892
933,2022-01-02-08:53:29,2,6,3.135076
934,2022-01-02-08:53:33,6,4,3.603751
935,2022-01-02-08:53:34,4,2,1.848094
936,2022-01-02-08:53:37,2,7,2.604842
937,2022-01-02-08:53:39,7,1,1.752622
938,2022-01-02-08:53:41,1,2,2.002454
939,2022-01-02-08:53:42,2,5,1.524346
940,2022-01-02-08:53:44,5,0,1.942270
941,2022-01-02-08:53:47,0,6,2.870540
942,2022-01-02-08:53:50,6,4,2.744697
943,2022-01-02-08:53:52,4,5,1.825441
944,2022-01-02-08:53:54,5,0,1.900501
945,2022-01-02-08:53:56,0,6,2.797165
946,2022-01-02-08:53:59,6,0,2.836116
947,2022-01-02-08:54:02,0,3,2.459465
948,2022-01-02-08:54:04,3,0,2.428154
949,2022-01-02-08:54:06,0,4,1.560387
950,2022-01-02-08:54:08,4,3,2.075749
951,2022-01-02-08:54:10,3,4,2.049752
952,2022-01-02-08:54:12,4,3,2.121810
953,2022-01-02-08:54:14,3,1,2.255761
954,2022-01-02-08:54:16,1,5,1.994690
955,2022-01-02-08:54:18,5,1,1.987386
956,2022-01-02-08:54:20,1,5,1.939222
957,2022-01-02-08:54:23,5,6,3.163517
958,2022-01-02-08:54:27,6,3,4.046481
959,2022-01-02-08:54:30,3,5,2.295197
960,2022-01-02-08:54:31,5,2,1.541625
961,2022-01-02-08:54:33,2,5,1.523057
962,2022-01-02-08:54:36,5,6,3.117415
963,2022-01-02-08:54:40,6,3,3.736638
964,2022-01-02-08:54:42,3,5,2.202426
965,2022-01-02-08:54:44,5,7,2.667928
966,2022-01-02-08:54:48,7,3,3.247441
967,2022-01-02-08:54:50,3,0,2.468883
968,2022-01-02-08:54:52,0,4,1.522373
969,2022-01-02-08:54:54,4,5,1.828901
970,2022-01-02-08:54:57,5,6,3.073035
971,2022-01-02-08:55:01,6,7,3.977549
972,2022-01-02-08:55:03,7,3,2.259485
973,2022-01-02-08:55:05,3,0,2.385246
974,2022-01-02-08:55:07,0,4,1.524606
975,2022-01-02-08:55:09,4,2,1.885066
976,2022-01-02-08:55:11,2,7,2.552601
977,2022-01-02-08:55:14,7,6,2.594728
978,2022-01-02-08:55:17,6,5,3.103889
979,2022-01-02-08:55:19,5,0,1.912937
980,2022-01-02-08:55:20,0,1,1.047488
981,2022-01-02-08:55:22,1,7,1.697761
982,2022-01-02-08:55:23,7,1,1.707181
983,2022-01-02-08:55:24,1,0,1.093868
984,2022-01-02-08:55:26,0,2,1.693613
985,2022-01-02-08:55:29,2,3,2.954246
986,2022-01-02-08:55:32,3,6,3.413095
987,2022-01-02-08:55:35,6,1,3.002194
988,2022-01-02-08:55:37,1,4,1.338504
989,2022-01-02-08:55:39,4,2,1.813938
990,2022-01-02-08:55:40,2,4,1.752981
991,2022-01-02-08:55:42,4,2,1.827999
992,2022-01-02-08:55:45,2,6,3.074534
993,2022-01-02-08:55:48,6,7,2.644942
994,2022-01-02-08:55:51,7,5,2.832781
995,2022-01-02-08:55:53,5,1,2.022284
996,2022-01-02-08:55:55,1,2,2.015777
997,2022-01-02-08:55:58,2,3,3.043176
998,2022-01-02-08:56:01,3,0,3.357285
999,2022-01-02-08:56:03,0,7,1.931653
1000,2022-01-02-08:56:05,7,4,1.933607
1001,2022-01-02-08:56:07,4,7,1.872016
1002,2022-01-02-08:56:10,7,5,2.742129
1003,2022-01-02-08:56:12,5,7,2.575648
1004,2022-01-02-08:56:15,7,5,2.572054
1005,2022-01-02-08:56:17,5,6,2.669447
1006,2022-01-02-08:56:21,6,4,3.922154
1007,2022-01-02-08:56:23,4,2,1.928879
1008,2022-01-02-08:56:27,2,5,3.806475
1009,2022-01-02-08:56:29,5,2,1.587177
1010,2022-01-02-08:56:30,2,4,1.783690
1011,2022-01-02-08:56:32,4,5,1.786205
1012,2022-01-02-08:56:35,5,3,2.299508
1013,2022-01-02-08:56:37,3,1,2.246237
1014,2022-01-02-08:56:38,1,4,1.364556
1015,2022-01-02-08:56:40,4,1,1.398536
1016,2022-01-02-08:56:41,1,7,1.697366
1017,2022-01-02-08:56:44,7,2,2.552300
1018,2022-01-02-08:56:47,2,6,3.153404
1019,2022-01-02-08:56:50,6,4,3.256862
1020,2022-01-02-08:56:52,4,2,1.868572
1021,2022-01-02-08:56:54,2,4,1.836080
1022,2022-01-02-08:56:57,4,5,3.295104
1023,2022-01-02-08:56:59,5,4,2.024968
1024,2022-01-02-08:57:01,4,0,1.619203
1025,2022-01-02-08:57:03,0,2,1.727163
1026,2022-01-02-08:57:05,2,7,2.574358
1027,2022-01-02-08:57:09,7,6,4.071354
1028,2022-01-02-08:57:13,6,1,3.717069
1029,2022-01-02-08:57:15,1,7,1.763354
1030,2022-01-02-08:57:17,7,5,2.744661
1031,2022-01-02-08:57:20,5,3,2.133887
1032,2022-01-02-08:57:22,3,6,2.025519
1033,2022-01-02-08:57:24,6,1,2.730368
1034,2022-01-02-08:57:26,1,4,1.352688
1035,2022-01-02-08:57:28,4,2,1.963077
1036,2022-01-02-08:57:30,2,4,1.839249
1037,2022-01-02-08:57:33,4,6,3.442055
1038,2022-01-02-08:57:36,6,0,3.545545
1039,2022-01-02-08:57:38,0,7,1.953821
1040,2022-01-02-08:57:43,7,2,4.561285
1041,2022-01-02-08:57:48,2,1,4.752633
1042,2022-01-02-08:57:50,1,3,2.339370
1043,2022-01-02-08:57:52,3,6,2.002592
1044,2022-01-02-08:57:54,6,3,1.965141
1045,2022-01-02-08:57:56,3,6,2.143946
1046,2022-01-02-08:57:59,6,5,2.793120
1047,2022-01-02-08:58:02,5,7,2.609334
1048,2022-01-02-08:58:05,7,3,3.304457
1049,2022-01-02-08:58:09,3,2,4.345972
1050,2022-01-02-08:58:13,2,0,3.956465
1051,2022-01-02-08:58:16,0,6,2.870068
1052,2022-01-02-08:58:19,6,7,3.357570
1053,2022-01-02-08:58:22,7,5,2.713686
1054,2022-01-02-08:58:25,5,1,2.354696
1055,2022-01-02-08:58:26,1,7,1.692973
1056,2022-01-02-08:58:28,7,0,1.933850
1057,2022-01-02-08:58:30,0,4,1.620322
1058,2022-01-02-08:58:33,4,6,3.492865
1059,2022-01-02-08:58:37,6,1,3.663578
1060,2022-01-02-08:58:40,1,6,2.658021
1061,2022-01-02-08:58:42,6,7,2.624567
1062,2022-01-02-08:58:44,7,1,1.723557
1063,2022-01-02-08:58:45,1,0,1.086855
1064,2022-01-02-08:58:47,0,2,1.733467
1065,2022-01-02-08:58:49,2,4,1.800309
1066,2022-01-02-08:58:51,4,3,2.061787
1067,2022-01-02-08:58:53,3,1,2.495308
1068,2022-01-02-08:58:55,1,5,1.934498
1069,2022-01-02-08:58:58,5,7,2.599023
1070,2022-01-02-08:59:01,7,1,3.327607
1071,2022-01-02-08:59:02,1,0,1.121388
1072,2022-01-02-08:59:04,0,4,1.559248
1073,2022-01-02-08:59:05,4,0,1.578497
1074,2022-01-02-08:59:07,0,4,1.561678
1075,2022-01-02-08:59:09,4,3,2.083881
1076,2022-01-02-08:59:11,3,1,2.324785
1077,2022-01-02-08:59:13,1,3,2.274458
1078,2022-01-02-08:59:16,3,6,2.067615
1079,2022-01-02-08:59:18,6,3,2.038455
1080,2022-01-02-08:59:20,3,5,2.381490
1081,2022-01-02-08:59:22,5,4,1.827115
1082,2022-01-02-08:59:23,4,1,1.285751
1083,2022-01-02-08:59:25,1,5,1.951406
1084,2022-01-02-08:59:28,5,7,2.549737
1085,2022-01-02-08:59:30,7,6,2.578653
1086,2022-01-02-08:59:34,6,0,3.570016
1087,2022-01-02-08:59:35,0,4,1.484961
1088,2022-01-02-08:59:37,4,0,1.524586
1089,2022-01-02-08:59:38,0,2,1.711577
1090,2022-01-02-08:59:40,2,1,2.020853
1091,2022-01-02-08:59:43,1,3,2.252600
1092,2022-01-02-08:59:45,3,0,2.350628
1093,2022-01-02-08:59:48,0,3,3.349219
1094,2022-01-02-08:59:52,3,1,3.473432
1095,2022-01-02-08:59:54,1,5,1.981668
1096,2022-01-02-08:59:56,5,0,1.953241
1097,2022-01-02-08:59:58,0,7,1.902922
1098,2022-01-02-09:00:02,7,6,4.023635
1099,2022-01-02-09:00:05,6,4,3.393980
1100,2022-01-02-09:00:08,4,6,3.236743
1101,2022-01-02-09:00:12,6,2,3.207758
1102,2022-01-02-09:00:14,2,7,2.610732
1103,2022-01-02-09:00:17,7,6,2.655978
1104,2022-01-02-09:00:20,6,2,3.114271
1105,2022-01-02-09:00:22,2,1,2.022324
1106,2022-01-02-09:00:25,1,3,3.482942
1107,2022-01-02-09:00:28,3,2,2.980613
1108,2022-01-02-09:00:31,2,1,2.039273
1109,2022-01-02-09:00:33,1,5,2.065750
1110,2022-01-02-09:00:36,5,4,3.324705
1111,2022-01-02-09:00:38,4,2,1.853282
1112,2022-01-02-09:00:42,2,0,4.152696
1113,2022-01-02-09:00:44,0,5,2.050075
1114,2022-01-02-09:00:47,5,4,3.266177
1115,2022-01-02-09:00:50,4,6,3.242073
1116,2022-01-02-09:00:54,6,4,3.544294
1117,2022-01-02-09:00:56,4,0,1.526824
1118,2022-01-02-09:00:58,0,3,2.443052
1119,2022-01-02-09:01:01,3,7,3.360523
1120,2022-01-02-09:01:04,7,5,2.728669
1121,2022-01-02-09:01:07,5,7,2.605211
1122,2022-01-02-09:01:09,7,6,2.648699
1123,2022-01-02-09:01:13,6,3,3.698766
1124,2022-01-02-09:01:15,3,4,2.161432
1125,2022-01-02-09:01:19,4,6,3.465938
1126,2022-01-02-09:01:22,6,5,3.140251
1127,2022-01-02-09:01:23,5,2,1.637754
1128,2022-01-02-09:01:26,2,3,3.031011
1129,2022-01-02-09:01:30,3,1,3.540933
1130,2022-01-02-09:01:32,1,7,1.712768
1131,2022-01-02-09:01:34,7,0,2.061375
1132,2022-01-02-09:01:37,0,6,2.828037
1133,2022-01-02-09:01:39,6,5,2.709263
1134,2022-01-02-09:01:42,5,3,2.518881
1135,2022-01-02-09:01:44,3,4,2.102055
1136,2022-01-02-09:01:46,4,3,2.103611
1137,2022-01-02-09:01:48,3,1,2.337442
1138,2022-01-02-09:01:49,1,0,1.053389
1139,2022-01-02-09:01:51,0,2,1.775409
1140,2022-01-02-09:01:53,2,0,1.788719
1141,2022-01-02-09:01:57,0,6,3.548854
1142,2022-01-02-09:02:00,6,0,3.805838
1143,2022-01-02-09:02:02,0,2,1.720635
1144,2022-01-02-09:02:05,2,3,2.669003
1145,2022-01-02-09:02:09,3,2,4.430416
1146,2022-01-02-09:02:14,2,1,4.526955
1147,2022-01-02-09:02:17,1,6,3.785617
1148,2022-01-02-09:02:21,6,4,3.358869
1149,2022-01-02-09:02:25,4,1,4.150301
1150,2022-01-02-09:02:27,1,7,1.710985
1151,2022-01-02-09:02:28,7,1,1.741734
1152,2022-01-02-09:02:30,1,5,1.918864
1153,2022-01-02-09:02:33,5,3,2.308334
1154,2022-01-02-09:02:36,3,7,3.374192
1155,2022-01-02-09:02:39,7,0,3.099493
1156,2022-01-02-09:02:41,0,2,1.726821
1157,2022-01-02-09:02:43,2,1,1.965525
1158,2022-01-02-09:02:46,1,6,3.605389
1159,2022-01-02-09:02:50,6,0,3.598549
1160,2022-01-02-09:02:54,0,6,3.503869
1161,2022-01-02-09:02:57,6,1,3.663338
1162,2022-01-02-09:02:58,1,0,1.048285
1163,2022-01-02-09:03:00,0,2,1.729199
1164,2022-01-02-09:03:02,2,0,1.772228
1165,2022-01-02-09:03:03,0,2,1.718783
1166,2022-01-02-09:03:05,2,0,1.729826
1167,2022-01-02-09:03:07,0,4,1.539030
1168,2022-01-02-09:03:08,4,1,1.324357
1169,2022-01-02-09:03:09,1,4,1.359181
1170,2022-01-02-09:03:11,4,5,1.747678
1171,2022-01-02-09:03:13,5,3,2.199836
1172,2022-01-02-09:03:16,3,1,2.249786
1173,2022-01-02-09:03:17,1,0,1.090684
1174,2022-01-02-09:03:20,0,6,2.787968
1175,2022-01-02-09:03:22,6,0,2.963005
1176,2022-01-02-09:03:25,0,6,2.922002
1177,2022-01-02-09:03:28,6,4,2.646544
1178,2022-01-02-09:03:29,4,1,1.299844
1179,2022-01-02-09:03:31,1,4,1.318423
1180,2022-01-02-09:03:33,4,3,2.095202
1181,2022-01-02-09:03:35,3,5,2.337673
1182,2022-01-02-09:03:37,5,4,1.843538
1183,2022-01-02-09:03:40,4,6,3.451640
1184,2022-01-02-09:03:44,6,1,3.567920
1185,2022-01-02-09:03:46,1,3,2.254703
1186,2022-01-02-09:03:49,3,5,2.348625
1187,2022-01-02-09:03:51,5,3,2.225134
1188,2022-01-02-09:03:53,3,0,2.345343
1189,2022-01-02-09:03:56,0,3,2.380798
1190,2022-01-02-09:03:58,3,1,2.473350
1191,2022-01-02-09:03:59,1,0,1.126046
1192,2022-01-02-09:04:01,0,5,2.036721
1193,2022-01-02-09:04:04,5,6,3.108265
1194,2022-01-02-09:04:08,6,4,3.247264
1195,2022-01-02-09:04:11,4,2,3.219970
1196,2022-01-02-09:04:13,2,7,2.699582
1197,2022-01-02-09:04:16,7,5,2.643204
1198,2022-01-02-09:04:19,5,6,3.094780
1199,2022-01-02-09:04:23,6,3,3.777881
1200,2022-01-02-09:04:26,3,7,3.250897
1201,2022-01-02-09:04:29,7,6,2.678875
1202,2022-01-02-09:04:33,6,1,3.797165
1203,2022-01-02-09:04:35,1,2,2.028177
1204,2022-01-02-09:04:36,2,0,1.776218
1205,2022-01-02-09:04:38,0,1,1.120642
1206,2022-01-02-09:04:39,1,7,1.699239
1207,2022-01-02-09:04:41,7,1,1.725914
1208,2022-01-02-09:04:42,1,0,1.048245
1209,2022-01-02-09:04:44,0,5,1.947266
1210,2022-01-02-09:04:47,5,4,3.435438
1211,2022-01-02-09:04:49,4,2,1.924992
1212,2022-01-02-09:04:52,2,6,3.071995
1213,2022-01-02-09:04:56,6,1,3.741279
1214,2022-01-02-09:04:59,1,6,2.747631
1215,2022-01-02-09:05:02,6,5,2.744503
1216,2022-01-02-09:05:05,5,6,3.148098
1217,2022-01-02-09:05:08,6,3,3.625489
1218,2022-01-02-09:05:12,3,1,3.477074
1219,2022-01-02-09:05:13,1,0,1.032265
1220,2022-01-02-09:05:14,0,4,1.506193
1221,2022-01-02-09:05:16,4,7,1.931238
1222,2022-01-02-09:05:18,7,4,1.925272
1223,2022-01-02-09:05:20,4,7,1.899810
1224,2022-01-02-09:05:22,7,1,1.667369
1225,2022-01-02-09:05:23,1,4,1.304721
1226,2022-01-02-09:05:25,4,2,1.955642
1227,2022-01-02-09:05:27,2,4,1.842536
1228,2022-01-02-09:05:29,4,0,1.567180
1229,2022-01-02-09:05:31,0,5,1.972828
1230,2022-01-02-09:05:33,5,7,2.585138
1231,2022-01-02-09:05:36,7,6,2.657288
1232,2022-01-02-09:05:39,6,1,3.605055
1233,2022-01-02-09:05:41,1,4,1.341212
1234,2022-01-02-09:05:43,4,2,2.327766
1235,2022-01-02-09:05:45,2,1,2.006515
1236,2022-01-02-09:05:47,1,5,2.045322
1237,2022-01-02-09:05:50,5,4,3.224683
1238,2022-01-02-09:05:55,4,7,4.281269
1239,2022-01-02-09:05:56,7,1,1.787352
1240,2022-01-02-09:05:59,1,3,2.380441
1241,2022-01-02-09:06:01,3,5,2.433368
1242,2022-01-02-09:06:03,5,2,1.569205
1243,2022-01-02-09:06:05,2,7,2.692551
1244,2022-01-02-09:06:08,7,5,2.705288
1245,2022-01-02-09:06:11,5,4,3.265245
1246,2022-01-02-09:06:14,4,3,2.134895
1247,2022-01-02-09:06:17,3,6,3.134147
1248,2022-01-02-09:06:20,6,5,3.258921
1249,2022-01-02-09:06:23,5,6,3.250733
1250,2022-01-02-09:06:27,6,1,3.729650
1251,2022-01-02-09:06:28,1,4,1.360183
1252,2022-01-02-09:06:30,4,1,1.340061
1253,2022-01-02-09:06:31,1,7,1.737569
1254,2022-01-02-09:06:34,7,6,2.648870
1255,2022-01-02-09:06:37,6,1,2.834629
1256,2022-01-02-09:06:39,1,5,2.065988
1257,2022-01-02-09:06:43,5,2,3.684190
1258,2022-01-02-09:06:46,2,3,2.890380
1259,2022-01-02-09:06:49,3,5,3.122088
1260,2022-01-02-09:06:51,5,1,1.965867
1261,2022-01-02-09:06:53,1,2,1.975993
1262,2022-01-02-09:06:55,2,3,2.646932
1263,2022-01-02-09:06:58,3,5,2.406685
1264,2022-01-02-09:07:00,5,1,1.924083
1265,2022-01-02-09:07:02,1,2,1.984720
1266,2022-01-02-09:07:05,2,6,3.208304
1267,2022-01-02-09:07:08,6,5,3.172323
1268,2022-01-02-09:07:11,5,7,2.610252
1269,2022-01-02-09:07:13,7,5,2.702518
1270,2022-01-02-09:07:15,5,3,2.195204
1271,2022-01-02-09:07:19,3,2,3.119419
1272,2022-01-02-09:07:20,2,5,1.503934
1273,2022-01-02-09:07:23,5,7,2.606218
1274,2022-01-02-09:07:26,7,3,3.272098
1275,2022-01-02-09:07:28,3,0,2.436691
1276,2022-01-02-09:07:30,0,7,1.998400
1277,2022-01-02-09:07:32,7,1,1.777142
1278,2022-01-02-09:07:34,1,4,1.354522
1279,2022-01-02-09:07:35,4,7,1.896157
1280,2022-01-02-09:07:37,7,0,1.927966
1281,2022-01-02-09:07:40,0,3,2.544345
1282,2022-01-02-09:07:42,3,1,2.398828
1283,2022-01-02-09:07:45,1,3,2.383072
1284,2022-01-02-09:07:47,3,7,2.140990
1285,2022-01-02-09:07:51,7,3,3.927231
1286,2022-01-02-09:07:54,3,4,3.469900
