--- Start
Calibration finished !

Learning mode activated? 
False
iteration,date,init_position,final_position,time
0,2022-01-02-08:14:53,-1,7,2.855673
1,2022-01-02-08:14:56,7,2,2.993402
2,2022-01-02-08:14:59,2,3,2.859903
3,2022-01-02-08:15:02,3,1,2.394072
4,2022-01-02-08:15:03,1,7,1.724217
5,2022-01-02-08:15:05,7,1,1.742249
6,2022-01-02-08:15:07,1,5,1.964173
7,2022-01-02-08:15:11,5,4,3.807714
8,2022-01-02-08:15:14,4,5,3.331110
9,2022-01-02-08:15:16,5,3,2.290471
10,2022-01-02-08:15:19,3,0,2.422187
11,2022-01-02-08:15:21,0,2,1.727107
12,2022-01-02-08:15:24,2,6,3.042278
13,2022-01-02-08:15:27,6,3,3.794382
14,2022-01-02-08:15:30,3,0,2.430521
15,2022-01-02-08:15:32,0,2,1.719270
16,2022-01-02-08:15:34,2,7,2.520216
17,2022-01-02-08:15:37,7,0,3.089145
18,2022-01-02-08:15:41,0,3,3.476737
19,2022-01-02-08:15:44,3,6,3.126755
20,2022-01-02-08:15:47,6,0,3.493234
21,2022-01-02-08:15:51,0,6,3.439996
22,2022-01-02-08:15:55,6,7,3.996935
23,2022-01-02-08:15:57,7,6,2.587597
24,2022-01-02-08:16:00,6,1,2.740942
25,2022-01-02-08:16:02,1,7,1.688013
26,2022-01-02-08:16:03,7,1,1.655383
27,2022-01-02-08:16:07,1,6,3.591991
28,2022-01-02-08:16:10,6,4,3.222858
29,2022-01-02-08:16:14,4,6,3.802862
30,2022-01-02-08:16:17,6,2,3.092935
31,2022-01-02-08:16:20,2,7,2.594381
32,2022-01-02-08:16:24,7,4,3.992525
33,2022-01-02-08:16:26,4,2,1.981448
34,2022-01-02-08:16:30,2,0,3.939939
35,2022-01-02-08:16:33,0,6,3.454351
36,2022-01-02-08:16:36,6,7,2.604522
37,2022-01-02-08:16:38,7,6,2.555231
38,2022-01-02-08:16:41,6,5,3.128574
39,2022-01-02-08:16:44,5,3,2.217792
40,2022-01-02-08:16:46,3,1,2.289226
41,2022-01-02-08:16:47,1,7,1.650865
42,2022-01-02-08:16:51,7,6,3.939474
43,2022-01-02-08:16:55,6,4,3.456000
44,2022-01-02-08:16:58,4,6,3.426591
45,2022-01-02-08:17:02,6,1,3.806684
46,2022-01-02-08:17:03,1,0,1.051541
47,2022-01-02-08:17:05,0,2,1.671171
48,2022-01-02-08:17:07,2,7,2.521618
49,2022-01-02-08:17:10,7,2,2.684353
50,2022-01-02-08:17:12,2,0,1.715364
51,2022-01-02-08:17:13,0,1,1.027792
52,2022-01-02-08:17:14,1,0,1.031848
53,2022-01-02-08:17:16,0,7,1.949204
54,2022-01-02-08:17:18,7,0,2.128761
55,2022-01-02-08:17:20,0,5,2.002827
56,2022-01-02-08:17:22,5,1,2.020239
57,2022-01-02-08:17:25,1,6,2.639546
58,2022-01-02-08:17:28,6,2,3.193207
59,2022-01-02-08:17:29,2,5,1.481835
60,2022-01-02-08:17:31,5,0,1.916160
61,2022-01-02-08:17:33,0,4,1.515774
62,2022-01-02-08:17:35,4,3,2.027117
63,2022-01-02-08:17:37,3,1,2.322517
64,2022-01-02-08:17:39,1,7,1.657108
65,2022-01-02-08:17:43,7,3,3.863431
66,2022-01-02-08:17:46,3,5,3.104909
67,2022-01-02-08:17:48,5,1,1.985950
68,2022-01-02-08:17:50,1,2,1.927811
69,2022-01-02-08:17:52,2,7,2.553771
70,2022-01-02-08:17:54,7,4,1.849448
71,2022-01-02-08:17:56,4,7,1.847368
72,2022-01-02-08:17:59,7,5,2.744245
73,2022-01-02-08:18:01,5,7,2.558702
74,2022-01-02-08:18:04,7,2,3.003894
75,2022-01-02-08:18:06,2,4,1.818361
76,2022-01-02-08:18:10,4,7,3.989045
77,2022-01-02-08:18:12,7,0,1.948272
78,2022-01-02-08:18:13,0,4,1.520476
79,2022-01-02-08:18:15,4,0,1.519333
80,2022-01-02-08:18:16,0,1,1.047385
81,2022-01-02-08:18:18,1,3,2.293410
82,2022-01-02-08:18:21,3,1,2.421883
83,2022-01-02-08:18:22,1,0,1.056375
84,2022-01-02-08:18:24,0,5,1.934708
85,2022-01-02-08:18:26,5,6,2.716593
86,2022-01-02-08:18:29,6,4,2.645686
87,2022-01-02-08:18:33,4,2,4.014211
88,2022-01-02-08:18:37,2,5,3.837625
89,2022-01-02-08:18:39,5,0,1.923059
90,2022-01-02-08:18:42,0,6,3.433874
91,2022-01-02-08:18:46,6,4,3.371043
92,2022-01-02-08:18:49,4,1,3.808122
93,2022-01-02-08:18:52,1,3,2.185934
94,2022-01-02-08:18:54,3,4,2.052717
95,2022-01-02-08:18:56,4,3,2.052356
96,2022-01-02-08:18:58,3,4,2.034946
97,2022-01-02-08:19:00,4,3,2.089120
98,2022-01-02-08:19:02,3,4,2.054331
99,2022-01-02-08:19:06,4,2,4.237928
100,2022-01-02-08:19:09,2,7,3.032789
101,2022-01-02-08:19:12,7,2,2.621978
102,2022-01-02-08:19:15,2,6,3.140305
103,2022-01-02-08:19:19,6,4,3.796739
104,2022-01-02-08:19:21,4,7,1.855535
105,2022-01-02-08:19:25,7,6,4.194141
106,2022-01-02-08:19:28,6,3,3.693775
107,2022-01-02-08:19:32,3,7,3.267250
108,2022-01-02-08:19:34,7,6,2.604184
109,2022-01-02-08:19:38,6,1,3.537023
110,2022-01-02-08:19:40,1,2,1.929204
111,2022-01-02-08:19:42,2,1,1.927718
112,2022-01-02-08:19:45,1,3,3.625012
113,2022-01-02-08:19:49,3,4,3.570320
114,2022-01-02-08:19:51,4,7,1.851172
115,2022-01-02-08:19:53,7,2,2.554634
116,2022-01-02-08:19:56,2,6,3.088828
117,2022-01-02-08:20:00,6,3,3.729951
118,2022-01-02-08:20:02,3,5,2.332380
119,2022-01-02-08:20:04,5,1,1.920068
120,2022-01-02-08:20:06,1,5,2.020245
121,2022-01-02-08:20:08,5,1,2.091348
122,2022-01-02-08:20:11,1,5,2.022841
123,2022-01-02-08:20:12,5,2,1.531458
124,2022-01-02-08:20:15,2,6,3.140186
125,2022-01-02-08:20:19,6,0,3.404179
126,2022-01-02-08:20:22,0,6,3.467691
127,2022-01-02-08:20:25,6,4,3.188008
128,2022-01-02-08:20:29,4,1,4.035954
129,2022-01-02-08:20:31,1,5,1.944419
130,2022-01-02-08:20:33,5,3,2.218548
131,2022-01-02-08:20:37,3,7,3.223752
132,2022-01-02-08:20:40,7,5,2.929646
133,2022-01-02-08:20:42,5,1,2.041792
134,2022-01-02-08:20:43,1,4,1.319680
135,2022-01-02-08:20:44,4,0,1.507750
136,2022-01-02-08:20:46,0,1,1.078755
137,2022-01-02-08:20:47,1,0,1.013967
138,2022-01-02-08:20:49,0,3,2.427951
139,2022-01-02-08:20:52,3,7,3.278866
140,2022-01-02-08:20:55,7,3,3.192403
141,2022-01-02-08:20:58,3,2,2.589981
142,2022-01-02-08:21:00,2,0,1.717126
143,2022-01-02-08:21:02,0,3,2.483314
144,2022-01-02-08:21:05,3,2,2.730478
145,2022-01-02-08:21:07,2,0,1.680575
146,2022-01-02-08:21:10,0,6,3.432812
147,2022-01-02-08:21:13,6,5,3.055443
148,2022-01-02-08:21:15,5,0,2.178204
149,2022-01-02-08:21:17,0,4,1.520232
150,2022-01-02-08:21:19,4,3,2.043166
151,2022-01-02-08:21:21,3,6,1.986118
152,2022-01-02-08:21:24,6,1,3.130472
153,2022-01-02-08:21:28,1,6,3.555918
154,2022-01-02-08:21:31,6,1,3.890574
155,2022-01-02-08:21:34,1,3,2.219220
156,2022-01-02-08:21:36,3,1,2.451089
157,2022-01-02-08:21:40,1,6,3.528566
158,2022-01-02-08:21:43,6,1,3.567581
159,2022-01-02-08:21:46,1,6,2.618019
160,2022-01-02-08:21:49,6,1,3.043236
161,2022-01-02-08:21:51,1,5,1.930751
162,2022-01-02-08:21:54,5,6,3.091559
163,2022-01-02-08:21:57,6,4,3.196475
164,2022-01-02-08:22:00,4,7,3.229325
165,2022-01-02-08:22:04,7,3,3.272789
166,2022-01-02-08:22:06,3,2,2.569524
167,2022-01-02-08:22:08,2,5,1.532535
168,2022-01-02-08:22:10,5,1,1.922252
169,2022-01-02-08:22:12,1,2,1.937639
170,2022-01-02-08:22:13,2,0,1.716682
171,2022-01-02-08:22:15,0,4,1.488698
172,2022-01-02-08:22:17,4,3,2.025954
173,2022-01-02-08:22:21,3,2,4.388785
174,2022-01-02-08:22:26,2,3,4.348349
175,2022-01-02-08:22:28,3,2,2.554964
176,2022-01-02-08:22:31,2,3,3.052224
177,2022-01-02-08:22:33,3,4,2.058167
178,2022-01-02-08:22:35,4,7,1.851529
179,2022-01-02-08:22:37,7,0,1.921383
180,2022-01-02-08:22:39,0,5,1.883165
181,2022-01-02-08:22:41,5,3,2.186292
182,2022-01-02-08:22:44,3,7,3.198334
183,2022-01-02-08:22:47,7,5,2.566234
184,2022-01-02-08:22:50,5,3,3.265591
185,2022-01-02-08:22:53,3,6,3.076887
186,2022-01-02-08:22:57,6,1,3.746979
187,2022-01-02-08:22:59,1,2,1.933295
188,2022-01-02-08:23:02,2,6,3.088654
189,2022-01-02-08:23:05,6,7,2.599017
190,2022-01-02-08:23:08,7,4,3.036164
191,2022-01-02-08:23:11,4,6,3.442005
192,2022-01-02-08:23:14,6,7,2.555570
193,2022-01-02-08:23:16,7,6,2.522584
194,2022-01-02-08:23:19,6,2,3.129971
195,2022-01-02-08:23:24,2,1,4.329438
196,2022-01-02-08:23:26,1,6,2.632705
197,2022-01-02-08:23:29,6,2,3.061778
198,2022-01-02-08:23:31,2,1,1.928732
199,2022-01-02-08:23:33,1,3,2.245998
200,2022-01-02-08:23:36,3,2,2.565742
201,2022-01-02-08:23:38,2,1,1.938904
202,2022-01-02-08:23:41,1,6,3.575613
203,2022-01-02-08:23:45,6,5,3.127717
204,2022-01-02-08:23:47,5,3,2.381515
205,2022-01-02-08:23:50,3,7,3.187492
206,2022-01-02-08:23:53,7,5,2.624066
207,2022-01-02-08:23:56,5,6,3.064127
208,2022-01-02-08:24:00,6,1,3.766243
209,2022-01-02-08:24:01,1,0,1.020566
210,2022-01-02-08:24:02,0,1,1.026501
211,2022-01-02-08:24:03,1,0,1.034686
212,2022-01-02-08:24:06,0,6,2.806207
213,2022-01-02-08:24:08,6,0,2.885322
214,2022-01-02-08:24:12,0,6,3.557457
215,2022-01-02-08:24:16,6,7,3.965689
216,2022-01-02-08:24:18,7,3,2.271739
217,2022-01-02-08:24:21,3,7,2.309676
218,2022-01-02-08:24:25,7,6,4.109595
219,2022-01-02-08:24:28,6,0,3.502763
220,2022-01-02-08:24:30,0,5,2.071504
221,2022-01-02-08:24:32,5,1,1.954710
222,2022-01-02-08:24:33,1,0,1.042057
223,2022-01-02-08:24:34,0,1,1.037081
224,2022-01-02-08:24:36,1,7,1.647793
225,2022-01-02-08:24:38,7,1,1.664187
226,2022-01-02-08:24:39,1,2,1.941642
227,2022-01-02-08:24:41,2,5,1.530808
228,2022-01-02-08:24:43,5,0,2.138302
229,2022-01-02-08:24:44,0,1,1.026844
230,2022-01-02-08:24:46,1,4,1.319744
231,2022-01-02-08:24:47,4,1,1.322753
232,2022-01-02-08:24:48,1,4,1.286952
233,2022-01-02-08:24:52,4,6,3.443132
234,2022-01-02-08:24:56,6,7,4.037192
235,2022-01-02-08:24:58,7,5,2.789773
236,2022-01-02-08:25:02,5,2,3.654654
237,2022-01-02-08:25:05,2,7,2.948254
238,2022-01-02-08:25:08,7,6,2.563188
239,2022-01-02-08:25:11,6,4,3.503956
240,2022-01-02-08:25:13,4,3,2.047721
241,2022-01-02-08:25:15,3,6,1.992867
242,2022-01-02-08:25:18,6,0,3.125565
243,2022-01-02-08:25:20,0,5,1.942904
244,2022-01-02-08:25:24,5,4,3.355999
245,2022-01-02-08:25:27,4,1,3.930658
246,2022-01-02-08:25:29,1,7,1.685590
247,2022-01-02-08:25:32,7,6,2.629220
248,2022-01-02-08:25:34,6,3,2.025960
249,2022-01-02-08:25:36,3,5,2.188073
250,2022-01-02-08:25:38,5,1,1.886756
251,2022-01-02-08:25:40,1,3,2.268005
252,2022-01-02-08:25:43,3,4,2.368404
253,2022-01-02-08:25:44,4,5,1.752400
254,2022-01-02-08:25:46,5,0,1.891595
255,2022-01-02-08:25:47,0,1,1.049735
256,2022-01-02-08:25:49,1,7,1.632191
257,2022-01-02-08:25:50,7,1,1.653966
258,2022-01-02-08:25:54,1,6,3.704274
259,2022-01-02-08:25:57,6,7,2.581734
260,2022-01-02-08:26:00,7,3,3.255896
261,2022-01-02-08:26:03,3,0,2.464464
262,2022-01-02-08:26:05,0,3,2.542873
263,2022-01-02-08:26:07,3,4,2.053990
264,2022-01-02-08:26:11,4,6,3.430863
265,2022-01-02-08:26:14,6,3,3.624808
266,2022-01-02-08:26:16,3,4,2.050272
267,2022-01-02-08:26:18,4,5,1.757437
268,2022-01-02-08:26:21,5,6,3.099956
269,2022-01-02-08:26:24,6,5,3.226086
270,2022-01-02-08:26:27,5,6,3.060934
271,2022-01-02-08:26:31,6,4,3.210340
272,2022-01-02-08:26:33,4,3,2.124844
273,2022-01-02-08:26:36,3,6,3.091481
274,2022-01-02-08:26:39,6,1,3.629479
275,2022-01-02-08:26:41,1,2,1.968494
276,2022-01-02-08:26:44,2,6,3.064315
277,2022-01-02-08:26:48,6,5,3.252767
278,2022-01-02-08:26:51,5,3,3.002748
279,2022-01-02-08:26:54,3,2,3.044958
280,2022-01-02-08:26:55,2,4,1.746029
281,2022-01-02-08:26:58,4,2,2.027897
282,2022-01-02-08:27:00,2,7,2.532980
283,2022-01-02-08:27:03,7,6,2.664122
284,2022-01-02-08:27:06,6,2,3.026272
285,2022-01-02-08:27:07,2,0,1.720876
286,2022-01-02-08:27:08,0,1,1.029182
287,2022-01-02-08:27:10,1,2,1.938638
288,2022-01-02-08:27:13,2,7,2.600973
289,2022-01-02-08:27:16,7,3,3.230357
290,2022-01-02-08:27:19,3,1,2.255163
291,2022-01-02-08:27:20,1,4,1.326418
292,2022-01-02-08:27:23,4,6,3.443061
293,2022-01-02-08:27:26,6,5,3.095463
294,2022-01-02-08:27:29,5,3,2.320924
295,2022-01-02-08:27:31,3,4,2.331948
296,2022-01-02-08:27:33,4,3,2.064717
297,2022-01-02-08:27:36,3,7,3.333110
298,2022-01-02-08:27:39,7,2,2.618003
299,2022-01-02-08:27:42,2,6,3.041191
300,2022-01-02-08:27:45,6,4,2.666053
301,2022-01-02-08:27:46,4,5,1.731464
302,2022-01-02-08:27:50,5,4,3.338225
303,2022-01-02-08:27:54,4,1,3.832382
304,2022-01-02-08:27:56,1,5,1.928098
305,2022-01-02-08:27:57,5,2,1.684351
306,2022-01-02-08:28:00,2,3,2.728588
307,2022-01-02-08:28:02,3,6,1.963569
308,2022-01-02-08:28:05,6,5,2.791064
309,2022-01-02-08:28:07,5,3,2.237986
310,2022-01-02-08:28:10,3,7,3.199015
311,2022-01-02-08:28:13,7,3,3.242780
312,2022-01-02-08:28:15,3,4,2.040470
313,2022-01-02-08:28:17,4,7,1.842497
314,2022-01-02-08:28:19,7,3,2.144061
315,2022-01-02-08:28:22,3,4,2.050812
316,2022-01-02-08:28:26,4,2,4.041485
317,2022-01-02-08:28:30,2,7,4.433866
318,2022-01-02-08:28:32,7,3,2.365132
319,2022-01-02-08:28:35,3,5,2.351827
320,2022-01-02-08:28:38,5,6,3.115301
321,2022-01-02-08:28:41,6,1,3.538800
322,2022-01-02-08:28:43,1,2,1.937179
323,2022-01-02-08:28:45,2,0,1.698664
324,2022-01-02-08:28:47,0,5,1.988510
325,2022-01-02-08:28:49,5,0,1.935799
326,2022-01-02-08:28:52,0,6,3.434526
327,2022-01-02-08:28:56,6,1,3.539044
328,2022-01-02-08:28:58,1,7,1.659801
329,2022-01-02-08:29:00,7,3,2.199217
330,2022-01-02-08:29:02,3,0,2.338788
331,2022-01-02-08:29:03,0,1,1.052857
332,2022-01-02-08:29:05,1,7,1.685013
333,2022-01-02-08:29:07,7,0,1.928925
334,2022-01-02-08:29:08,0,2,1.700629
335,2022-01-02-08:29:10,2,4,1.752152
336,2022-01-02-08:29:12,4,1,1.314552
337,2022-01-02-08:29:13,1,7,1.651319
338,2022-01-02-08:29:17,7,6,3.994745
339,2022-01-02-08:29:20,6,3,3.093695
340,2022-01-02-08:29:24,3,0,3.295587
341,2022-01-02-08:29:25,0,2,1.727145
342,2022-01-02-08:29:27,2,5,1.522007
343,2022-01-02-08:29:31,5,2,3.861908
344,2022-01-02-08:29:34,2,5,3.725770
345,2022-01-02-08:29:36,5,0,1.997655
346,2022-01-02-08:29:39,0,3,2.637095
347,2022-01-02-08:29:41,3,1,2.323046
348,2022-01-02-08:29:43,1,7,1.653943
349,2022-01-02-08:29:46,7,2,2.554961
350,2022-01-02-08:29:48,2,3,2.889796
351,2022-01-02-08:29:52,3,7,3.244833
352,2022-01-02-08:29:54,7,6,2.549412
353,2022-01-02-08:29:57,6,2,3.091935
354,2022-01-02-08:29:59,2,4,1.821550
355,2022-01-02-08:30:03,4,2,3.328333
356,2022-01-02-08:30:06,2,6,3.133404
357,2022-01-02-08:30:08,6,3,2.036442
358,2022-01-02-08:30:10,3,6,2.095269
359,2022-01-02-08:30:12,6,3,2.022927
360,2022-01-02-08:30:15,3,1,2.793172
361,2022-01-02-08:30:16,1,0,1.033183
362,2022-01-02-08:30:17,0,2,1.721678
363,2022-01-02-08:30:19,2,4,1.726733
364,2022-01-02-08:30:21,4,0,1.452654
365,2022-01-02-08:30:22,0,2,1.706440
366,2022-01-02-08:30:25,2,7,2.526138
367,2022-01-02-08:30:28,7,0,3.062692
368,2022-01-02-08:30:30,0,5,1.876244
369,2022-01-02-08:30:31,5,4,1.751325
370,2022-01-02-08:30:33,4,1,1.316628
371,2022-01-02-08:30:34,1,0,1.052231
372,2022-01-02-08:30:35,0,4,1.548493
373,2022-01-02-08:30:37,4,3,2.067390
374,2022-01-02-08:30:39,3,4,2.063356
375,2022-01-02-08:30:41,4,0,1.516698
376,2022-01-02-08:30:43,0,5,2.125940
377,2022-01-02-08:30:45,5,2,1.888860
378,2022-01-02-08:30:48,2,7,2.604591
379,2022-01-02-08:30:49,7,1,1.741500
380,2022-01-02-08:30:50,1,0,1.119230
381,2022-01-02-08:30:52,0,7,1.925983
382,2022-01-02-08:30:55,7,5,2.778376
383,2022-01-02-08:30:58,5,3,2.378979
384,2022-01-02-08:31:00,3,4,2.048555
385,2022-01-02-08:31:01,4,7,1.840977
386,2022-01-02-08:31:03,7,0,1.882435
387,2022-01-02-08:31:05,0,2,1.792597
388,2022-01-02-08:31:07,2,0,1.723693
389,2022-01-02-08:31:09,0,3,2.427065
390,2022-01-02-08:31:12,3,5,2.417340
391,2022-01-02-08:31:14,5,1,2.192878
392,2022-01-02-08:31:18,1,6,3.634169
393,2022-01-02-08:31:21,6,4,3.537926
394,2022-01-02-08:31:23,4,5,1.758314
395,2022-01-02-08:31:24,5,2,1.532341
396,2022-01-02-08:31:26,2,4,1.764071
397,2022-01-02-08:31:28,4,5,1.748066
398,2022-01-02-08:31:30,5,1,1.901235
399,2022-01-02-08:31:32,1,2,2.038089
400,2022-01-02-08:31:33,2,5,1.493459
401,2022-01-02-08:31:35,5,1,1.949487
402,2022-01-02-08:31:36,1,0,1.113834
403,2022-01-02-08:31:38,0,5,1.919402
404,2022-01-02-08:31:41,5,6,3.104108
405,2022-01-02-08:31:45,6,3,3.697650
406,2022-01-02-08:31:48,3,2,2.593626
407,2022-01-02-08:31:49,2,0,1.730989
408,2022-01-02-08:31:50,0,1,1.059755
409,2022-01-02-08:31:52,1,2,1.959915
410,2022-01-02-08:31:54,2,5,1.504075
411,2022-01-02-08:31:56,5,1,1.984342
412,2022-01-02-08:31:57,1,0,1.068522
413,2022-01-02-08:31:59,0,4,1.496923
414,2022-01-02-08:32:02,4,6,3.412901
415,2022-01-02-08:32:05,6,3,3.099311
416,2022-01-02-08:32:08,3,4,3.458863
417,2022-01-02-08:32:12,4,6,3.452269
418,2022-01-02-08:32:15,6,4,3.364362
419,2022-01-02-08:32:19,4,1,3.837238
420,2022-01-02-08:32:20,1,4,1.320298
421,2022-01-02-08:32:22,4,7,1.936461
422,2022-01-02-08:32:24,7,1,1.681281
423,2022-01-02-08:32:26,1,5,1.986100
424,2022-01-02-08:32:28,5,0,1.890945
425,2022-01-02-08:32:29,0,1,1.030576
426,2022-01-02-08:32:31,1,2,1.953846
427,2022-01-02-08:32:34,2,6,3.102959
428,2022-01-02-08:32:38,6,4,3.767652
429,2022-01-02-08:32:42,4,7,4.106750
430,2022-01-02-08:32:46,7,2,4.374243
431,2022-01-02-08:32:50,2,5,3.741110
432,2022-01-02-08:32:52,5,1,1.991340
433,2022-01-02-08:32:54,1,7,1.693774
434,2022-01-02-08:32:56,7,3,2.127831
435,2022-01-02-08:32:58,3,5,2.276076
436,2022-01-02-08:33:00,5,3,2.154348
437,2022-01-02-08:33:03,3,5,2.421293
438,2022-01-02-08:33:05,5,0,1.883212
439,2022-01-02-08:33:07,0,6,2.798560
440,2022-01-02-08:33:09,6,3,1.971688
441,2022-01-02-08:33:12,3,0,2.433485
442,2022-01-02-08:33:14,0,3,2.630292
443,2022-01-02-08:33:17,3,1,2.825706
444,2022-01-02-08:33:19,1,5,2.202369
445,2022-01-02-08:33:22,5,6,2.722124
446,2022-01-02-08:33:25,6,1,2.938037
447,2022-01-02-08:33:26,1,4,1.351144
448,2022-01-02-08:33:30,4,6,3.518807
449,2022-01-02-08:33:33,6,3,3.096021
450,2022-01-02-08:33:37,3,1,3.467360
451,2022-01-02-08:33:39,1,2,1.968691
452,2022-01-02-08:33:41,2,1,1.965490
453,2022-01-02-08:33:42,1,2,1.950686
454,2022-01-02-08:33:44,2,1,1.990364
455,2022-01-02-08:33:46,1,0,1.079338
456,2022-01-02-08:33:48,0,5,2.410982
457,2022-01-02-08:33:52,5,2,3.809450
458,2022-01-02-08:33:56,2,0,3.977638
459,2022-01-02-08:33:57,0,2,1.765735
460,2022-01-02-08:33:59,2,0,1.693785
461,2022-01-02-08:34:01,0,4,1.513702
462,2022-01-02-08:34:03,4,3,2.061501
463,2022-01-02-08:34:05,3,5,2.221676
464,2022-01-02-08:34:07,5,2,1.665569
465,2022-01-02-08:34:09,2,1,1.932924
466,2022-01-02-08:34:11,1,5,2.249960
467,2022-01-02-08:34:13,5,4,2.353304
468,2022-01-02-08:34:15,4,5,1.784030
469,2022-01-02-08:34:17,5,4,2.060814
470,2022-01-02-08:34:19,4,5,1.751642
471,2022-01-02-08:34:21,5,4,1.824820
472,2022-01-02-08:34:22,4,5,1.792156
473,2022-01-02-08:34:24,5,1,1.942605
474,2022-01-02-08:34:25,1,0,1.053851
475,2022-01-02-08:34:26,0,1,1.086205
476,2022-01-02-08:34:29,1,6,2.631517
477,2022-01-02-08:34:32,6,1,2.696552
478,2022-01-02-08:34:35,1,6,3.587618
479,2022-01-02-08:34:39,6,3,3.897165
480,2022-01-02-08:34:43,3,4,3.933737
481,2022-01-02-08:34:47,4,0,4.124787
482,2022-01-02-08:34:49,0,4,1.498297
483,2022-01-02-08:34:51,4,3,2.055611
484,2022-01-02-08:34:53,3,0,2.397823
485,2022-01-02-08:34:57,0,3,3.340790
486,2022-01-02-08:35:01,3,7,3.872104
487,2022-01-02-08:35:02,7,4,1.929289
488,2022-01-02-08:35:04,4,7,1.861137
489,2022-01-02-08:35:09,7,6,4.415002
490,2022-01-02-08:35:12,6,2,3.165221
491,2022-01-02-08:35:14,2,7,2.487959
492,2022-01-02-08:35:17,7,5,2.586830
493,2022-01-02-08:35:19,5,0,2.132742
494,2022-01-02-08:35:21,0,5,2.021931
495,2022-01-02-08:35:23,5,0,1.987207
496,2022-01-02-08:35:25,0,7,1.957749
497,2022-01-02-08:35:28,7,6,2.529483
498,2022-01-02-08:35:30,6,5,2.749743
499,2022-01-02-08:35:32,5,2,1.593359
500,2022-01-02-08:35:35,2,6,3.078850
501,2022-01-02-08:35:38,6,0,3.123002
502,2022-01-02-08:35:42,0,6,3.463048
503,2022-01-02-08:35:45,6,5,3.263905
504,2022-01-02-08:35:47,5,7,2.548862
505,2022-01-02-08:35:50,7,6,2.597712
506,2022-01-02-08:35:54,6,4,4.145501
507,2022-01-02-08:35:56,4,5,1.759282
508,2022-01-02-08:35:59,5,7,2.573857
509,2022-01-02-08:36:02,7,3,3.305700
510,2022-01-02-08:36:04,3,1,2.368734
511,2022-01-02-08:36:06,1,5,1.931403
512,2022-01-02-08:36:08,5,4,1.839563
513,2022-01-02-08:36:09,4,0,1.520305
514,2022-01-02-08:36:12,0,3,2.368424
515,2022-01-02-08:36:14,3,5,2.348552
516,2022-01-02-08:36:17,5,7,2.548537
517,2022-01-02-08:36:19,7,6,2.573919
518,2022-01-02-08:36:23,6,1,3.669894
519,2022-01-02-08:36:24,1,0,1.043004
520,2022-01-02-08:36:25,0,1,1.033454
521,2022-01-02-08:36:27,1,5,2.187562
522,2022-01-02-08:36:29,5,0,1.911890
523,2022-01-02-08:36:31,0,5,2.153975
524,2022-01-02-08:36:33,5,0,1.966762
525,2022-01-02-08:36:35,0,2,1.683158
526,2022-01-02-08:36:38,2,3,2.678010
527,2022-01-02-08:36:40,3,4,2.096777
528,2022-01-02-08:36:42,4,5,1.790398
529,2022-01-02-08:36:44,5,1,2.039439
530,2022-01-02-08:36:45,1,7,1.697514
531,2022-01-02-08:36:48,7,2,2.630861
532,2022-01-02-08:36:51,2,6,3.079389
533,2022-01-02-08:36:54,6,0,3.514581
534,2022-01-02-08:36:58,0,6,3.531468
535,2022-01-02-08:37:01,6,3,3.149723
536,2022-01-02-08:37:04,3,5,3.109114
537,2022-01-02-08:37:07,5,7,2.591582
538,2022-01-02-08:37:10,7,3,3.250972
539,2022-01-02-08:37:12,3,4,2.126580
540,2022-01-02-08:37:14,4,7,1.879605
541,2022-01-02-08:37:16,7,4,1.982927
542,2022-01-02-08:37:20,4,6,3.449830
543,2022-01-02-08:37:23,6,0,3.463688
544,2022-01-02-08:37:25,0,3,2.434479
545,2022-01-02-08:37:30,3,2,4.344632
546,2022-01-02-08:37:34,2,3,4.345199
547,2022-01-02-08:37:37,3,0,2.440792
548,2022-01-02-08:37:38,0,2,1.772375
549,2022-01-02-08:37:40,2,0,1.729823
550,2022-01-02-08:37:44,0,6,3.471406
551,2022-01-02-08:37:48,6,4,4.150855
552,2022-01-02-08:37:50,4,7,1.867211
553,2022-01-02-08:37:52,7,6,2.688785
554,2022-01-02-08:37:55,6,5,2.792824
555,2022-01-02-08:37:57,5,0,1.986594
556,2022-01-02-08:37:58,0,1,1.059382
557,2022-01-02-08:38:00,1,3,2.304923
558,2022-01-02-08:38:03,3,0,2.433568
559,2022-01-02-08:38:04,0,4,1.518538
560,2022-01-02-08:38:08,4,6,3.498562
561,2022-01-02-08:38:12,6,0,3.708945
562,2022-01-02-08:38:13,0,1,1.096708
563,2022-01-02-08:38:15,1,2,1.933669
564,2022-01-02-08:38:18,2,6,3.153632
565,2022-01-02-08:38:21,6,2,3.308164
566,2022-01-02-08:38:24,2,6,3.273806
567,2022-01-02-08:38:28,6,0,3.454758
568,2022-01-02-08:38:29,0,4,1.548475
569,2022-01-02-08:38:33,4,6,3.441584
570,2022-01-02-08:38:36,6,2,3.170458
571,2022-01-02-08:38:39,2,3,2.895563
572,2022-01-02-08:38:41,3,6,2.023215
573,2022-01-02-08:38:44,6,5,2.734188
574,2022-01-02-08:38:46,5,1,1.961563
575,2022-01-02-08:38:48,1,2,1.960650
576,2022-01-02-08:38:51,2,6,3.149740
577,2022-01-02-08:38:54,6,4,3.199551
578,2022-01-02-08:38:57,4,0,3.599530
579,2022-01-02-08:38:59,0,2,1.787837
580,2022-01-02-08:39:02,2,3,2.635728
581,2022-01-02-08:39:06,3,2,4.305799
582,2022-01-02-08:39:11,2,7,4.410663
583,2022-01-02-08:39:13,7,3,2.602205
584,2022-01-02-08:39:15,3,4,2.084054
585,2022-01-02-08:39:19,4,6,3.450553
586,2022-01-02-08:39:22,6,2,3.097799
587,2022-01-02-08:39:24,2,4,1.817778
588,2022-01-02-08:39:25,4,5,1.786237
589,2022-01-02-08:39:27,5,2,1.552332
590,2022-01-02-08:39:29,2,4,1.742363
591,2022-01-02-08:39:31,4,3,2.096346
592,2022-01-02-08:39:33,3,4,2.060080
593,2022-01-02-08:39:35,4,7,1.896803
594,2022-01-02-08:39:37,7,1,1.731544
595,2022-01-02-08:39:39,1,5,2.149945
596,2022-01-02-08:39:42,5,3,3.272880
597,2022-01-02-08:39:45,3,6,3.095011
598,2022-01-02-08:39:49,6,1,3.626099
599,2022-01-02-08:39:50,1,4,1.316209
600,2022-01-02-08:39:53,4,6,3.452303
601,2022-01-02-08:39:56,6,7,2.586092
602,2022-01-02-08:39:59,7,3,3.205189
603,2022-01-02-08:40:01,3,5,2.223044
604,2022-01-02-08:40:05,5,6,3.095891
605,2022-01-02-08:40:08,6,1,3.602323
606,2022-01-02-08:40:09,1,0,1.034607
607,2022-01-02-08:40:10,0,1,1.143476
608,2022-01-02-08:40:12,1,4,1.327992
609,2022-01-02-08:40:13,4,1,1.319007
610,2022-01-02-08:40:17,1,3,3.590221
611,2022-01-02-08:40:20,3,0,3.253971
612,2022-01-02-08:40:22,0,3,2.435242
613,2022-01-02-08:40:24,3,4,2.097296
614,2022-01-02-08:40:26,4,1,1.317652
615,2022-01-02-08:40:27,1,7,1.735185
616,2022-01-02-08:40:30,7,6,2.602878
617,2022-01-02-08:40:34,6,4,3.853896
618,2022-01-02-08:40:38,4,0,3.614231
619,2022-01-02-08:40:39,0,7,1.951166
620,2022-01-02-08:40:42,7,0,2.137270
621,2022-01-02-08:40:43,0,1,1.069447
622,2022-01-02-08:40:46,1,6,3.774845
623,2022-01-02-08:40:49,6,7,2.711826
624,2022-01-02-08:40:52,7,3,3.301413
625,2022-01-02-08:40:56,3,7,3.239006
626,2022-01-02-08:40:59,7,4,3.227922
627,2022-01-02-08:41:02,4,5,3.376233
628,2022-01-02-08:41:04,5,0,1.891463
629,2022-01-02-08:41:06,0,2,1.718335
630,2022-01-02-08:41:08,2,0,1.724523
631,2022-01-02-08:41:10,0,5,1.944021
632,2022-01-02-08:41:13,5,3,3.170815
633,2022-01-02-08:41:16,3,5,3.035214
634,2022-01-02-08:41:19,5,3,3.181844
635,2022-01-02-08:41:22,3,5,3.191623
636,2022-01-02-08:41:24,5,0,2.122733
637,2022-01-02-08:41:26,0,7,1.988350
638,2022-01-02-08:41:28,7,4,1.893009
639,2022-01-02-08:41:30,4,7,1.868408
640,2022-01-02-08:41:33,7,3,2.793679
641,2022-01-02-08:41:35,3,5,2.297823
642,2022-01-02-08:41:37,5,1,2.036798
643,2022-01-02-08:41:39,1,3,2.337281
644,2022-01-02-08:41:42,3,0,2.444208
645,2022-01-02-08:41:43,0,4,1.522859
646,2022-01-02-08:41:46,4,3,2.133832
647,2022-01-02-08:41:48,3,0,2.401932
648,2022-01-02-08:41:51,0,6,3.458913
649,2022-01-02-08:41:55,6,3,3.143052
650,2022-01-02-08:41:58,3,7,3.738358
651,2022-01-02-08:42:02,7,4,4.109275
652,2022-01-02-08:42:06,4,2,3.375512
653,2022-01-02-08:42:08,2,7,2.626095
654,2022-01-02-08:42:12,7,3,3.300635
655,2022-01-02-08:42:14,3,0,2.344064
656,2022-01-02-08:42:15,0,1,1.060900
657,2022-01-02-08:42:19,1,6,3.586841
658,2022-01-02-08:42:22,6,1,3.628781
659,2022-01-02-08:42:24,1,4,1.320924
660,2022-01-02-08:42:26,4,7,1.902086
661,2022-01-02-08:42:28,7,2,2.590384
662,2022-01-02-08:42:31,2,7,2.633596
663,2022-01-02-08:42:33,7,5,2.598006
664,2022-01-02-08:42:35,5,0,1.946443
665,2022-01-02-08:42:38,0,3,2.601836
666,2022-01-02-08:42:40,3,4,2.088550
667,2022-01-02-08:42:42,4,5,1.773907
668,2022-01-02-08:42:44,5,0,1.867406
669,2022-01-02-08:42:45,0,2,1.723564
670,2022-01-02-08:42:48,2,7,2.638153
671,2022-01-02-08:42:50,7,0,1.979780
672,2022-01-02-08:42:52,0,5,1.998850
673,2022-01-02-08:42:54,5,0,1.997968
674,2022-01-02-08:42:57,0,3,2.469237
675,2022-01-02-08:42:59,3,5,2.334710
676,2022-01-02-08:43:02,5,7,2.664290
677,2022-01-02-08:43:05,7,4,3.141284
678,2022-01-02-08:43:06,4,0,1.488518
679,2022-01-02-08:43:08,0,5,2.027007
680,2022-01-02-08:43:10,5,0,2.065095
681,2022-01-02-08:43:14,0,6,3.649294
682,2022-01-02-08:43:17,6,2,3.275186
683,2022-01-02-08:43:21,2,1,4.327419
684,2022-01-02-08:43:23,1,0,1.093020
685,2022-01-02-08:43:25,0,3,2.468531
686,2022-01-02-08:43:27,3,5,2.231595
687,2022-01-02-08:43:29,5,0,2.132852
688,2022-01-02-08:43:32,0,3,2.393391
689,2022-01-02-08:43:34,3,0,2.560895
690,2022-01-02-08:43:37,0,3,2.449697
691,2022-01-02-08:43:39,3,0,2.464506
692,2022-01-02-08:43:41,0,4,1.525829
693,2022-01-02-08:43:43,4,3,2.059917
694,2022-01-02-08:43:46,3,0,2.786385
695,2022-01-02-08:43:47,0,2,1.727806
696,2022-01-02-08:43:49,2,4,1.730612
697,2022-01-02-08:43:50,4,1,1.289972
698,2022-01-02-08:43:53,1,3,2.315061
699,2022-01-02-08:43:55,3,2,2.668695
700,2022-01-02-08:43:57,2,1,2.002134
701,2022-01-02-08:43:59,1,5,1.931621
702,2022-01-02-08:44:03,5,4,3.371411
703,2022-01-02-08:44:06,4,7,3.201203
704,2022-01-02-08:44:08,7,6,2.598904
705,2022-01-02-08:44:12,6,1,3.573736
706,2022-01-02-08:44:14,1,7,1.735154
707,2022-01-02-08:44:18,7,6,4.049785
708,2022-01-02-08:44:21,6,3,3.138649
709,2022-01-02-08:44:24,3,0,3.350053
710,2022-01-02-08:44:28,0,6,3.531347
711,2022-01-02-08:44:31,6,2,3.135356
712,2022-01-02-08:44:34,2,7,2.603733
713,2022-01-02-08:44:36,7,2,2.564616
714,2022-01-02-08:44:39,2,6,3.157087
715,2022-01-02-08:44:43,6,7,3.373544
716,2022-01-02-08:44:46,7,1,3.350921
717,2022-01-02-08:44:49,1,6,2.635271
718,2022-01-02-08:44:52,6,1,3.038598
719,2022-01-02-08:44:53,1,0,1.066170
720,2022-01-02-08:44:55,0,2,1.718176
721,2022-01-02-08:44:56,2,1,1.948403
722,2022-01-02-08:44:58,1,0,1.054294
723,2022-01-02-08:44:59,0,1,1.071379
724,2022-01-02-08:45:01,1,2,1.978566
725,2022-01-02-08:45:02,2,5,1.530696
726,2022-01-02-08:45:05,5,3,3.079624
727,2022-01-02-08:45:08,3,2,3.012735
728,2022-01-02-08:45:10,2,1,1.962030
729,2022-01-02-08:45:12,1,3,2.232217
730,2022-01-02-08:45:15,3,4,2.167258
731,2022-01-02-08:45:19,4,2,4.080074
732,2022-01-02-08:45:23,2,6,4.089585
733,2022-01-02-08:45:25,6,5,2.766625
734,2022-01-02-08:45:28,5,0,2.134375
735,2022-01-02-08:45:29,0,2,1.749774
736,2022-01-02-08:45:31,2,1,1.957519
737,2022-01-02-08:45:33,1,5,2.149539
738,2022-01-02-08:45:35,5,2,1.522556
739,2022-01-02-08:45:38,2,6,3.113753
740,2022-01-02-08:45:41,6,2,3.274818
741,2022-01-02-08:45:45,2,6,3.171717
742,2022-01-02-08:45:47,6,7,2.614847
743,2022-01-02-08:45:50,7,6,2.604273
744,2022-01-02-08:45:53,6,1,2.828834
745,2022-01-02-08:45:54,1,0,1.073882
746,2022-01-02-08:45:55,0,4,1.521199
747,2022-01-02-08:45:56,4,1,1.291427
748,2022-01-02-08:45:58,1,2,1.970368
749,2022-01-02-08:46:00,2,1,1.938773
750,2022-01-02-08:46:03,1,3,2.332337
751,2022-01-02-08:46:05,3,6,1.991438
752,2022-01-02-08:46:08,6,5,2.831989
753,2022-01-02-08:46:10,5,7,2.605112
754,2022-01-02-08:46:13,7,2,2.534896
755,2022-01-02-08:46:16,2,6,3.153758
756,2022-01-02-08:46:19,6,0,3.466982
757,2022-01-02-08:46:21,0,7,1.939098
758,2022-01-02-08:46:23,7,1,1.705179
759,2022-01-02-08:46:26,1,6,2.707185
760,2022-01-02-08:46:29,6,7,3.265735
761,2022-01-02-08:46:32,7,4,3.214639
762,2022-01-02-08:46:34,4,7,1.939522
763,2022-01-02-08:46:37,7,5,2.719208
764,2022-01-02-08:46:40,5,3,3.047082
765,2022-01-02-08:46:43,3,6,3.288669
766,2022-01-02-08:46:47,6,4,3.537394
767,2022-01-02-08:46:49,4,3,2.094100
768,2022-01-02-08:46:51,3,6,2.029939
769,2022-01-02-08:46:54,6,7,3.410964
770,2022-01-02-08:46:57,7,6,2.624512
771,2022-01-02-08:47:01,6,1,3.734162
772,2022-01-02-08:47:02,1,0,1.087699
773,2022-01-02-08:47:04,0,5,2.094426
774,2022-01-02-08:47:06,5,1,1.985423
775,2022-01-02-08:47:07,1,4,1.335149
776,2022-01-02-08:47:09,4,0,1.521154
777,2022-01-02-08:47:11,0,5,1.934500
778,2022-01-02-08:47:13,5,7,2.586204
779,2022-01-02-08:47:16,7,4,3.042289
780,2022-01-02-08:47:18,4,1,1.325433
781,2022-01-02-08:47:19,1,0,1.099360
782,2022-01-02-08:47:22,0,6,3.457441
783,2022-01-02-08:47:25,6,5,3.159519
784,2022-01-02-08:47:27,5,0,2.226584
785,2022-01-02-08:47:29,0,4,1.522096
786,2022-01-02-08:47:31,4,7,1.946414
787,2022-01-02-08:47:34,7,5,2.855982
788,2022-01-02-08:47:36,5,0,1.989987
789,2022-01-02-08:47:37,0,2,1.698861
790,2022-01-02-08:47:40,2,3,2.665303
791,2022-01-02-08:47:43,3,7,3.368654
792,2022-01-02-08:47:47,7,2,3.093218
793,2022-01-02-08:47:51,2,3,4.725928
794,2022-01-02-08:47:54,3,2,2.798976
795,2022-01-02-08:47:57,2,7,2.622763
796,2022-01-02-08:48:00,7,5,3.004387
797,2022-01-02-08:48:01,5,2,1.615532
798,2022-01-02-08:48:04,2,3,2.639993
799,2022-01-02-08:48:07,3,0,2.525709
800,2022-01-02-08:48:09,0,3,2.421218
801,2022-01-02-08:48:12,3,7,3.268738
802,2022-01-02-08:48:15,7,4,3.055704
803,2022-01-02-08:48:17,4,7,1.917294
804,2022-01-02-08:48:19,7,3,2.237489
805,2022-01-02-08:48:22,3,0,2.522875
806,2022-01-02-08:48:24,0,7,1.966751
807,2022-01-02-08:48:26,7,3,2.363415
808,2022-01-02-08:48:29,3,2,2.665944
809,2022-01-02-08:48:31,2,4,1.850985
810,2022-01-02-08:48:33,4,5,1.794401
811,2022-01-02-08:48:35,5,0,2.246831
812,2022-01-02-08:48:38,0,6,3.456379
813,2022-01-02-08:48:41,6,7,2.634111
814,2022-01-02-08:48:45,7,4,3.753741
815,2022-01-02-08:48:48,4,0,3.665734
816,2022-01-02-08:48:49,0,1,1.063205
817,2022-01-02-08:48:51,1,2,2.004556
818,2022-01-02-08:48:55,2,3,3.764996
819,2022-01-02-08:48:59,3,1,3.562741
820,2022-01-02-08:49:01,1,3,2.255540
821,2022-01-02-08:49:03,3,6,2.046901
822,2022-01-02-08:49:06,6,0,2.890433
823,2022-01-02-08:49:08,0,2,1.741364
824,2022-01-02-08:49:10,2,7,2.597052
825,2022-01-02-08:49:13,7,3,2.218112
826,2022-01-02-08:49:15,3,5,2.339558
827,2022-01-02-08:49:17,5,3,2.374316
828,2022-01-02-08:49:20,3,2,2.759979
829,2022-01-02-08:49:22,2,0,1.851743
830,2022-01-02-08:49:24,0,2,1.792575
831,2022-01-02-08:49:25,2,5,1.567086
832,2022-01-02-08:49:28,5,3,3.158393
833,2022-01-02-08:49:32,3,6,3.217601
834,2022-01-02-08:49:35,6,4,3.437368
835,2022-01-02-08:49:37,4,5,1.794130
836,2022-01-02-08:49:39,5,3,2.228775
837,2022-01-02-08:49:41,3,1,2.255556
838,2022-01-02-08:49:44,1,3,2.250517
839,2022-01-02-08:49:46,3,0,2.428437
840,2022-01-02-08:49:49,0,3,3.311120
841,2022-01-02-08:49:53,3,7,3.824841
842,2022-01-02-08:49:55,7,4,1.905274
843,2022-01-02-08:49:57,4,3,2.095315
844,2022-01-02-08:50:01,3,2,4.360691
845,2022-01-02-08:50:05,2,5,3.691169
846,2022-01-02-08:50:07,5,1,2.039145
847,2022-01-02-08:50:09,1,2,1.963713
848,2022-01-02-08:50:12,2,7,2.541203
849,2022-01-02-08:50:15,7,3,3.269339
850,2022-01-02-08:50:17,3,4,2.057553
851,2022-01-02-08:50:19,4,0,1.519773
852,2022-01-02-08:50:21,0,3,2.658470
853,2022-01-02-08:50:26,3,2,4.316081
854,2022-01-02-08:50:30,2,1,4.159670
855,2022-01-02-08:50:32,1,5,1.936524
856,2022-01-02-08:50:35,5,2,3.628969
857,2022-01-02-08:50:39,2,6,4.081937
858,2022-01-02-08:50:43,6,4,3.875435
859,2022-01-02-08:50:47,4,0,3.645613
860,2022-01-02-08:50:49,0,7,1.934235
861,2022-01-02-08:50:51,7,5,2.608355
862,2022-01-02-08:50:54,5,7,2.604055
863,2022-01-02-08:50:57,7,4,3.462918
864,2022-01-02-08:51:01,4,1,3.842239
865,2022-01-02-08:51:03,1,7,1.713465
866,2022-01-02-08:51:05,7,0,2.128391
867,2022-01-02-08:51:07,0,5,2.118457
868,2022-01-02-08:51:10,5,6,3.148287
869,2022-01-02-08:51:14,6,3,3.774120
870,2022-01-02-08:51:16,3,6,2.050567
871,2022-01-02-08:51:19,6,1,2.659966
872,2022-01-02-08:51:20,1,0,1.053873
873,2022-01-02-08:51:21,0,4,1.523293
874,2022-01-02-08:51:23,4,7,1.920964
875,2022-01-02-08:51:25,7,0,2.025462
876,2022-01-02-08:51:27,0,5,1.937758
877,2022-01-02-08:51:31,5,6,3.161986
878,2022-01-02-08:51:34,6,5,3.159465
879,2022-01-02-08:51:37,5,2,3.711520
880,2022-01-02-08:51:42,2,1,4.153336
881,2022-01-02-08:51:45,1,6,3.610146
882,2022-01-02-08:51:48,6,7,2.694241
883,2022-01-02-08:51:51,7,4,3.146962
884,2022-01-02-08:51:53,4,2,1.840791
885,2022-01-02-08:51:57,2,7,4.535055
886,2022-01-02-08:52:00,7,5,2.716002
887,2022-01-02-08:52:02,5,3,2.309237
888,2022-01-02-08:52:06,3,7,3.358193
889,2022-01-02-08:52:09,7,0,3.233734
890,2022-01-02-08:52:11,0,4,1.536042
891,2022-01-02-08:52:13,4,2,2.096964
892,2022-01-02-08:52:14,2,5,1.533722
893,2022-01-02-08:52:17,5,6,3.104023
894,2022-01-02-08:52:21,6,0,3.539306
895,2022-01-02-08:52:22,0,2,1.698951
896,2022-01-02-08:52:25,2,7,2.579247
897,2022-01-02-08:52:28,7,6,2.583365
898,2022-01-02-08:52:32,6,4,3.908860
899,2022-01-02-08:52:35,4,5,3.251966
900,2022-01-02-08:52:37,5,1,1.920030
901,2022-01-02-08:52:38,1,0,1.170279
902,2022-01-02-08:52:40,0,7,2.006957
903,2022-01-02-08:52:43,7,6,2.648889
904,2022-01-02-08:52:45,6,3,1.969900
905,2022-01-02-08:52:47,3,5,2.416969
906,2022-01-02-08:52:50,5,7,2.551240
907,2022-01-02-08:52:52,7,2,2.759616
908,2022-01-02-08:52:56,2,6,3.335755
909,2022-01-02-08:52:59,6,0,3.630244
910,2022-01-02-08:53:01,0,5,1.895237
911,2022-01-02-08:53:04,5,6,3.102077
912,2022-01-02-08:53:08,6,3,3.694079
913,2022-01-02-08:53:10,3,4,2.088252
914,2022-01-02-08:53:11,4,1,1.321961
915,2022-01-02-08:53:12,1,0,1.068198
916,2022-01-02-08:53:14,0,4,1.531620
917,2022-01-02-08:53:15,4,1,1.318586
918,2022-01-02-08:53:19,1,6,3.636329
919,2022-01-02-08:53:22,6,5,3.165897
920,2022-01-02-08:53:25,5,6,2.708953
921,2022-01-02-08:53:27,6,3,2.008887
922,2022-01-02-08:53:29,3,5,2.167732
923,2022-01-02-08:53:32,5,3,3.208976
924,2022-01-02-08:53:36,3,7,3.794614
925,2022-01-02-08:53:40,7,3,3.947328
926,2022-01-02-08:53:43,3,5,3.109102
927,2022-01-02-08:53:46,5,6,3.135565
928,2022-01-02-08:53:50,6,7,4.043348
929,2022-01-02-08:53:53,7,2,2.583389
930,2022-01-02-08:53:55,2,4,1.752303
931,2022-01-02-08:53:56,4,5,1.800544
932,2022-01-02-08:53:59,5,6,3.064361
933,2022-01-02-08:54:03,6,1,3.553847
934,2022-01-02-08:54:05,1,5,1.963316
935,2022-01-02-08:54:07,5,0,1.889518
936,2022-01-02-08:54:09,0,7,1.889759
937,2022-01-02-08:54:11,7,5,2.804822
938,2022-01-02-08:54:13,5,1,1.937940
939,2022-01-02-08:54:15,1,4,1.314004
940,2022-01-02-08:54:17,4,7,1.905897
941,2022-01-02-08:54:21,7,3,4.136070
942,2022-01-02-08:54:24,3,0,3.268041
943,2022-01-02-08:54:26,0,2,1.741371
944,2022-01-02-08:54:29,2,6,3.219413
945,2022-01-02-08:54:32,6,2,3.076427
946,2022-01-02-08:54:35,2,6,3.152611
947,2022-01-02-08:54:39,6,7,3.986532
948,2022-01-02-08:54:42,7,2,2.725071
949,2022-01-02-08:54:45,2,6,3.260545
950,2022-01-02-08:54:48,6,5,2.726677
951,2022-01-02-08:54:51,5,6,2.701188
952,2022-01-02-08:54:53,6,3,1.990615
953,2022-01-02-08:54:57,3,2,4.216984
954,2022-01-02-08:55:01,2,0,3.966749
955,2022-01-02-08:55:02,0,1,1.016597
956,2022-01-02-08:55:04,1,2,1.980485
957,2022-01-02-08:55:05,2,5,1.527134
958,2022-01-02-08:55:08,5,6,3.095594
959,2022-01-02-08:55:12,6,0,3.457525
960,2022-01-02-08:55:15,0,6,3.502809
961,2022-01-02-08:55:19,6,1,3.540217
962,2022-01-02-08:55:21,1,3,2.355681
963,2022-01-02-08:55:24,3,1,2.540750
964,2022-01-02-08:55:26,1,5,1.912155
965,2022-01-02-08:55:28,5,7,2.594773
966,2022-01-02-08:55:31,7,6,2.574415
967,2022-01-02-08:55:34,6,2,3.244275
968,2022-01-02-08:55:36,2,0,1.720954
969,2022-01-02-08:55:38,0,2,1.721490
970,2022-01-02-08:55:39,2,4,1.741563
971,2022-01-02-08:55:43,4,6,3.509010
972,2022-01-02-08:55:46,6,0,3.437660
973,2022-01-02-08:55:49,0,3,2.412576
974,2022-01-02-08:55:52,3,7,3.353267
975,2022-01-02-08:55:55,7,4,3.113433
976,2022-01-02-08:55:59,4,2,4.073222
977,2022-01-02-08:56:02,2,7,3.040857
978,2022-01-02-08:56:06,7,4,3.387674
979,2022-01-02-08:56:10,4,1,4.326787
980,2022-01-02-08:56:11,1,4,1.330606
981,2022-01-02-08:56:15,4,2,4.097231
982,2022-01-02-08:56:20,2,0,4.151552
983,2022-01-02-08:56:21,0,1,1.116152
984,2022-01-02-08:56:23,1,5,1.942532
985,2022-01-02-08:56:25,5,4,1.918908
986,2022-01-02-08:56:29,4,2,4.170476
987,2022-01-02-08:56:33,2,7,4.386262
988,2022-01-02-08:56:37,7,3,3.845874
989,2022-01-02-08:56:39,3,4,2.196585
990,2022-01-02-08:56:43,4,0,3.600585
991,2022-01-02-08:56:45,0,7,2.041360
992,2022-01-02-08:56:47,7,2,2.657778
993,2022-01-02-08:56:51,2,6,3.126761
994,2022-01-02-08:56:53,6,5,2.773118
995,2022-01-02-08:56:56,5,7,2.618795
996,2022-01-02-08:56:59,7,3,3.340992
997,2022-01-02-08:57:04,3,2,4.267073
998,2022-01-02-08:57:06,2,3,2.589081
999,2022-01-02-08:57:10,3,1,3.527613
1000,2022-01-02-08:57:12,1,5,2.234419
1001,2022-01-02-08:57:14,5,1,1.887655
1002,2022-01-02-08:57:15,1,0,1.048814
1003,2022-01-02-08:57:16,0,1,1.124242
1004,2022-01-02-08:57:18,1,2,1.963811
1005,2022-01-02-08:57:21,2,3,2.968625
1006,2022-01-02-08:57:24,3,5,3.038090
1007,2022-01-02-08:57:26,5,2,1.539417
1008,2022-01-02-08:57:29,2,6,3.031260
1009,2022-01-02-08:57:31,6,1,2.654711
1010,2022-01-02-08:57:32,1,0,1.066994
1011,2022-01-02-08:57:34,0,5,2.126608
1012,2022-01-02-08:57:36,5,2,1.612682
1013,2022-01-02-08:57:38,2,1,1.994183
1014,2022-01-02-08:57:40,1,7,1.702861
1015,2022-01-02-08:57:41,7,1,1.670073
1016,2022-01-02-08:57:43,1,5,1.934969
1017,2022-01-02-08:57:46,5,6,3.115695
1018,2022-01-02-08:57:49,6,7,2.598025
1019,2022-01-02-08:57:52,7,2,2.623695
1020,2022-01-02-08:57:54,2,1,1.938666
1021,2022-01-02-08:57:56,1,6,2.676612
1022,2022-01-02-08:57:59,6,1,2.715522
1023,2022-01-02-08:58:01,1,2,2.001903
1024,2022-01-02-08:58:03,2,5,1.569508
1025,2022-01-02-08:58:05,5,7,2.597506
1026,2022-01-02-08:58:08,7,5,2.630810
1027,2022-01-02-08:58:11,5,4,3.315768
1028,2022-01-02-08:58:15,4,7,4.247708
1029,2022-01-02-08:58:17,7,0,2.052443
1030,2022-01-02-08:58:19,0,2,1.748684
1031,2022-01-02-08:58:22,2,7,2.577125
1032,2022-01-02-08:58:24,7,4,1.939247
1033,2022-01-02-08:58:26,4,2,1.868857
1034,2022-01-02-08:58:28,2,1,1.962583
1035,2022-01-02-08:58:30,1,3,2.332218
1036,2022-01-02-08:58:32,3,7,2.146060
1037,2022-01-02-08:58:35,7,5,2.813528
1038,2022-01-02-08:58:37,5,1,2.005690
1039,2022-01-02-08:58:39,1,5,2.002889
1040,2022-01-02-08:58:41,5,0,2.190246
1041,2022-01-02-08:58:44,0,3,3.360813
1042,2022-01-02-08:58:47,3,6,3.138803
1043,2022-01-02-08:58:51,6,5,3.242517
1044,2022-01-02-08:58:53,5,3,2.236653
1045,2022-01-02-08:58:55,3,0,2.338917
1046,2022-01-02-08:58:59,0,3,3.337736
1047,2022-01-02-08:59:02,3,6,3.137225
1048,2022-01-02-08:59:05,6,1,3.646296
1049,2022-01-02-08:59:07,1,7,1.702115
1050,2022-01-02-08:59:10,7,2,2.556228
1051,2022-01-02-08:59:12,2,7,2.617511
1052,2022-01-02-08:59:15,7,2,2.652212
1053,2022-01-02-08:59:18,2,6,3.131218
1054,2022-01-02-08:59:22,6,1,3.656363
1055,2022-01-02-08:59:23,1,4,1.337629
1056,2022-01-02-08:59:25,4,7,1.880359
1057,2022-01-02-08:59:27,7,0,1.989076
1058,2022-01-02-08:59:29,0,4,1.575744
1059,2022-01-02-08:59:33,4,2,4.126140
1060,2022-01-02-08:59:37,2,6,4.119212
1061,2022-01-02-08:59:40,6,0,2.836411
1062,2022-01-02-08:59:41,0,4,1.530936
1063,2022-01-02-08:59:43,4,5,1.813671
1064,2022-01-02-08:59:46,5,6,2.700230
1065,2022-01-02-08:59:48,6,4,2.594719
1066,2022-01-02-08:59:50,4,3,2.024331
1067,2022-01-02-08:59:53,3,4,2.297876
1068,2022-01-02-08:59:54,4,0,1.518357
1069,2022-01-02-08:59:55,0,1,1.158358
1070,2022-01-02-08:59:58,1,6,2.731797
1071,2022-01-02-09:00:02,6,4,3.745454
1072,2022-01-02-09:00:05,4,0,3.692608
1073,2022-01-02-09:00:08,0,3,2.446563
1074,2022-01-02-09:00:10,3,5,2.493975
1075,2022-01-02-09:00:12,5,1,2.083099
1076,2022-01-02-09:00:14,1,4,1.348142
1077,2022-01-02-09:00:15,4,1,1.351775
1078,2022-01-02-09:00:17,1,5,2.085020
1079,2022-01-02-09:00:20,5,3,2.333884
1080,2022-01-02-09:00:23,3,7,3.280705
1081,2022-01-02-09:00:26,7,4,3.318272
1082,2022-01-02-09:00:30,4,1,3.801478
1083,2022-01-02-09:00:31,1,4,1.315051
1084,2022-01-02-09:00:33,4,3,2.120994
1085,2022-01-02-09:00:37,3,4,3.950699
1086,2022-01-02-09:00:41,4,5,3.362796
1087,2022-01-02-09:00:43,5,1,1.926630
1088,2022-01-02-09:00:45,1,2,2.001672
1089,2022-01-02-09:00:47,2,1,1.994095
1090,2022-01-02-09:00:49,1,2,1.988028
1091,2022-01-02-09:00:51,2,1,1.977725
1092,2022-01-02-09:00:52,1,0,1.133628
1093,2022-01-02-09:00:53,0,4,1.540351
1094,2022-01-02-09:00:55,4,7,1.948746
1095,2022-01-02-09:00:57,7,0,1.956547
1096,2022-01-02-09:01:00,0,6,2.789776
1097,2022-01-02-09:01:03,6,5,2.746798
1098,2022-01-02-09:01:05,5,3,2.300233
1099,2022-01-02-09:01:07,3,1,2.230837
1100,2022-01-02-09:01:10,1,3,2.390745
1101,2022-01-02-09:01:12,3,0,2.602067
1102,2022-01-02-09:01:13,0,1,1.110301
1103,2022-01-02-09:01:17,1,6,3.670883
1104,2022-01-02-09:01:21,6,7,4.066126
1105,2022-01-02-09:01:23,7,3,2.285823
1106,2022-01-02-09:01:26,3,1,2.371939
1107,2022-01-02-09:01:29,1,3,3.439113
1108,2022-01-02-09:01:33,3,7,3.836807
1109,2022-01-02-09:01:35,7,3,2.243361
1110,2022-01-02-09:01:39,3,7,3.363925
1111,2022-01-02-09:01:42,7,0,3.139969
1112,2022-01-02-09:01:45,0,6,3.514151
1113,2022-01-02-09:01:49,6,0,3.482478
1114,2022-01-02-09:01:50,0,4,1.499909
1115,2022-01-02-09:01:52,4,3,2.100021
1116,2022-01-02-09:01:55,3,0,2.445679
1117,2022-01-02-09:01:58,0,6,3.480056
1118,2022-01-02-09:02:02,6,5,3.332771
1119,2022-01-02-09:02:04,5,3,2.162899
1120,2022-01-02-09:02:06,3,1,2.378718
1121,2022-01-02-09:02:08,1,2,2.023023
1122,2022-01-02-09:02:10,2,0,1.724874
1123,2022-01-02-09:02:12,0,7,1.940576
1124,2022-01-02-09:02:14,7,1,1.717793
1125,2022-01-02-09:02:16,1,5,1.925585
1126,2022-01-02-09:02:17,5,2,1.716842
1127,2022-01-02-09:02:19,2,0,1.731050
1128,2022-01-02-09:02:21,0,2,1.744793
1129,2022-01-02-09:02:24,2,3,3.054152
1130,2022-01-02-09:02:27,3,6,3.216943
1131,2022-01-02-09:02:31,6,1,3.592349
1132,2022-01-02-09:02:32,1,0,1.054572
1133,2022-01-02-09:02:33,0,1,1.102006
1134,2022-01-02-09:02:34,1,0,1.103132
1135,2022-01-02-09:02:36,0,2,1.753804
1136,2022-01-02-09:02:37,2,5,1.511386
1137,2022-01-02-09:02:40,5,6,3.151815
1138,2022-01-02-09:02:44,6,0,3.524628
1139,2022-01-02-09:02:45,0,1,1.042577
1140,2022-01-02-09:02:46,1,4,1.335663
1141,2022-01-02-09:02:48,4,5,1.780350
1142,2022-01-02-09:02:51,5,7,2.582642
1143,2022-01-02-09:02:53,7,6,2.610908
1144,2022-01-02-09:02:56,6,5,3.267159
1145,2022-01-02-09:02:58,5,0,1.935777
1146,2022-01-02-09:03:01,0,3,2.415990
1147,2022-01-02-09:03:03,3,6,2.060627
1148,2022-01-02-09:03:07,6,4,3.754906
1149,2022-01-02-09:03:10,4,5,3.333248
1150,2022-01-02-09:03:13,5,6,2.684407
1151,2022-01-02-09:03:15,6,1,2.729788
1152,2022-01-02-09:03:18,1,3,2.241571
1153,2022-01-02-09:03:20,3,5,2.248803
1154,2022-01-02-09:03:21,5,2,1.525826
1155,2022-01-02-09:03:23,2,0,1.739244
1156,2022-01-02-09:03:26,0,3,3.322816
1157,2022-01-02-09:03:30,3,5,3.291519
1158,2022-01-02-09:03:32,5,0,1.930082
1159,2022-01-02-09:03:33,0,2,1.722862
1160,2022-01-02-09:03:35,2,0,1.755452
1161,2022-01-02-09:03:38,0,3,2.483942
1162,2022-01-02-09:03:40,3,4,2.072341
1163,2022-01-02-09:03:41,4,5,1.774016
1164,2022-01-02-09:03:44,5,3,2.230897
1165,2022-01-02-09:03:46,3,4,2.124219
1166,2022-01-02-09:03:47,4,1,1.348891
1167,2022-01-02-09:03:49,1,7,1.726026
1168,2022-01-02-09:03:51,7,3,2.182403
1169,2022-01-02-09:03:53,3,5,2.234146
1170,2022-01-02-09:03:56,5,7,2.635192
1171,2022-01-02-09:03:59,7,4,3.270368
1172,2022-01-02-09:04:01,4,5,1.765177
1173,2022-01-02-09:04:03,5,3,2.256988
1174,2022-01-02-09:04:05,3,5,2.194298
1175,2022-01-02-09:04:07,5,2,1.512114
1176,2022-01-02-09:04:09,2,1,2.065220
1177,2022-01-02-09:04:11,1,5,2.153073
1178,2022-01-02-09:04:13,5,1,1.962875
1179,2022-01-02-09:04:15,1,5,2.096077
1180,2022-01-02-09:04:17,5,0,1.943528
1181,2022-01-02-09:04:19,0,7,2.015387
1182,2022-01-02-09:04:22,7,2,2.610077
1183,2022-01-02-09:04:24,2,4,1.854852
1184,2022-01-02-09:04:25,4,1,1.336088
1185,2022-01-02-09:04:29,1,6,3.651149
1186,2022-01-02-09:04:32,6,3,3.173280
1187,2022-01-02-09:04:35,3,4,3.443126
1188,2022-01-02-09:04:39,4,6,3.451134
1189,2022-01-02-09:04:42,6,0,3.759338
1190,2022-01-02-09:04:44,0,7,1.908091
1191,2022-01-02-09:04:46,7,1,1.739404
1192,2022-01-02-09:04:48,1,5,1.990769
1193,2022-01-02-09:04:51,5,7,2.569354
1194,2022-01-02-09:04:54,7,1,3.316392
1195,2022-01-02-09:04:56,1,5,2.002575
1196,2022-01-02-09:04:59,5,7,2.644191
1197,2022-01-02-09:05:01,7,6,2.635377
1198,2022-01-02-09:05:05,6,0,3.635567
1199,2022-01-02-09:05:07,0,5,2.086006
1200,2022-01-02-09:05:09,5,3,2.284613
1201,2022-01-02-09:05:13,3,7,3.346537
1202,2022-01-02-09:05:15,7,6,2.590230
1203,2022-01-02-09:05:18,6,2,3.138874
1204,2022-01-02-09:05:21,2,6,3.117038
1205,2022-01-02-09:05:25,6,1,3.591791
1206,2022-01-02-09:05:27,1,2,2.016960
1207,2022-01-02-09:05:30,2,3,2.767002
1208,2022-01-02-09:05:32,3,5,2.409638
1209,2022-01-02-09:05:35,5,6,3.128644
1210,2022-01-02-09:05:39,6,1,3.670079
1211,2022-01-02-09:05:40,1,0,1.049463
1212,2022-01-02-09:05:42,0,5,2.037326
1213,2022-01-02-09:05:45,5,7,2.607765
1214,2022-01-02-09:05:48,7,5,3.057980
1215,2022-01-02-09:05:50,5,7,2.609802
1216,2022-01-02-09:05:53,7,6,2.622161
1217,2022-01-02-09:05:56,6,4,3.502000
1218,2022-01-02-09:05:58,4,2,1.868063
1219,2022-01-02-09:06:00,2,4,1.853001
1220,2022-01-02-09:06:02,4,5,1.800295
1221,2022-01-02-09:06:04,5,1,2.003513
1222,2022-01-02-09:06:06,1,5,2.033956
1223,2022-01-02-09:06:10,5,4,3.505808
1224,2022-01-02-09:06:13,4,6,3.751632
1225,2022-01-02-09:06:15,6,3,2.139578
1226,2022-01-02-09:06:18,3,5,2.226219
1227,2022-01-02-09:06:20,5,3,2.331503
1228,2022-01-02-09:06:23,3,0,2.528700
1229,2022-01-02-09:06:24,0,5,1.925442
1230,2022-01-02-09:06:28,5,2,3.850200
1231,2022-01-02-09:06:32,2,0,3.947667
1232,2022-01-02-09:06:33,0,1,1.112927
1233,2022-01-02-09:06:35,1,4,1.337960
1234,2022-01-02-09:06:36,4,1,1.374659
1235,2022-01-02-09:06:38,1,5,1.989400
1236,2022-01-02-09:06:40,5,1,1.996041
1237,2022-01-02-09:06:42,1,2,2.004680
1238,2022-01-02-09:06:44,2,4,1.811631
1239,2022-01-02-09:06:45,4,0,1.524876
1240,2022-01-02-09:06:47,0,7,1.941932
1241,2022-01-02-09:06:51,7,6,4.046197
1242,2022-01-02-09:06:55,6,2,3.194738
1243,2022-01-02-09:06:56,2,4,1.798765
1244,2022-01-02-09:07:00,4,0,3.683092
1245,2022-01-02-09:07:02,0,2,1.738605
1246,2022-01-02-09:07:04,2,7,2.529071
1247,2022-01-02-09:07:08,7,3,3.335199
1248,2022-01-02-09:07:10,3,6,2.078459
1249,2022-01-02-09:07:14,6,2,4.108442
1250,2022-01-02-09:07:17,2,3,2.734266
1251,2022-01-02-09:07:20,3,1,3.417097
1252,2022-01-02-09:07:22,1,2,2.034757
1253,2022-01-02-09:07:25,2,7,2.595202
1254,2022-01-02-09:07:27,7,0,1.995124
1255,2022-01-02-09:07:29,0,5,1.912875
1256,2022-01-02-09:07:31,5,1,2.042836
1257,2022-01-02-09:07:32,1,7,1.737358
1258,2022-01-02-09:07:35,7,0,2.165465
1259,2022-01-02-09:07:36,0,2,1.769897
1260,2022-01-02-09:07:38,2,5,1.677345
1261,2022-01-02-09:07:40,5,1,2.273954
1262,2022-01-02-09:07:41,1,0,1.133185
1263,2022-01-02-09:07:43,0,2,1.754124
1264,2022-01-02-09:07:45,2,1,2.075818
1265,2022-01-02-09:07:47,1,7,1.747577
1266,2022-01-02-09:07:49,7,0,2.165684
1267,2022-01-02-09:07:51,0,7,1.967975
1268,2022-01-02-09:07:53,7,0,1.900344
1269,2022-01-02-09:07:55,0,7,1.992502
