--- Start
Calibration finished !

Learning mode activated? 
False
iteration,date,init_position,final_position,time
0,2022-01-02-08:14:50,-1,4,2.860645
1,2022-01-02-08:14:52,4,3,2.094535
2,2022-01-02-08:14:54,3,4,2.298444
3,2022-01-02-08:14:55,4,1,1.313398
4,2022-01-02-08:14:59,1,6,3.541478
5,2022-01-02-08:15:02,6,5,3.110777
6,2022-01-02-08:15:04,5,1,2.014936
7,2022-01-02-08:15:05,1,4,1.315893
8,2022-01-02-08:15:08,4,2,2.144355
9,2022-01-02-08:15:10,2,1,2.054885
10,2022-01-02-08:15:11,1,7,1.730053
11,2022-01-02-08:15:13,7,0,1.952191
12,2022-01-02-08:15:17,0,6,3.461851
13,2022-01-02-08:15:20,6,4,3.444695
14,2022-01-02-08:15:22,4,3,2.062170
15,2022-01-02-08:15:25,3,2,2.578744
16,2022-01-02-08:15:26,2,5,1.523566
17,2022-01-02-08:15:29,5,3,3.031601
18,2022-01-02-08:15:32,3,5,3.022053
19,2022-01-02-08:15:34,5,1,1.884717
20,2022-01-02-08:15:38,1,6,3.642839
21,2022-01-02-08:15:41,6,7,2.686051
22,2022-01-02-08:15:44,7,4,3.125596
23,2022-01-02-08:15:45,4,0,1.523341
24,2022-01-02-08:15:46,0,1,1.024097
25,2022-01-02-08:15:48,1,7,1.656578
26,2022-01-02-08:15:51,7,2,2.612285
27,2022-01-02-08:15:53,2,7,2.564206
28,2022-01-02-08:15:56,7,2,2.571480
29,2022-01-02-08:15:57,2,4,1.727746
30,2022-01-02-08:15:59,4,3,2.036821
31,2022-01-02-08:16:02,3,0,2.429455
32,2022-01-02-08:16:03,0,4,1.520616
33,2022-01-02-08:16:07,4,6,3.435979
34,2022-01-02-08:16:11,6,1,3.627030
35,2022-01-02-08:16:13,1,3,2.424960
36,2022-01-02-08:16:15,3,0,2.383307
37,2022-01-02-08:16:18,0,3,2.318163
38,2022-01-02-08:16:20,3,6,2.023566
39,2022-01-02-08:16:22,6,5,2.719967
40,2022-01-02-08:16:26,5,4,3.296957
41,2022-01-02-08:16:29,4,6,3.673407
42,2022-01-02-08:16:32,6,1,2.725183
43,2022-01-02-08:16:33,1,4,1.285105
44,2022-01-02-08:16:35,4,2,1.935053
45,2022-01-02-08:16:37,2,4,1.750195
46,2022-01-02-08:16:39,4,0,1.482161
47,2022-01-02-08:16:42,0,6,3.421222
48,2022-01-02-08:16:45,6,0,3.499090
49,2022-01-02-08:16:46,0,1,1.017122
50,2022-01-02-08:16:50,1,6,3.528677
51,2022-01-02-08:16:54,6,7,4.079325
52,2022-01-02-08:16:58,7,3,3.890814
53,2022-01-02-08:17:01,3,1,3.493940
54,2022-01-02-08:17:03,1,2,1.965389
55,2022-01-02-08:17:05,2,4,1.742264
56,2022-01-02-08:17:06,4,1,1.314865
57,2022-01-02-08:17:08,1,0,1.048433
58,2022-01-02-08:17:10,0,3,2.401649
59,2022-01-02-08:17:12,3,1,2.393066
60,2022-01-02-08:17:14,1,5,2.144065
61,2022-01-02-08:17:17,5,6,2.733957
62,2022-01-02-08:17:19,6,3,2.035308
63,2022-01-02-08:17:22,3,2,2.697702
64,2022-01-02-08:17:25,2,3,3.031348
65,2022-01-02-08:17:28,3,0,3.333838
66,2022-01-02-08:17:30,0,5,2.145873
67,2022-01-02-08:17:32,5,2,1.521854
68,2022-01-02-08:17:34,2,0,1.688109
69,2022-01-02-08:17:36,0,3,2.453773
70,2022-01-02-08:17:38,3,4,2.067531
71,2022-01-02-08:17:40,4,3,2.051941
72,2022-01-02-08:17:42,3,6,1.943183
73,2022-01-02-08:17:45,6,5,2.793115
74,2022-01-02-08:17:47,5,1,1.938087
75,2022-01-02-08:17:48,1,4,1.282583
76,2022-01-02-08:17:50,4,7,1.838475
77,2022-01-02-08:17:55,7,4,4.501265
78,2022-01-02-08:17:58,4,0,3.573883
79,2022-01-02-08:18:01,0,3,2.700152
80,2022-01-02-08:18:03,3,4,2.041737
81,2022-01-02-08:18:05,4,3,2.094225
82,2022-01-02-08:18:07,3,1,2.218453
83,2022-01-02-08:18:10,1,3,2.419246
84,2022-01-02-08:18:13,3,7,3.233063
85,2022-01-02-08:18:16,7,3,3.291873
86,2022-01-02-08:18:18,3,0,2.337775
87,2022-01-02-08:18:20,0,4,1.515537
88,2022-01-02-08:18:21,4,0,1.521870
89,2022-01-02-08:18:24,0,3,2.359783
90,2022-01-02-08:18:27,3,7,3.499273
91,2022-01-02-08:18:31,7,3,3.256831
92,2022-01-02-08:18:35,3,4,4.366282
93,2022-01-02-08:18:37,4,3,2.073483
94,2022-01-02-08:18:40,3,5,3.028105
95,2022-01-02-08:18:43,5,7,2.587160
96,2022-01-02-08:18:45,7,5,2.627677
97,2022-01-02-08:18:48,5,3,2.436157
98,2022-01-02-08:18:50,3,5,2.198943
99,2022-01-02-08:18:52,5,7,2.562734
100,2022-01-02-08:18:56,7,1,3.419122
101,2022-01-02-08:18:57,1,4,1.282075
102,2022-01-02-08:18:59,4,5,1.751667
103,2022-01-02-08:19:01,5,4,1.838111
104,2022-01-02-08:19:04,4,6,3.401145
105,2022-01-02-08:19:07,6,3,3.137692
106,2022-01-02-08:19:11,3,6,3.395728
107,2022-01-02-08:19:14,6,7,3.294454
108,2022-01-02-08:19:17,7,3,3.238458
109,2022-01-02-08:19:19,3,6,1.961336
110,2022-01-02-08:19:22,6,5,2.831017
111,2022-01-02-08:19:25,5,7,2.568503
112,2022-01-02-08:19:28,7,0,3.045437
113,2022-01-02-08:19:30,0,7,1.887435
114,2022-01-02-08:19:34,7,6,3.987671
115,2022-01-02-08:19:38,6,7,4.033240
116,2022-01-02-08:19:40,7,2,2.550799
117,2022-01-02-08:19:42,2,5,1.483065
118,2022-01-02-08:19:44,5,1,2.003584
119,2022-01-02-08:19:45,1,4,1.281521
120,2022-01-02-08:19:47,4,7,1.885062
121,2022-01-02-08:19:48,7,1,1.693088
122,2022-01-02-08:19:50,1,2,1.960022
123,2022-01-02-08:19:52,2,0,1.682517
124,2022-01-02-08:19:53,0,1,1.037065
125,2022-01-02-08:19:54,1,0,1.025365
126,2022-01-02-08:19:56,0,7,1.888668
127,2022-01-02-08:20:00,7,3,3.834388
128,2022-01-02-08:20:03,3,5,2.989722
129,2022-01-02-08:20:05,5,4,1.862933
130,2022-01-02-08:20:07,4,3,2.024475
131,2022-01-02-08:20:09,3,5,2.223450
132,2022-01-02-08:20:11,5,4,1.883844
133,2022-01-02-08:20:15,4,2,4.027813
134,2022-01-02-08:20:19,2,5,3.634402
135,2022-01-02-08:20:20,5,1,1.956063
136,2022-01-02-08:20:22,1,4,1.284203
137,2022-01-02-08:20:25,4,6,3.441033
138,2022-01-02-08:20:28,6,5,3.146296
139,2022-01-02-08:20:30,5,0,1.920855
140,2022-01-02-08:20:33,0,3,2.391414
141,2022-01-02-08:20:35,3,0,2.406197
142,2022-01-02-08:20:37,0,2,1.689468
143,2022-01-02-08:20:40,2,3,3.126150
144,2022-01-02-08:20:43,3,6,3.426515
145,2022-01-02-08:20:46,6,5,2.663379
146,2022-01-02-08:20:50,5,2,3.587884
147,2022-01-02-08:20:53,2,5,3.633448
148,2022-01-02-08:20:55,5,4,2.059434
149,2022-01-02-08:20:57,4,2,1.917206
150,2022-01-02-08:21:00,2,3,2.788162
151,2022-01-02-08:21:03,3,2,2.555066
152,2022-01-02-08:21:04,2,5,1.483740
153,2022-01-02-08:21:06,5,3,2.263445
154,2022-01-02-08:21:09,3,5,2.423006
155,2022-01-02-08:21:11,5,6,2.662898
156,2022-01-02-08:21:13,6,3,1.979720
157,2022-01-02-08:21:15,3,6,2.026395
158,2022-01-02-08:21:18,6,7,2.726788
159,2022-01-02-08:21:21,7,5,2.729251
160,2022-01-02-08:21:23,5,0,1.884760
161,2022-01-02-08:21:26,0,6,3.572117
162,2022-01-02-08:21:30,6,0,3.562198
163,2022-01-02-08:21:32,0,2,1.683353
164,2022-01-02-08:21:33,2,5,1.486940
165,2022-01-02-08:21:35,5,4,1.830648
166,2022-01-02-08:21:37,4,2,1.748346
167,2022-01-02-08:21:39,2,1,2.021334
168,2022-01-02-08:21:40,1,0,1.029513
169,2022-01-02-08:21:43,0,6,3.498062
170,2022-01-02-08:21:46,6,7,2.558533
171,2022-01-02-08:21:49,7,1,3.502877
172,2022-01-02-08:21:51,1,5,1.989484
173,2022-01-02-08:21:54,5,7,2.563864
174,2022-01-02-08:21:57,7,1,3.219173
175,2022-01-02-08:21:58,1,4,1.322778
176,2022-01-02-08:22:00,4,3,2.053436
177,2022-01-02-08:22:04,3,7,3.238629
178,2022-01-02-08:22:06,7,6,2.566092
179,2022-01-02-08:22:10,6,0,3.459306
180,2022-01-02-08:22:11,0,1,1.021073
181,2022-01-02-08:22:14,1,6,3.540354
182,2022-01-02-08:22:18,6,4,3.395743
183,2022-01-02-08:22:21,4,6,3.522084
184,2022-01-02-08:22:24,6,7,2.724030
185,2022-01-02-08:22:27,7,2,2.788040
186,2022-01-02-08:22:28,2,0,1.794725
187,2022-01-02-08:22:30,0,5,1.858672
188,2022-01-02-08:22:32,5,0,1.898281
189,2022-01-02-08:22:34,0,4,1.484096
190,2022-01-02-08:22:37,4,6,3.421348
191,2022-01-02-08:22:40,6,3,3.226580
192,2022-01-02-08:22:44,3,4,3.657379
193,2022-01-02-08:22:45,4,1,1.315794
194,2022-01-02-08:22:47,1,4,1.280896
195,2022-01-02-08:22:50,4,6,3.426664
196,2022-01-02-08:22:53,6,7,2.550964
197,2022-01-02-08:22:56,7,0,3.060703
198,2022-01-02-08:22:58,0,7,1.926667
199,2022-01-02-08:22:59,7,4,1.922687
200,2022-01-02-08:23:04,4,2,4.336942
201,2022-01-02-08:23:08,2,3,4.311129
202,2022-01-02-08:23:10,3,4,2.048410
203,2022-01-02-08:23:12,4,2,1.840423
204,2022-01-02-08:23:14,2,1,2.015454
205,2022-01-02-08:23:17,1,6,2.929575
206,2022-01-02-08:23:20,6,5,2.831288
207,2022-01-02-08:23:22,5,4,1.932668
208,2022-01-02-08:23:23,4,5,1.763746
209,2022-01-02-08:23:26,5,7,2.564864
210,2022-01-02-08:23:29,7,1,3.441153
211,2022-01-02-08:23:33,1,6,3.538505
212,2022-01-02-08:23:36,6,2,3.181460
213,2022-01-02-08:23:38,2,4,1.752855
214,2022-01-02-08:23:40,4,3,2.069002
215,2022-01-02-08:23:42,3,1,2.225957
216,2022-01-02-08:23:44,1,3,2.197944
217,2022-01-02-08:23:47,3,1,2.235747
218,2022-01-02-08:23:48,1,7,1.626914
219,2022-01-02-08:23:50,7,1,1.652514
220,2022-01-02-08:23:52,1,5,1.921174
221,2022-01-02-08:23:55,5,4,3.538514
222,2022-01-02-08:24:00,4,7,4.349669
223,2022-01-02-08:24:04,7,6,4.009173
224,2022-01-02-08:24:07,6,2,3.194778
225,2022-01-02-08:24:10,2,3,2.767542
226,2022-01-02-08:24:12,3,0,2.386092
227,2022-01-02-08:24:14,0,2,1.722173
228,2022-01-02-08:24:16,2,7,2.583403
229,2022-01-02-08:24:19,7,0,3.061990
230,2022-01-02-08:24:21,0,1,1.080136
231,2022-01-02-08:24:22,1,5,1.941949
232,2022-01-02-08:24:24,5,2,1.607652
233,2022-01-02-08:24:26,2,1,1.966601
234,2022-01-02-08:24:28,1,7,1.621792
235,2022-01-02-08:24:30,7,0,1.937377
236,2022-01-02-08:24:31,0,4,1.493046
237,2022-01-02-08:24:33,4,3,2.031773
238,2022-01-02-08:24:38,3,2,4.434708
239,2022-01-02-08:24:42,2,1,4.222935
240,2022-01-02-08:24:44,1,3,2.238155
241,2022-01-02-08:24:46,3,6,2.019895
242,2022-01-02-08:24:48,6,3,1.926310
243,2022-01-02-08:24:50,3,6,1.957924
244,2022-01-02-08:24:53,6,7,2.639508
245,2022-01-02-08:24:54,7,1,1.650553
246,2022-01-02-08:24:56,1,7,1.726351
247,2022-01-02-08:24:58,7,4,1.918976
248,2022-01-02-08:25:00,4,3,2.021279
249,2022-01-02-08:25:02,3,4,2.040331
250,2022-01-02-08:25:04,4,7,1.845646
251,2022-01-02-08:25:06,7,3,2.498321
252,2022-01-02-08:25:09,3,0,2.456699
253,2022-01-02-08:25:11,0,7,1.928947
254,2022-01-02-08:25:13,7,0,2.056534
255,2022-01-02-08:25:15,0,5,2.091620
256,2022-01-02-08:25:17,5,2,1.727570
257,2022-01-02-08:25:18,2,5,1.483470
258,2022-01-02-08:25:21,5,7,2.577886
259,2022-01-02-08:25:23,7,2,2.531497
260,2022-01-02-08:25:26,2,7,2.824038
261,2022-01-02-08:25:28,7,4,1.880867
262,2022-01-02-08:25:29,4,0,1.488256
263,2022-01-02-08:25:30,0,1,1.040707
264,2022-01-02-08:25:32,1,5,1.891611
265,2022-01-02-08:25:34,5,0,1.930665
266,2022-01-02-08:25:36,0,5,1.852621
267,2022-01-02-08:25:39,5,3,3.241556
268,2022-01-02-08:25:43,3,4,3.437152
269,2022-01-02-08:25:45,4,3,2.051555
270,2022-01-02-08:25:47,3,1,2.297277
271,2022-01-02-08:25:49,1,2,1.973306
272,2022-01-02-08:25:52,2,7,2.558800
273,2022-01-02-08:25:55,7,1,3.237411
274,2022-01-02-08:25:58,1,6,2.729744
275,2022-01-02-08:26:01,6,4,3.710383
276,2022-01-02-08:26:05,4,0,3.799030
277,2022-01-02-08:26:09,0,6,3.616065
278,2022-01-02-08:26:12,6,0,3.458638
279,2022-01-02-08:26:15,0,6,3.025919
280,2022-01-02-08:26:18,6,2,3.087548
281,2022-01-02-08:26:21,2,7,2.558575
282,2022-01-02-08:26:23,7,5,2.647605
283,2022-01-02-08:26:25,5,2,1.536854
284,2022-01-02-08:26:27,2,5,1.487294
285,2022-01-02-08:26:29,5,7,2.542882
286,2022-01-02-08:26:32,7,1,3.305236
287,2022-01-02-08:26:34,1,2,1.951335
288,2022-01-02-08:26:38,2,6,3.283262
289,2022-01-02-08:26:41,6,1,3.639013
290,2022-01-02-08:26:43,1,4,1.277113
291,2022-01-02-08:26:45,4,3,2.048974
292,2022-01-02-08:26:47,3,4,2.043509
293,2022-01-02-08:26:48,4,0,1.481772
294,2022-01-02-08:26:52,0,6,3.628275
295,2022-01-02-08:26:55,6,7,2.807921
296,2022-01-02-08:26:58,7,0,3.125881
297,2022-01-02-08:27:00,0,3,2.455403
298,2022-01-02-08:27:03,3,0,2.403920
299,2022-01-02-08:27:06,0,3,3.303470
300,2022-01-02-08:27:09,3,5,2.989449
301,2022-01-02-08:27:12,5,4,3.261138
302,2022-01-02-08:27:15,4,7,3.128001
303,2022-01-02-08:27:18,7,4,3.144781
304,2022-01-02-08:27:20,4,0,1.525257
305,2022-01-02-08:27:22,0,3,2.423560
306,2022-01-02-08:27:25,3,2,2.751137
307,2022-01-02-08:27:27,2,0,1.729079
308,2022-01-02-08:27:29,0,5,1.866422
309,2022-01-02-08:27:31,5,3,2.330907
310,2022-01-02-08:27:33,3,5,2.272006
311,2022-01-02-08:27:35,5,2,1.520764
312,2022-01-02-08:27:36,2,0,1.718356
313,2022-01-02-08:27:38,0,2,1.783781
314,2022-01-02-08:27:40,2,1,2.003574
315,2022-01-02-08:27:43,1,3,2.232460
316,2022-01-02-08:27:45,3,1,2.324496
317,2022-01-02-08:27:46,1,0,1.040765
318,2022-01-02-08:27:47,0,4,1.519652
319,2022-01-02-08:27:49,4,1,1.321704
320,2022-01-02-08:27:50,1,0,1.036620
321,2022-01-02-08:27:52,0,5,2.459473
322,2022-01-02-08:27:55,5,6,3.094111
323,2022-01-02-08:27:59,6,4,3.494107
324,2022-01-02-08:28:01,4,5,1.743770
325,2022-01-02-08:28:04,5,6,3.145275
326,2022-01-02-08:28:07,6,3,3.808439
327,2022-01-02-08:28:10,3,4,2.065482
328,2022-01-02-08:28:11,4,5,1.719351
329,2022-01-02-08:28:13,5,4,1.958942
330,2022-01-02-08:28:15,4,5,1.758159
331,2022-01-02-08:28:18,5,4,3.447451
332,2022-01-02-08:28:22,4,1,3.767336
333,2022-01-02-08:28:24,1,2,1.991637
334,2022-01-02-08:28:26,2,5,1.517059
335,2022-01-02-08:28:29,5,3,3.028129
336,2022-01-02-08:28:32,3,6,3.123048
337,2022-01-02-08:28:35,6,2,3.127900
338,2022-01-02-08:28:39,2,5,3.772252
339,2022-01-02-08:28:41,5,0,2.109715
340,2022-01-02-08:28:43,0,2,1.699147
341,2022-01-02-08:28:46,2,6,3.193005
342,2022-01-02-08:28:49,6,1,3.629838
343,2022-01-02-08:28:52,1,5,2.196805
344,2022-01-02-08:28:54,5,0,2.302298
345,2022-01-02-08:28:55,0,4,1.525456
346,2022-01-02-08:28:58,4,3,2.131895
347,2022-01-02-08:29:00,3,7,2.132092
348,2022-01-02-08:29:04,7,6,4.398144
349,2022-01-02-08:29:07,6,2,3.117888
350,2022-01-02-08:29:11,2,5,3.645063
351,2022-01-02-08:29:13,5,1,2.127673
352,2022-01-02-08:29:15,1,3,2.218025
353,2022-01-02-08:29:19,3,2,4.210862
354,2022-01-02-08:29:24,2,1,4.140759
355,2022-01-02-08:29:25,1,4,1.284824
356,2022-01-02-08:29:27,4,5,1.737321
357,2022-01-02-08:29:29,5,4,1.940038
358,2022-01-02-08:29:30,4,7,1.849451
359,2022-01-02-08:29:32,7,4,1.849271
360,2022-01-02-08:29:34,4,1,1.283031
361,2022-01-02-08:29:36,1,5,2.033005
362,2022-01-02-08:29:37,5,2,1.515101
363,2022-01-02-08:29:40,2,7,2.591696
364,2022-01-02-08:29:41,7,1,1.654472
365,2022-01-02-08:29:44,1,3,2.249129
366,2022-01-02-08:29:46,3,5,2.200980
367,2022-01-02-08:29:48,5,7,2.562985
368,2022-01-02-08:29:52,7,4,3.194509
369,2022-01-02-08:29:54,4,3,2.095117
370,2022-01-02-08:29:57,3,6,3.656258
371,2022-01-02-08:30:00,6,7,2.557601
372,2022-01-02-08:30:03,7,5,2.697325
373,2022-01-02-08:30:04,5,1,1.985902
374,2022-01-02-08:30:06,1,7,1.659989
375,2022-01-02-08:30:08,7,3,2.224298
376,2022-01-02-08:30:11,3,5,2.186770
377,2022-01-02-08:30:14,5,6,3.064013
378,2022-01-02-08:30:16,6,7,2.579924
379,2022-01-02-08:30:19,7,5,2.600445
380,2022-01-02-08:30:21,5,0,1.871161
381,2022-01-02-08:30:22,0,2,1.736272
382,2022-01-02-08:30:25,2,3,2.832398
383,2022-01-02-08:30:30,3,2,4.277083
384,2022-01-02-08:30:33,2,5,3.740324
385,2022-01-02-08:30:36,5,6,3.136319
386,2022-01-02-08:30:40,6,3,3.733507
387,2022-01-02-08:30:42,3,5,2.259137
388,2022-01-02-08:30:44,5,1,1.919527
389,2022-01-02-08:30:46,1,7,1.646368
390,2022-01-02-08:30:48,7,1,1.679750
391,2022-01-02-08:30:50,1,3,2.302759
392,2022-01-02-08:30:52,3,6,2.023566
393,2022-01-02-08:30:56,6,4,3.704582
394,2022-01-02-08:30:59,4,5,3.283613
395,2022-01-02-08:31:02,5,6,2.702325
396,2022-01-02-08:31:04,6,3,2.020658
397,2022-01-02-08:31:07,3,7,3.307546
398,2022-01-02-08:31:10,7,4,3.064431
399,2022-01-02-08:31:12,4,5,1.734464
400,2022-01-02-08:31:15,5,6,3.079668
401,2022-01-02-08:31:18,6,4,3.195759
402,2022-01-02-08:31:22,4,1,3.697139
403,2022-01-02-08:31:24,1,5,1.968487
404,2022-01-02-08:31:26,5,3,2.369138
405,2022-01-02-08:31:28,3,6,2.039027
406,2022-01-02-08:31:31,6,1,2.705012
407,2022-01-02-08:31:32,1,0,1.027552
408,2022-01-02-08:31:33,0,1,1.028638
409,2022-01-02-08:31:35,1,3,2.234249
410,2022-01-02-08:31:37,3,1,2.322487
411,2022-01-02-08:31:39,1,2,1.960551
412,2022-01-02-08:31:41,2,4,1.760262
413,2022-01-02-08:31:42,4,1,1.291962
414,2022-01-02-08:31:45,1,3,2.263244
415,2022-01-02-08:31:49,3,2,4.242154
416,2022-01-02-08:31:53,2,0,3.941625
417,2022-01-02-08:31:55,0,5,1.930065
418,2022-01-02-08:31:57,5,4,1.737171
419,2022-01-02-08:32:00,4,6,3.477567
420,2022-01-02-08:32:03,6,7,2.629537
421,2022-01-02-08:32:06,7,0,3.057045
422,2022-01-02-08:32:08,0,5,1.982196
423,2022-01-02-08:32:11,5,3,3.193165
424,2022-01-02-08:32:15,3,6,3.672149
425,2022-01-02-08:32:17,6,0,2.799775
426,2022-01-02-08:32:20,0,6,2.823866
427,2022-01-02-08:32:22,6,3,2.040758
428,2022-01-02-08:32:25,3,0,2.537088
429,2022-01-02-08:32:28,0,3,3.403005
430,2022-01-02-08:32:32,3,7,3.806682
431,2022-01-02-08:32:34,7,0,1.944960
432,2022-01-02-08:32:36,0,3,2.409266
433,2022-01-02-08:32:39,3,0,2.387425
434,2022-01-02-08:32:42,0,6,2.826723
435,2022-01-02-08:32:45,6,4,3.698443
436,2022-01-02-08:32:49,4,7,3.245956
437,2022-01-02-08:32:52,7,0,3.098943
438,2022-01-02-08:32:54,0,7,1.954995
439,2022-01-02-08:32:58,7,6,4.047492
440,2022-01-02-08:33:01,6,3,3.648679
441,2022-01-02-08:33:04,3,0,2.433068
442,2022-01-02-08:33:06,0,7,1.887868
443,2022-01-02-08:33:08,7,5,2.863173
444,2022-01-02-08:33:10,5,2,1.630616
445,2022-01-02-08:33:12,2,5,1.492182
446,2022-01-02-08:33:15,5,3,3.117900
447,2022-01-02-08:33:18,3,1,3.645652
448,2022-01-02-08:33:22,1,3,3.538649
449,2022-01-02-08:33:25,3,2,2.843635
450,2022-01-02-08:33:29,2,5,3.754386
451,2022-01-02-08:33:31,5,7,2.582196
452,2022-01-02-08:33:34,7,4,3.165102
453,2022-01-02-08:33:36,4,0,1.494779
454,2022-01-02-08:33:37,0,4,1.506330
455,2022-01-02-08:33:39,4,5,1.749545
456,2022-01-02-08:33:42,5,6,3.057649
457,2022-01-02-08:33:45,6,2,3.120235
458,2022-01-02-08:33:47,2,1,1.954822
459,2022-01-02-08:33:49,1,2,1.947616
460,2022-01-02-08:33:51,2,1,1.960977
461,2022-01-02-08:33:54,1,6,2.725693
462,2022-01-02-08:33:57,6,0,2.832920
463,2022-01-02-08:33:58,0,4,1.487628
464,2022-01-02-08:34:02,4,6,3.488579
465,2022-01-02-08:34:05,6,0,3.443576
466,2022-01-02-08:34:06,0,1,1.067413
467,2022-01-02-08:34:08,1,7,1.741579
468,2022-01-02-08:34:12,7,2,4.360889
469,2022-01-02-08:34:15,2,6,3.092742
470,2022-01-02-08:34:19,6,0,3.463627
471,2022-01-02-08:34:21,0,3,2.407497
472,2022-01-02-08:34:24,3,0,2.495265
473,2022-01-02-08:34:25,0,1,1.066641
474,2022-01-02-08:34:26,1,0,1.057358
475,2022-01-02-08:34:28,0,5,1.945793
476,2022-01-02-08:34:30,5,3,2.332443
477,2022-01-02-08:34:33,3,2,2.764388
478,2022-01-02-08:34:36,2,3,2.795672
479,2022-01-02-08:34:38,3,5,2.235379
480,2022-01-02-08:34:39,5,2,1.550814
481,2022-01-02-08:34:41,2,1,1.937140
482,2022-01-02-08:34:42,1,0,1.054422
483,2022-01-02-08:34:44,0,5,1.785162
484,2022-01-02-08:34:46,5,1,2.090289
485,2022-01-02-08:34:48,1,4,1.279342
486,2022-01-02-08:34:49,4,7,1.837328
487,2022-01-02-08:34:54,7,3,4.143592
488,2022-01-02-08:34:57,3,6,3.129187
489,2022-01-02-08:35:00,6,2,3.225061
490,2022-01-02-08:35:02,2,4,1.771815
491,2022-01-02-08:35:05,4,6,3.442492
492,2022-01-02-08:35:08,6,5,3.290399
493,2022-01-02-08:35:12,5,4,3.247681
494,2022-01-02-08:35:14,4,2,1.891359
495,2022-01-02-08:35:17,2,0,3.879785
496,2022-01-02-08:35:20,0,3,2.420118
497,2022-01-02-08:35:22,3,5,2.230461
498,2022-01-02-08:35:24,5,2,1.535731
499,2022-01-02-08:35:25,2,5,1.524673
500,2022-01-02-08:35:28,5,3,3.067238
501,2022-01-02-08:35:31,3,0,3.292856
502,2022-01-02-08:35:33,0,4,1.533135
503,2022-01-02-08:35:35,4,2,1.834377
504,2022-01-02-08:35:37,2,1,1.978680
505,2022-01-02-08:35:38,1,7,1.644869
506,2022-01-02-08:35:40,7,4,1.869424
507,2022-01-02-08:35:42,4,5,1.765254
508,2022-01-02-08:35:44,5,0,2.111728
509,2022-01-02-08:35:46,0,5,2.206549
510,2022-01-02-08:35:48,5,1,1.944545
511,2022-01-02-08:35:52,1,3,3.468979
512,2022-01-02-08:35:55,3,6,3.407518
513,2022-01-02-08:35:58,6,1,2.635664
514,2022-01-02-08:36:00,1,7,1.707734
515,2022-01-02-08:36:04,7,6,4.108030
516,2022-01-02-08:36:08,6,3,3.841951
517,2022-01-02-08:36:10,3,7,2.138890
518,2022-01-02-08:36:12,7,4,1.852916
519,2022-01-02-08:36:13,4,7,1.919924
520,2022-01-02-08:36:18,7,3,4.144377
521,2022-01-02-08:36:21,3,7,3.760091
522,2022-01-02-08:36:24,7,5,2.847128
523,2022-01-02-08:36:27,5,7,2.561426
524,2022-01-02-08:36:30,7,5,3.230831
525,2022-01-02-08:36:32,5,1,1.936864
526,2022-01-02-08:36:34,1,5,2.096149
527,2022-01-02-08:36:36,5,1,1.929561
528,2022-01-02-08:36:38,1,3,2.333988
529,2022-01-02-08:36:41,3,5,2.266468
530,2022-01-02-08:36:42,5,1,1.890317
531,2022-01-02-08:36:45,1,3,2.246370
532,2022-01-02-08:36:47,3,1,2.561044
533,2022-01-02-08:36:50,1,3,2.254105
534,2022-01-02-08:36:52,3,1,2.300686
535,2022-01-02-08:36:54,1,5,1.935990
536,2022-01-02-08:36:57,5,6,3.141152
537,2022-01-02-08:37:01,6,3,3.822802
538,2022-01-02-08:37:03,3,5,2.425469
539,2022-01-02-08:37:06,5,6,3.098875
540,2022-01-02-08:37:09,6,5,3.124039
541,2022-01-02-08:37:11,5,4,1.861169
542,2022-01-02-08:37:15,4,6,3.492785
543,2022-01-02-08:37:18,6,1,3.646162
544,2022-01-02-08:37:20,1,5,1.939743
545,2022-01-02-08:37:24,5,4,3.703595
546,2022-01-02-08:37:28,4,7,3.978473
547,2022-01-02-08:37:31,7,6,2.625265
548,2022-01-02-08:37:33,6,5,2.666144
549,2022-01-02-08:37:36,5,7,2.567489
550,2022-01-02-08:37:38,7,6,2.615497
551,2022-01-02-08:37:42,6,2,3.906897
552,2022-01-02-08:37:46,2,6,3.128909
553,2022-01-02-08:37:49,6,7,3.342212
554,2022-01-02-08:37:52,7,4,3.116582
555,2022-01-02-08:37:54,4,7,1.847004
556,2022-01-02-08:37:56,7,1,1.695945
557,2022-01-02-08:37:58,1,6,2.691401
558,2022-01-02-08:38:01,6,1,2.659491
559,2022-01-02-08:38:03,1,3,2.302208
560,2022-01-02-08:38:07,3,4,3.862061
561,2022-01-02-08:38:09,4,3,2.158246
562,2022-01-02-08:38:13,3,4,3.687362
563,2022-01-02-08:38:14,4,0,1.519825
564,2022-01-02-08:38:17,0,5,2.196442
565,2022-01-02-08:38:20,5,2,3.825296
566,2022-01-02-08:38:25,2,5,4.360427
567,2022-01-02-08:38:28,5,6,2.755040
568,2022-01-02-08:38:32,6,4,4.012127
569,2022-01-02-08:38:35,4,6,3.224293
570,2022-01-02-08:38:38,6,2,3.150310
571,2022-01-02-08:38:40,2,7,2.551520
572,2022-01-02-08:38:43,7,5,2.597056
573,2022-01-02-08:38:46,5,6,3.101482
574,2022-01-02-08:38:49,6,5,3.165712
575,2022-01-02-08:38:52,5,7,2.577268
576,2022-01-02-08:38:54,7,6,2.566140
577,2022-01-02-08:38:58,6,3,3.818924
578,2022-01-02-08:39:01,3,0,2.341729
579,2022-01-02-08:39:03,0,3,2.431771
580,2022-01-02-08:39:07,3,4,3.921280
581,2022-01-02-08:39:11,4,0,4.084720
582,2022-01-02-08:39:13,0,4,1.521732
583,2022-01-02-08:39:15,4,3,2.083748
584,2022-01-02-08:39:17,3,0,2.449410
585,2022-01-02-08:39:19,0,5,1.985091
586,2022-01-02-08:39:23,5,2,3.832736
587,2022-01-02-08:39:27,2,1,4.441212
588,2022-01-02-08:39:31,1,6,3.766565
589,2022-01-02-08:39:35,6,0,3.444012
590,2022-01-02-08:39:37,0,5,1.975269
591,2022-01-02-08:39:39,5,6,2.660189
592,2022-01-02-08:39:42,6,7,2.628166
593,2022-01-02-08:39:45,7,5,2.638438
594,2022-01-02-08:39:46,5,0,1.948449
595,2022-01-02-08:39:49,0,3,2.499263
596,2022-01-02-08:39:51,3,6,1.957976
597,2022-01-02-08:39:53,6,3,2.035758
598,2022-01-02-08:39:55,3,4,2.033177
599,2022-01-02-08:39:57,4,5,1.754805
600,2022-01-02-08:40:00,5,4,3.335020
601,2022-01-02-08:40:03,4,2,3.230469
602,2022-01-02-08:40:05,2,4,1.762613
603,2022-01-02-08:40:07,4,3,2.115619
604,2022-01-02-08:40:12,3,2,4.310125
605,2022-01-02-08:40:16,2,0,4.352553
606,2022-01-02-08:40:18,0,2,1.787503
607,2022-01-02-08:40:20,2,7,2.631282
608,2022-01-02-08:40:23,7,2,2.595518
609,2022-01-02-08:40:25,2,7,2.535326
610,2022-01-02-08:40:29,7,0,3.139695
611,2022-01-02-08:40:30,0,2,1.740570
612,2022-01-02-08:40:33,2,3,2.863673
613,2022-01-02-08:40:37,3,2,4.309659
614,2022-01-02-08:40:42,2,1,4.209184
615,2022-01-02-08:40:43,1,4,1.321536
616,2022-01-02-08:40:44,4,1,1.302553
617,2022-01-02-08:40:45,1,0,1.053328
618,2022-01-02-08:40:49,0,6,3.535263
619,2022-01-02-08:40:52,6,2,3.132324
620,2022-01-02-08:40:55,2,7,2.638111
621,2022-01-02-08:40:58,7,1,3.234695
622,2022-01-02-08:41:00,1,7,1.716913
623,2022-01-02-08:41:02,7,5,2.741230
624,2022-01-02-08:41:04,5,0,1.989711
625,2022-01-02-08:41:08,0,6,3.557158
626,2022-01-02-08:41:11,6,1,3.550795
627,2022-01-02-08:41:13,1,4,1.321035
628,2022-01-02-08:41:14,4,0,1.539823
629,2022-01-02-08:41:16,0,2,1.703046
630,2022-01-02-08:41:19,2,7,2.641180
631,2022-01-02-08:41:21,7,6,2.621655
632,2022-01-02-08:41:24,6,2,3.207239
633,2022-01-02-08:41:27,2,7,2.630945
634,2022-01-02-08:41:30,7,0,3.073122
635,2022-01-02-08:41:32,0,5,2.129142
636,2022-01-02-08:41:35,5,6,3.096204
637,2022-01-02-08:41:39,6,5,3.112764
638,2022-01-02-08:41:40,5,1,1.960752
639,2022-01-02-08:41:44,1,6,3.615760
640,2022-01-02-08:41:47,6,5,3.271243
641,2022-01-02-08:41:51,5,4,3.353246
642,2022-01-02-08:41:54,4,2,3.330218
643,2022-01-02-08:41:56,2,5,1.515851
644,2022-01-02-08:41:57,5,0,1.894120
645,2022-01-02-08:41:59,0,4,1.521335
646,2022-01-02-08:42:01,4,5,1.757429
647,2022-01-02-08:42:03,5,2,1.744082
648,2022-01-02-08:42:04,2,4,1.772810
649,2022-01-02-08:42:06,4,0,1.522908
650,2022-01-02-08:42:08,0,2,1.721445
651,2022-01-02-08:42:10,2,3,2.839937
652,2022-01-02-08:42:12,3,6,1.998540
653,2022-01-02-08:42:15,6,4,2.804376
654,2022-01-02-08:42:17,4,7,1.893177
655,2022-01-02-08:42:20,7,2,2.563272
656,2022-01-02-08:42:22,2,7,2.610841
657,2022-01-02-08:42:24,7,4,2.082250
658,2022-01-02-08:42:26,4,3,2.066515
659,2022-01-02-08:42:29,3,1,2.487330
660,2022-01-02-08:42:33,1,6,3.653818
661,2022-01-02-08:42:36,6,3,3.666774
662,2022-01-02-08:42:39,3,2,2.840111
663,2022-01-02-08:42:41,2,0,1.779762
664,2022-01-02-08:42:44,0,6,3.449340
665,2022-01-02-08:42:48,6,3,3.706773
666,2022-01-02-08:42:50,3,1,2.307155
667,2022-01-02-08:42:52,1,5,2.018104
668,2022-01-02-08:42:54,5,1,2.167324
669,2022-01-02-08:42:56,1,7,1.733653
670,2022-01-02-08:42:58,7,0,1.944382
671,2022-01-02-08:43:00,0,4,1.529335
672,2022-01-02-08:43:02,4,5,1.849588
673,2022-01-02-08:43:05,5,2,3.777212
674,2022-01-02-08:43:10,2,1,4.433918
675,2022-01-02-08:43:11,1,7,1.664136
676,2022-01-02-08:43:16,7,4,4.186660
677,2022-01-02-08:43:19,4,5,3.312715
678,2022-01-02-08:43:21,5,1,1.921553
679,2022-01-02-08:43:22,1,0,1.094261
680,2022-01-02-08:43:24,0,7,1.938681
681,2022-01-02-08:43:25,7,1,1.639814
682,2022-01-02-08:43:27,1,0,1.087132
683,2022-01-02-08:43:30,0,6,3.497302
684,2022-01-02-08:43:33,6,4,3.133130
685,2022-01-02-08:43:37,4,0,3.722579
686,2022-01-02-08:43:38,0,4,1.522993
687,2022-01-02-08:43:40,4,7,1.933310
688,2022-01-02-08:43:42,7,4,1.927553
689,2022-01-02-08:43:44,4,1,1.328050
690,2022-01-02-08:43:46,1,5,2.035361
691,2022-01-02-08:43:49,5,6,3.067366
692,2022-01-02-08:43:51,6,7,2.619261
693,2022-01-02-08:43:54,7,2,2.999248
694,2022-01-02-08:43:56,2,4,1.834634
695,2022-01-02-08:44:00,4,0,3.610606
696,2022-01-02-08:44:02,0,7,1.951343
697,2022-01-02-08:44:03,7,1,1.658886
698,2022-01-02-08:44:06,1,5,2.100095
699,2022-01-02-08:44:09,5,6,3.097679
700,2022-01-02-08:44:12,6,3,3.713974
701,2022-01-02-08:44:16,3,7,3.259203
702,2022-01-02-08:44:19,7,3,3.272408
703,2022-01-02-08:44:21,3,4,2.134432
704,2022-01-02-08:44:24,4,6,3.469075
705,2022-01-02-08:44:28,6,0,3.503246
706,2022-01-02-08:44:31,0,6,3.508893
707,2022-01-02-08:44:35,6,1,3.610152
708,2022-01-02-08:44:37,1,5,2.148744
709,2022-01-02-08:44:41,5,2,3.686727
710,2022-01-02-08:44:45,2,1,4.413721
711,2022-01-02-08:44:47,1,4,1.340724
712,2022-01-02-08:44:48,4,5,1.804739
713,2022-01-02-08:44:51,5,3,2.193419
714,2022-01-02-08:44:53,3,2,2.545334
715,2022-01-02-08:44:55,2,1,1.966024
716,2022-01-02-08:44:56,1,4,1.293868
717,2022-01-02-08:45:00,4,6,3.452941
718,2022-01-02-08:45:04,6,0,3.640167
719,2022-01-02-08:45:05,0,1,1.044850
720,2022-01-02-08:45:07,1,2,1.970656
721,2022-01-02-08:45:08,2,5,1.533748
722,2022-01-02-08:45:11,5,3,3.050735
723,2022-01-02-08:45:14,3,5,3.068866
724,2022-01-02-08:45:17,5,6,3.164173
725,2022-01-02-08:45:21,6,2,3.177175
726,2022-01-02-08:45:25,2,0,4.210503
727,2022-01-02-08:45:26,0,1,1.118864
728,2022-01-02-08:45:27,1,4,1.287148
729,2022-01-02-08:45:29,4,1,1.311371
730,2022-01-02-08:45:32,1,6,3.664494
731,2022-01-02-08:45:36,6,0,3.588329
732,2022-01-02-08:45:37,0,1,1.084530
733,2022-01-02-08:45:38,1,4,1.326053
734,2022-01-02-08:45:40,4,7,1.892595
735,2022-01-02-08:45:44,7,3,4.039529
736,2022-01-02-08:45:48,3,6,3.501014
737,2022-01-02-08:45:50,6,3,1.977893
738,2022-01-02-08:45:52,3,2,2.621318
739,2022-01-02-08:45:55,2,7,2.688038
740,2022-01-02-08:45:57,7,3,2.257724
741,2022-01-02-08:45:59,3,5,2.166465
742,2022-01-02-08:46:01,5,2,1.649945
743,2022-01-02-08:46:04,2,7,2.531252
744,2022-01-02-08:46:07,7,3,3.245620
745,2022-01-02-08:46:10,3,0,2.755517
746,2022-01-02-08:46:11,0,2,1.796471
747,2022-01-02-08:46:14,2,3,2.752704
748,2022-01-02-08:46:16,3,0,2.368855
749,2022-01-02-08:46:20,0,6,3.493046
750,2022-01-02-08:46:24,6,4,3.764056
751,2022-01-02-08:46:26,4,7,1.898432
752,2022-01-02-08:46:29,7,5,2.929923
753,2022-01-02-08:46:32,5,6,3.077111
754,2022-01-02-08:46:36,6,1,4.065665
755,2022-01-02-08:46:37,1,0,1.069087
756,2022-01-02-08:46:38,0,1,1.101281
757,2022-01-02-08:46:40,1,3,2.379197
758,2022-01-02-08:46:43,3,0,2.485449
759,2022-01-02-08:46:45,0,7,1.899115
760,2022-01-02-08:46:47,7,2,2.744516
761,2022-01-02-08:46:51,2,6,3.198703
762,2022-01-02-08:46:54,6,0,2.945652
763,2022-01-02-08:46:57,0,6,3.503211
764,2022-01-02-08:47:00,6,2,3.219090
765,2022-01-02-08:47:02,2,4,1.837320
766,2022-01-02-08:47:05,4,2,3.251476
767,2022-01-02-08:47:08,2,3,2.760308
768,2022-01-02-08:47:10,3,4,2.072660
769,2022-01-02-08:47:12,4,0,1.534020
770,2022-01-02-08:47:13,0,1,1.068145
771,2022-01-02-08:47:14,1,0,1.101182
772,2022-01-02-08:47:17,0,6,3.474372
773,2022-01-02-08:47:20,6,5,3.160795
774,2022-01-02-08:47:24,5,6,3.097300
775,2022-01-02-08:47:27,6,5,3.239426
776,2022-01-02-08:47:29,5,0,1.914412
777,2022-01-02-08:47:30,0,2,1.721453
778,2022-01-02-08:47:33,2,7,2.565603
779,2022-01-02-08:47:37,7,3,3.821129
780,2022-01-02-08:47:39,3,2,2.649243
781,2022-01-02-08:47:44,2,1,4.819599
782,2022-01-02-08:47:46,1,7,1.661791
783,2022-01-02-08:47:48,7,0,2.066728
784,2022-01-02-08:47:50,0,2,1.756284
785,2022-01-02-08:47:51,2,5,1.542542
786,2022-01-02-08:47:54,5,7,2.792921
787,2022-01-02-08:47:57,7,5,2.592100
788,2022-01-02-08:47:59,5,7,2.609548
789,2022-01-02-08:48:02,7,2,3.050256
790,2022-01-02-08:48:06,2,5,3.714543
791,2022-01-02-08:48:08,5,0,1.965004
792,2022-01-02-08:48:10,0,4,1.527734
793,2022-01-02-08:48:11,4,7,1.864763
794,2022-01-02-08:48:13,7,0,2.011243
795,2022-01-02-08:48:15,0,1,1.228677
796,2022-01-02-08:48:16,1,4,1.366126
797,2022-01-02-08:48:18,4,7,1.937738
798,2022-01-02-08:48:22,7,3,4.051943
799,2022-01-02-08:48:25,3,5,3.140171
800,2022-01-02-08:48:29,5,4,3.752050
801,2022-01-02-08:48:32,4,6,3.491981
802,2022-01-02-08:48:36,6,3,3.721402
803,2022-01-02-08:48:39,3,7,3.255112
804,2022-01-02-08:48:42,7,6,2.573588
805,2022-01-02-08:48:45,6,5,3.186072
806,2022-01-02-08:48:48,5,7,2.564126
807,2022-01-02-08:48:51,7,5,3.027215
808,2022-01-02-08:48:52,5,2,1.529783
809,2022-01-02-08:48:55,2,7,2.678799
810,2022-01-02-08:48:58,7,2,2.645620
811,2022-01-02-08:48:59,2,5,1.588799
812,2022-01-02-08:49:03,5,4,3.569661
813,2022-01-02-08:49:07,4,7,4.075782
814,2022-01-02-08:49:09,7,3,2.179791
815,2022-01-02-08:49:11,3,7,2.199210
816,2022-01-02-08:49:13,7,3,2.162913
817,2022-01-02-08:49:16,3,1,2.244916
818,2022-01-02-08:49:17,1,4,1.325753
819,2022-01-02-08:49:19,4,5,1.787776
820,2022-01-02-08:49:20,5,2,1.588370
821,2022-01-02-08:49:22,2,4,1.826648
822,2022-01-02-08:49:24,4,3,2.170383
823,2022-01-02-08:49:27,3,0,2.416604
824,2022-01-02-08:49:29,0,3,2.539163
825,2022-01-02-08:49:31,3,5,2.191844
826,2022-01-02-08:49:33,5,1,1.933707
827,2022-01-02-08:49:35,1,7,1.629094
828,2022-01-02-08:49:38,7,2,2.638469
829,2022-01-02-08:49:39,2,0,1.739090
830,2022-01-02-08:49:41,0,1,1.083973
831,2022-01-02-08:49:42,1,7,1.689883
832,2022-01-02-08:49:45,7,6,2.627382
833,2022-01-02-08:49:48,6,5,2.714470
834,2022-01-02-08:49:49,5,0,1.891804
835,2022-01-02-08:49:51,0,5,1.998557
836,2022-01-02-08:49:53,5,0,1.996060
837,2022-01-02-08:49:55,0,1,1.078074
838,2022-01-02-08:49:56,1,0,1.090460
839,2022-01-02-08:49:58,0,5,1.892168
840,2022-01-02-08:50:00,5,6,2.764521
841,2022-01-02-08:50:05,6,2,4.251862
842,2022-01-02-08:50:09,2,7,4.346241
843,2022-01-02-08:50:11,7,4,1.929127
844,2022-01-02-08:50:14,4,6,3.480580
845,2022-01-02-08:50:18,6,1,3.843673
846,2022-01-02-08:50:22,1,6,3.494551
847,2022-01-02-08:50:25,6,5,3.154315
848,2022-01-02-08:50:27,5,0,2.045536
849,2022-01-02-08:50:30,0,6,3.514735
850,2022-01-02-08:50:34,6,3,3.639188
851,2022-01-02-08:50:37,3,2,2.638190
852,2022-01-02-08:50:38,2,0,1.736271
853,2022-01-02-08:50:40,0,4,1.541617
854,2022-01-02-08:50:42,4,2,2.280945
855,2022-01-02-08:50:44,2,1,2.004854
856,2022-01-02-08:50:47,1,3,2.449550
857,2022-01-02-08:50:49,3,1,2.318319
858,2022-01-02-08:50:51,1,5,1.986846
859,2022-01-02-08:50:53,5,2,1.688932
860,2022-01-02-08:50:55,2,3,2.596428
861,2022-01-02-08:50:58,3,2,2.758592
862,2022-01-02-08:51:01,2,6,3.191198
863,2022-01-02-08:51:04,6,7,3.302349
864,2022-01-02-08:51:08,7,4,3.096198
865,2022-01-02-08:51:09,4,5,1.788657
866,2022-01-02-08:51:12,5,6,3.030973
867,2022-01-02-08:51:16,6,2,3.137704
868,2022-01-02-08:51:19,2,6,3.091973
869,2022-01-02-08:51:22,6,4,3.326633
870,2022-01-02-08:51:25,4,5,3.303521
871,2022-01-02-08:51:27,5,4,1.832602
872,2022-01-02-08:51:29,4,7,1.905422
873,2022-01-02-08:51:33,7,3,3.845152
874,2022-01-02-08:51:36,3,5,3.346277
875,2022-01-02-08:51:38,5,2,1.692324
876,2022-01-02-08:51:40,2,1,2.032034
877,2022-01-02-08:51:41,1,4,1.346689
878,2022-01-02-08:51:45,4,6,3.435440
879,2022-01-02-08:51:48,6,1,3.601121
880,2022-01-02-08:51:51,1,5,2.265265
881,2022-01-02-08:51:52,5,2,1.549726
882,2022-01-02-08:51:54,2,0,1.741332
883,2022-01-02-08:51:57,0,6,3.480997
884,2022-01-02-08:52:01,6,0,3.831112
885,2022-01-02-08:52:04,0,3,2.488124
886,2022-01-02-08:52:06,3,5,2.215731
887,2022-01-02-08:52:09,5,6,3.127768
888,2022-01-02-08:52:13,6,0,3.643070
889,2022-01-02-08:52:14,0,1,1.086232
890,2022-01-02-08:52:16,1,2,2.046291
891,2022-01-02-08:52:19,2,6,3.029105
892,2022-01-02-08:52:21,6,7,2.563050
893,2022-01-02-08:52:23,7,3,2.131971
894,2022-01-02-08:52:26,3,2,2.623105
895,2022-01-02-08:52:28,2,4,1.765264
896,2022-01-02-08:52:30,4,3,2.079165
897,2022-01-02-08:52:32,3,0,2.396088
898,2022-01-02-08:52:34,0,4,1.528652
899,2022-01-02-08:52:36,4,7,1.894192
900,2022-01-02-08:52:39,7,5,2.750650
901,2022-01-02-08:52:40,5,0,1.924298
902,2022-01-02-08:52:42,0,4,1.524386
903,2022-01-02-08:52:44,4,7,1.852587
904,2022-01-02-08:52:47,7,2,2.679924
905,2022-01-02-08:52:48,2,4,1.817655
906,2022-01-02-08:52:50,4,2,1.821583
907,2022-01-02-08:52:53,2,6,3.113117
908,2022-01-02-08:52:56,6,5,3.104843
909,2022-01-02-08:52:58,5,4,1.858252
910,2022-01-02-08:53:02,4,6,3.431940
911,2022-01-02-08:53:05,6,1,3.539242
912,2022-01-02-08:53:07,1,2,1.968823
913,2022-01-02-08:53:10,2,3,2.694892
914,2022-01-02-08:53:13,3,7,3.325747
915,2022-01-02-08:53:16,7,2,2.541053
916,2022-01-02-08:53:19,2,6,3.043879
917,2022-01-02-08:53:22,6,2,3.041368
918,2022-01-02-08:53:25,2,3,2.901111
919,2022-01-02-08:53:28,3,0,3.319782
920,2022-01-02-08:53:30,0,5,2.027328
921,2022-01-02-08:53:32,5,3,2.330905
922,2022-01-02-08:53:35,3,1,2.291442
923,2022-01-02-08:53:36,1,7,1.734626
924,2022-01-02-08:53:39,7,3,2.140306
925,2022-01-02-08:53:41,3,1,2.625011
926,2022-01-02-08:53:43,1,3,2.225944
927,2022-01-02-08:53:46,3,1,2.257698
928,2022-01-02-08:53:48,1,5,1.924255
929,2022-01-02-08:53:50,5,0,2.045878
930,2022-01-02-08:53:52,0,5,1.919299
931,2022-01-02-08:53:55,5,6,3.059774
932,2022-01-02-08:53:58,6,4,3.438700
933,2022-01-02-08:54:02,4,6,3.514252
934,2022-01-02-08:54:05,6,5,3.207840
935,2022-01-02-08:54:08,5,6,3.076570
936,2022-01-02-08:54:11,6,4,3.461875
937,2022-01-02-08:54:13,4,3,2.107980
938,2022-01-02-08:54:16,3,1,2.536417
939,2022-01-02-08:54:18,1,5,2.150471
940,2022-01-02-08:54:21,5,6,3.123826
941,2022-01-02-08:54:24,6,5,3.107007
942,2022-01-02-08:54:27,5,3,2.308309
943,2022-01-02-08:54:29,3,0,2.439633
944,2022-01-02-08:54:31,0,5,1.930064
945,2022-01-02-08:54:33,5,1,2.148140
946,2022-01-02-08:54:35,1,3,2.312605
947,2022-01-02-08:54:38,3,0,2.425135
948,2022-01-02-08:54:40,0,7,1.946934
949,2022-01-02-08:54:42,7,0,2.108116
950,2022-01-02-08:54:44,0,5,1.944955
951,2022-01-02-08:54:47,5,6,3.049677
952,2022-01-02-08:54:50,6,0,3.472863
953,2022-01-02-08:54:53,0,3,2.638999
954,2022-01-02-08:54:55,3,7,2.198462
955,2022-01-02-08:54:57,7,4,1.915211
956,2022-01-02-08:54:59,4,5,1.784338
957,2022-01-02-08:55:02,5,6,2.807286
958,2022-01-02-08:55:05,6,0,2.798474
959,2022-01-02-08:55:06,0,5,1.850835
960,2022-01-02-08:55:09,5,7,2.603265
961,2022-01-02-08:55:12,7,5,2.842166
962,2022-01-02-08:55:15,5,7,2.623833
963,2022-01-02-08:55:18,7,1,3.412950
964,2022-01-02-08:55:20,1,2,1.991913
965,2022-01-02-08:55:22,2,1,1.974618
966,2022-01-02-08:55:23,1,4,1.330031
967,2022-01-02-08:55:25,4,7,1.862277
968,2022-01-02-08:55:27,7,1,1.691436
969,2022-01-02-08:55:29,1,3,2.218381
970,2022-01-02-08:55:31,3,4,2.104628
971,2022-01-02-08:55:35,4,2,4.103271
972,2022-01-02-08:55:40,2,3,4.314566
973,2022-01-02-08:55:42,3,0,2.446854
974,2022-01-02-08:55:44,0,4,1.538825
975,2022-01-02-08:55:45,4,0,1.526353
976,2022-01-02-08:55:47,0,4,1.567645
977,2022-01-02-08:55:49,4,3,2.058211
978,2022-01-02-08:55:53,3,2,4.453152
979,2022-01-02-08:55:57,2,6,4.133416
980,2022-01-02-08:56:00,6,2,3.140072
981,2022-01-02-08:56:04,2,6,3.130069
982,2022-01-02-08:56:07,6,0,3.442365
983,2022-01-02-08:56:09,0,5,2.316439
984,2022-01-02-08:56:11,5,1,2.029007
985,2022-01-02-08:56:13,1,7,1.756940
986,2022-01-02-08:56:15,7,0,2.003906
987,2022-01-02-08:56:19,0,6,3.447215
988,2022-01-02-08:56:22,6,3,3.149202
989,2022-01-02-08:56:25,3,0,3.281145
990,2022-01-02-08:56:27,0,5,1.938097
991,2022-01-02-08:56:30,5,6,3.097081
992,2022-01-02-08:56:33,6,5,3.163062
993,2022-01-02-08:56:36,5,6,3.062717
994,2022-01-02-08:56:40,6,3,3.891082
995,2022-01-02-08:56:42,3,5,2.258559
996,2022-01-02-08:56:45,5,7,2.633714
997,2022-01-02-08:56:48,7,2,3.009108
998,2022-01-02-08:56:52,2,1,4.210152
999,2022-01-02-08:56:54,1,2,1.968503
1000,2022-01-02-08:56:56,2,0,1.701657
1001,2022-01-02-08:56:59,0,6,3.540266
1002,2022-01-02-08:57:03,6,1,3.840070
1003,2022-01-02-08:57:04,1,0,1.145657
1004,2022-01-02-08:57:06,0,2,1.725655
1005,2022-01-02-08:57:09,2,3,3.076856
1006,2022-01-02-08:57:13,3,7,3.817983
1007,2022-01-02-08:57:16,7,2,2.689171
1008,2022-01-02-08:57:19,2,6,3.045966
1009,2022-01-02-08:57:22,6,7,3.310975
1010,2022-01-02-08:57:25,7,4,3.258506
1011,2022-01-02-08:57:27,4,5,1.813160
1012,2022-01-02-08:57:29,5,4,1.846092
1013,2022-01-02-08:57:32,4,6,2.600163
1014,2022-01-02-08:57:34,6,5,2.768033
1015,2022-01-02-08:57:36,5,0,2.040181
1016,2022-01-02-08:57:40,0,3,3.347274
1017,2022-01-02-08:57:43,3,6,3.218053
1018,2022-01-02-08:57:47,6,3,3.666781
1019,2022-01-02-08:57:49,3,6,2.034712
1020,2022-01-02-08:57:51,6,5,2.749936
1021,2022-01-02-08:57:53,5,2,1.636758
1022,2022-01-02-08:57:55,2,4,1.752821
1023,2022-01-02-08:57:58,4,6,3.454302
1024,2022-01-02-08:58:02,6,3,3.856864
1025,2022-01-02-08:58:04,3,4,2.282514
1026,2022-01-02-08:58:06,4,0,1.552092
1027,2022-01-02-08:58:09,0,3,3.323518
1028,2022-01-02-08:58:13,3,1,3.587499
1029,2022-01-02-08:58:15,1,3,2.253640
1030,2022-01-02-08:58:18,3,0,2.416886
1031,2022-01-02-08:58:19,0,7,1.933718
1032,2022-01-02-08:58:21,7,1,1.653817
1033,2022-01-02-08:58:23,1,5,1.953674
1034,2022-01-02-08:58:27,5,2,3.737576
1035,2022-01-02-08:58:30,2,7,3.033912
1036,2022-01-02-08:58:32,7,6,2.609438
1037,2022-01-02-08:58:36,6,4,3.534418
1038,2022-01-02-08:58:37,4,1,1.354761
1039,2022-01-02-08:58:38,1,0,1.096222
1040,2022-01-02-08:58:41,0,3,2.385579
1041,2022-01-02-08:58:45,3,2,4.236721
1042,2022-01-02-08:58:49,2,1,4.158490
1043,2022-01-02-08:58:51,1,7,1.745765
1044,2022-01-02-08:58:53,7,4,1.914938
1045,2022-01-02-08:58:54,4,0,1.521578
1046,2022-01-02-08:58:58,0,3,3.449570
1047,2022-01-02-08:59:01,3,2,3.036690
1048,2022-01-02-08:59:04,2,6,3.153951
1049,2022-01-02-08:59:08,6,4,3.543183
1050,2022-01-02-08:59:09,4,0,1.556672
1051,2022-01-02-08:59:11,0,4,1.514696
1052,2022-01-02-08:59:13,4,3,2.121687
1053,2022-01-02-08:59:17,3,2,4.469839
1054,2022-01-02-08:59:22,2,3,4.319424
1055,2022-01-02-08:59:26,3,2,4.453146
1056,2022-01-02-08:59:30,2,1,4.129960
1057,2022-01-02-08:59:32,1,2,1.993499
1058,2022-01-02-08:59:35,2,7,2.663212
1059,2022-01-02-08:59:37,7,0,2.190642
1060,2022-01-02-08:59:39,0,4,1.496572
1061,2022-01-02-08:59:42,4,6,3.483223
1062,2022-01-02-08:59:46,6,3,3.673936
1063,2022-01-02-08:59:48,3,5,2.232544
1064,2022-01-02-08:59:50,5,3,2.305026
1065,2022-01-02-08:59:54,3,4,3.986029
1066,2022-01-02-08:59:58,4,1,3.939310
1067,2022-01-02-09:00:01,1,6,2.744495
1068,2022-01-02-09:00:05,6,2,4.443440
1069,2022-01-02-09:00:07,2,4,1.832054
1070,2022-01-02-09:00:11,4,1,3.756486
1071,2022-01-02-09:00:14,1,6,2.648635
1072,2022-01-02-09:00:16,6,1,2.812492
1073,2022-01-02-09:00:19,1,3,2.262340
1074,2022-01-02-09:00:21,3,2,2.552428
1075,2022-01-02-09:00:24,2,3,2.968585
1076,2022-01-02-09:00:27,3,0,3.277532
1077,2022-01-02-09:00:29,0,5,1.894333
1078,2022-01-02-09:00:31,5,1,2.049537
1079,2022-01-02-09:00:32,1,0,1.061699
1080,2022-01-02-09:00:34,0,4,1.523149
1081,2022-01-02-09:00:37,4,6,3.505199
1082,2022-01-02-09:00:41,6,5,3.371012
1083,2022-01-02-09:00:42,5,2,1.517101
1084,2022-01-02-09:00:44,2,4,1.772477
1085,2022-01-02-09:00:48,4,2,4.266508
1086,2022-01-02-09:00:52,2,6,4.070202
1087,2022-01-02-09:00:55,6,0,2.896018
1088,2022-01-02-09:00:57,0,5,2.123890
1089,2022-01-02-09:00:59,5,2,1.593684
1090,2022-01-02-09:01:02,2,6,3.191150
1091,2022-01-02-09:01:05,6,0,2.960107
1092,2022-01-02-09:01:07,0,2,1.748881
1093,2022-01-02-09:01:10,2,3,3.051823
1094,2022-01-02-09:01:13,3,5,3.354765
1095,2022-01-02-09:01:15,5,2,1.622293
1096,2022-01-02-09:01:17,2,1,2.058631
1097,2022-01-02-09:01:19,1,7,1.680402
1098,2022-01-02-09:01:22,7,6,2.867268
1099,2022-01-02-09:01:25,6,7,3.357818
1100,2022-01-02-09:01:28,7,6,2.600411
1101,2022-01-02-09:01:31,6,4,3.414225
1102,2022-01-02-09:01:35,4,0,3.614610
1103,2022-01-02-09:01:36,0,1,1.059002
1104,2022-01-02-09:01:37,1,4,1.320798
1105,2022-01-02-09:01:39,4,3,2.048087
1106,2022-01-02-09:01:41,3,6,1.967355
1107,2022-01-02-09:01:44,6,0,2.911077
1108,2022-01-02-09:01:46,0,3,2.436885
1109,2022-01-02-09:01:49,3,0,2.535342
1110,2022-01-02-09:01:51,0,2,1.894439
1111,2022-01-02-09:01:54,2,3,3.110283
1112,2022-01-02-09:01:57,3,5,3.044112
1113,2022-01-02-09:02:00,5,6,3.071798
1114,2022-01-02-09:02:03,6,5,3.158848
1115,2022-01-02-09:02:05,5,3,2.304630
1116,2022-01-02-09:02:09,3,4,3.895223
1117,2022-01-02-09:02:13,4,5,3.410524
1118,2022-01-02-09:02:15,5,1,1.944146
1119,2022-01-02-09:02:19,1,6,3.831300
1120,2022-01-02-09:02:22,6,5,3.194448
1121,2022-01-02-09:02:25,5,4,3.312062
1122,2022-01-02-09:02:29,4,1,3.733951
1123,2022-01-02-09:02:30,1,0,1.087780
1124,2022-01-02-09:02:31,0,1,1.091772
1125,2022-01-02-09:02:33,1,7,1.696776
1126,2022-01-02-09:02:35,7,4,2.250612
1127,2022-01-02-09:02:36,4,0,1.547007
1128,2022-01-02-09:02:40,0,6,3.474355
1129,2022-01-02-09:02:43,6,0,3.449478
1130,2022-01-02-09:02:47,0,3,3.333608
1131,2022-01-02-09:02:49,3,4,2.274690
1132,2022-01-02-09:02:52,4,2,3.342058
1133,2022-01-02-09:02:56,2,6,3.339267
1134,2022-01-02-09:02:58,6,3,2.046653
1135,2022-01-02-09:03:00,3,4,2.217913
1136,2022-01-02-09:03:02,4,7,1.935255
1137,2022-01-02-09:03:05,7,2,2.631728
1138,2022-01-02-09:03:08,2,6,3.142426
1139,2022-01-02-09:03:10,6,4,2.727586
1140,2022-01-02-09:03:12,4,2,1.761156
1141,2022-01-02-09:03:15,2,7,2.600374
1142,2022-01-02-09:03:17,7,3,2.200101
1143,2022-01-02-09:03:19,3,4,2.085240
1144,2022-01-02-09:03:20,4,1,1.328557
1145,2022-01-02-09:03:24,1,3,3.530361
1146,2022-01-02-09:03:27,3,2,3.087001
1147,2022-01-02-09:03:29,2,4,1.775506
1148,2022-01-02-09:03:30,4,1,1.316557
1149,2022-01-02-09:03:31,1,0,1.019553
1150,2022-01-02-09:03:33,0,5,1.867272
1151,2022-01-02-09:03:35,5,1,2.045610
1152,2022-01-02-09:03:36,1,0,1.095608
1153,2022-01-02-09:03:37,0,1,1.065548
1154,2022-01-02-09:03:41,1,6,3.565163
1155,2022-01-02-09:03:45,6,7,4.050802
1156,2022-01-02-09:03:47,7,3,2.239720
1157,2022-01-02-09:03:49,3,4,2.110866
1158,2022-01-02-09:03:51,4,7,1.872902
1159,2022-01-02-09:03:54,7,5,2.881779
1160,2022-01-02-09:03:57,5,6,3.154928
1161,2022-01-02-09:04:01,6,0,3.539077
1162,2022-01-02-09:04:02,0,4,1.547783
1163,2022-01-02-09:04:04,4,5,1.764988
1164,2022-01-02-09:04:06,5,1,2.056042
1165,2022-01-02-09:04:08,1,3,2.238679
1166,2022-01-02-09:04:11,3,0,2.407593
1167,2022-01-02-09:04:14,0,6,3.568599
1168,2022-01-02-09:04:18,6,4,3.404747
1169,2022-01-02-09:04:21,4,0,3.818450
1170,2022-01-02-09:04:25,0,6,3.493180
1171,2022-01-02-09:04:28,6,7,2.669148
1172,2022-01-02-09:04:31,7,3,3.279259
1173,2022-01-02-09:04:34,3,7,3.258646
1174,2022-01-02-09:04:38,7,4,3.813666
1175,2022-01-02-09:04:41,4,2,3.341113
1176,2022-01-02-09:04:44,2,3,2.644113
1177,2022-01-02-09:04:47,3,7,3.257299
1178,2022-01-02-09:04:50,7,6,2.624193
1179,2022-01-02-09:04:54,6,3,3.742070
1180,2022-01-02-09:04:56,3,4,2.144992
1181,2022-01-02-09:04:58,4,2,2.571255
1182,2022-01-02-09:05:01,2,6,3.151547
1183,2022-01-02-09:05:06,6,2,4.182293
1184,2022-01-02-09:05:10,2,7,4.586188
1185,2022-01-02-09:05:14,7,4,4.215819
1186,2022-01-02-09:05:18,4,0,3.638737
1187,2022-01-02-09:05:19,0,1,1.045859
1188,2022-01-02-09:05:23,1,6,3.587049
1189,2022-01-02-09:05:27,6,7,4.041354
1190,2022-01-02-09:05:28,7,1,1.757082
1191,2022-01-02-09:05:32,1,6,3.611348
1192,2022-01-02-09:05:36,6,0,3.551758
1193,2022-01-02-09:05:37,0,2,1.756429
1194,2022-01-02-09:05:40,2,3,2.615518
1195,2022-01-02-09:05:42,3,7,2.324010
1196,2022-01-02-09:05:46,7,3,3.926329
1197,2022-01-02-09:05:48,3,4,2.159687
1198,2022-01-02-09:05:52,4,0,3.562137
1199,2022-01-02-09:05:54,0,3,2.459637
1200,2022-01-02-09:05:57,3,1,2.298584
1201,2022-01-02-09:05:58,1,0,1.122302
1202,2022-01-02-09:06:00,0,7,1.934667
1203,2022-01-02-09:06:01,7,1,1.709748
1204,2022-01-02-09:06:04,1,5,2.084416
1205,2022-01-02-09:06:06,5,3,2.254684
1206,2022-01-02-09:06:08,3,6,2.046861
1207,2022-01-02-09:06:12,6,2,4.191113
1208,2022-01-02-09:06:15,2,3,2.727556
1209,2022-01-02-09:06:18,3,6,3.370660
1210,2022-01-02-09:06:22,6,7,3.446940
1211,2022-01-02-09:06:25,7,3,3.373188
1212,2022-01-02-09:06:27,3,0,2.367241
1213,2022-01-02-09:06:29,0,5,1.899990
1214,2022-01-02-09:06:31,5,0,1.922608
1215,2022-01-02-09:06:33,0,7,1.967197
1216,2022-01-02-09:06:35,7,4,1.942564
1217,2022-01-02-09:06:36,4,1,1.292637
1218,2022-01-02-09:06:37,1,0,1.054652
1219,2022-01-02-09:06:40,0,3,2.448262
1220,2022-01-02-09:06:42,3,1,2.293077
1221,2022-01-02-09:06:44,1,7,1.762034
1222,2022-01-02-09:06:46,7,1,1.720245
1223,2022-01-02-09:06:48,1,5,1.964261
1224,2022-01-02-09:06:50,5,3,2.365795
1225,2022-01-02-09:06:53,3,7,3.272691
1226,2022-01-02-09:06:57,7,3,3.309190
1227,2022-01-02-09:06:59,3,5,2.396211
1228,2022-01-02-09:07:02,5,7,2.611665
1229,2022-01-02-09:07:05,7,2,2.968769
1230,2022-01-02-09:07:06,2,4,1.913644
1231,2022-01-02-09:07:09,4,3,2.152271
1232,2022-01-02-09:07:12,3,5,3.051052
1233,2022-01-02-09:07:14,5,1,1.970530
1234,2022-01-02-09:07:15,1,0,1.116981
1235,2022-01-02-09:07:18,0,6,2.809191
1236,2022-01-02-09:07:22,6,4,4.007141
1237,2022-01-02-09:07:24,4,3,2.256325
1238,2022-01-02-09:07:27,3,6,3.131894
1239,2022-01-02-09:07:30,6,2,3.204699
1240,2022-01-02-09:07:33,2,6,3.205977
1241,2022-01-02-09:07:37,6,2,3.265805
1242,2022-01-02-09:07:40,2,6,3.087515
1243,2022-01-02-09:07:43,6,0,3.515530
1244,2022-01-02-09:07:45,0,2,1.751051
1245,2022-01-02-09:07:48,2,6,3.019420
1246,2022-01-02-09:07:52,6,3,4.018706
1247,2022-01-02-09:07:55,3,7,3.379961
