--- Start
Calibration finished !

Learning mode activated? 
False
0,3.318827
1,2.437560
2,3.859804
3,3.145411
4,2.459854
5,4.029212
6,4.017009
7,3.985624
8,4.204249
9,2.196510
10,3.606293
11,3.671104
12,2.229598
13,4.262025
14,4.382190
15,3.785841
16,2.647778
17,4.043081
18,4.030489
19,2.271751
20,4.670300
21,4.667214
22,2.231568
23,2.264341
24,4.427034
25,4.045530
26,4.233629
27,3.991226
28,3.436802
29,3.394749
30,3.409281
31,3.081786
32,3.435569
33,3.399129
34,4.258260
35,3.844649
36,3.347066
37,3.295050
38,3.614383
39,2.225043
40,4.042681
41,4.042129
42,4.058588
43,3.161137
44,3.423368
45,2.229381
46,2.227811
47,3.101693
48,3.138773
49,3.115310
50,3.151813
51,4.380302
52,4.402124
53,4.225121
54,2.940700
55,3.580625
56,3.608327
57,3.456585
58,3.405668
59,2.230016
60,2.268233
61,2.263418
62,2.203812
63,1.820479
64,3.993737
65,2.444504
66,3.760406
67,3.815110
68,3.828125
69,3.863497
70,4.338925
71,4.429779
72,3.738064
73,3.313200
74,3.446525
75,3.412177
76,2.947606
77,3.446737
78,3.062210
79,3.717547
80,4.046573
81,4.224075
82,4.350908
83,3.750931
84,3.140468
85,3.303993
86,2.934225
87,2.905636
88,3.562195
89,4.691936
90,4.045641
91,4.087157
92,3.327970
93,3.116571
94,3.066818
95,3.148807
96,2.427555
97,4.235966
98,1.811622
99,3.062970
100,3.447786
101,1.830993
102,3.810736
103,2.612106
104,3.166019
105,3.140597
106,3.887145
107,2.512369
108,4.409682
109,3.742804
110,3.141706
111,3.816696
112,3.876152
113,2.916338
114,4.228382
115,3.321051
116,3.356615
117,3.852855
118,4.347781
119,2.296790
120,3.999183
121,4.245764
122,4.229212
123,3.337332
124,3.501309
125,3.157663
126,2.296410
127,3.665376
128,3.195175
129,4.663054
130,2.378732
131,3.541574
132,3.483890
133,4.136849
134,3.683120
135,3.670419
136,3.004217
137,4.195522
138,4.499544
139,2.382227
140,3.957317
141,3.107483
142,2.878290
143,3.841499
144,4.626824
145,3.652525
146,3.706873
147,4.221594
148,3.701380
149,4.006354
150,4.953986
151,4.247132
152,2.920978
153,2.893439
154,4.592976
155,3.641914
156,3.849759
157,4.139069
158,2.932303
159,3.696601
160,4.575682
161,4.303501
162,4.448242
163,2.722290
164,2.687406
165,4.914313
166,4.677529
167,2.751844
168,2.809231
169,3.703737
170,3.752399
171,4.194225
172,2.786659
173,4.380725
174,2.384049
175,2.445388
176,2.598211
177,4.927234
178,2.725739
179,3.926076
180,4.200974
181,3.654406
182,2.768497
183,4.120726
184,3.777210
185,3.750757
186,3.844935
187,4.144594
188,4.305246
189,3.290699
190,3.006605
191,3.680249
192,3.332110
193,3.849261
194,4.039138
195,4.248946
196,4.057365
197,4.488686
198,3.589152
199,3.559728
200,2.773415
201,3.661009
202,3.458095
203,4.106162
204,4.213515
205,4.669760
206,2.998951
207,3.864279
208,3.539313
209,3.964921
210,3.448426
211,3.686728
212,3.910521
213,3.730809
214,3.697865
215,3.402018
216,3.076026
217,3.738428
218,3.302662
219,4.667534
220,2.460718
221,2.506594
222,4.568376
223,4.167625
224,3.570380
225,3.065319
226,2.370166
227,2.360796
228,3.940193
229,4.632377
230,2.286948
231,1.909822
232,2.326037
233,4.436318
234,3.442922
235,3.371405
236,4.260939
237,3.445454
238,2.640070
239,3.884516
240,3.802723
241,3.788403
242,2.243862
243,4.456562
244,3.446108
245,3.798864
246,3.353141
247,3.920186
248,4.032806
249,4.254402
250,4.071586
251,4.126510
252,3.432122
253,3.808793
254,3.741254
255,2.613670
256,3.770878
257,3.736929
258,3.440535
259,2.587367
260,3.133125
261,2.399484
262,3.911159
263,3.444313
264,3.433609
265,3.122603
266,3.433720
267,3.830234
268,3.799128
269,4.212017
270,4.243494
271,3.830813
272,3.131706
273,3.863033
274,4.198443
275,2.933629
276,3.508933
277,3.395314
278,2.894484
279,3.629697
280,4.430494
281,2.421955
282,4.236587
283,4.069302
284,4.436557
285,2.191907
286,2.193090
287,2.204318
288,1.787133
289,3.333471
290,2.971638
291,1.849625
292,4.039174
293,4.007611
294,4.244585
295,4.236807
296,2.623706
297,3.134875
298,3.101115
299,3.742470
300,2.255040
301,4.030797
302,3.339726
303,3.870686
304,3.962235
305,4.233898
306,4.243074
307,3.333119
308,3.088257
309,4.069372
310,3.434179
311,3.129071
312,1.786453
313,3.421372
314,3.831205
315,4.041818
316,4.034711
317,4.653645
318,3.736538
319,3.839693
320,2.494389
321,4.061554
322,4.253459
323,2.464692
324,3.426610
325,4.405546
326,4.636081
327,2.442431
328,3.136690
329,3.508330
330,3.120949
331,3.774907
332,3.731851
333,4.110452
334,3.388030
335,3.082023
336,3.121498
337,3.328363
338,3.998541
339,3.857857
340,3.133330
341,1.780343
342,2.228162
343,2.230597
344,3.853956
345,3.844504
346,3.331361
347,4.650113
348,4.409512
349,4.341718
350,4.707265
351,3.305116
352,3.357478
353,4.016470
354,2.451368
355,2.455131
356,4.045532
357,3.843009
358,4.048206
359,4.231895
360,4.233717
361,4.236317
362,1.828949
363,3.860274
364,4.240487
365,3.438033
366,3.496872
367,3.493995
368,3.121170
369,3.166789
370,3.130462
371,3.769445
372,3.870774
373,3.636974
374,2.220014
375,4.099272
376,4.101526
377,1.821727
378,3.760422
379,3.393382
380,4.345331
381,2.265721
382,3.833652
383,2.635058
384,3.803173
385,4.664147
386,4.248760
387,4.231178
388,3.932628
389,3.767490
390,2.255888
391,4.707193
392,4.058775
393,1.815427
394,3.429434
395,3.776104
396,3.781713
397,3.089188
398,4.032737
399,2.894163
400,3.129446
401,2.455392
402,2.431091
403,2.488300
404,4.669206
405,4.399407
406,4.233066
407,1.824760
408,3.760973
409,3.430753
410,3.428788
411,3.798805
412,4.032411
413,4.707921
414,3.754051
415,3.396296
416,4.209146
417,4.235297
418,4.240263
419,3.437253
420,2.488927
421,3.888834
422,3.441192
423,2.923751
424,3.501650
425,2.622188
426,4.224475
427,4.046280
428,3.127485
429,2.627751
430,4.261646
431,4.104223
432,3.425665
433,4.351636
434,3.605083
435,3.135203
436,4.439849
437,3.632573
438,3.898197
439,4.044851
440,4.042480
441,3.125781
442,2.623222
443,3.844922
444,3.905369
445,4.004106
446,2.486194
447,3.134126
448,2.669453
449,4.252423
450,3.434756
451,3.738575
452,4.673736
453,4.037005
454,3.861483
455,3.133347
456,4.411800
457,2.256202
458,3.811661
459,4.432191
460,3.636904
461,3.533867
462,3.867589
463,3.903635
464,3.867132
465,3.904692
466,2.620742
467,4.241938
468,2.230889
469,4.697474
Action Server timeout : niryo_one/commander/robot_action
--- End
