1644361783696238040
1644361783799360990
1644361783896754026
1644361783997637987
1644361784096209049
1644361784196230888
1644361784297836065
1644361784396382093
1644361784496335983
1644361784596388101
1644361784700489044
1644361784796514034
1644361784896414041
1644361785000014066
1644361785102093935
1644361785196317911
1644361785296354055
1644361785398988008
1644361785496421098
1644361785596452951
1644361785696357965
1644361785800070047
1644361785896292924
1644361785996903896
1644361786097898006
1644361786196455001
1644361786296266078
1644361786396204948
1644361786497241973
1644361786598316907
1644361786697962999
1644361786798710107
1644361786896291017
1644361786996315956
1644361787096201896
1644361787196871042
1644361787297524929
1644361787409755945
1644361787496665954
1644361787596369028
1644361787696631908
1644361787797368049
1644361787897125959
1644361787996614933
1644361788098637104
1644361788197029113
1644361788296350002
1644361788396787881
1644361788496355056
1644361788596880912
1644361788696332931
1644361788796380043
1644361788896385908
1644361788996520042
1644361789096375942
1644361789196317911
1644361789296149969
1644361789396320104
1644361789497190952
1644361789597043037
1644361789696265935
1644361789806210994
1644361789901196002
1644361789996263980
1644361790096272945
1644361790196319103
1644361790296417951
1644361790396611928
1644361790497267961
1644361790597232103
1644361790696387052
1644361790796629905
1644361790896934986
1644361790996913909
1644361791096386909
1644361791196335077
1644361791296823978
1644361791396675109
1644361791496690034
1644361791596987962
1644361791696306943
1644361791796469926
1644361791897138118
1644361791996314048
1644361792096358060
1644361792196692943
1644361792296401977
1644361792396605968
1644361792496366024
1644361792598881006
1644361792696799039
1644361792797208070
1644361792897857904
1644361792996406078
1644361793096611022
1644361793196463108
1644361793296386003
1644361793396625995
1644361793496536970
1644361793596746921
1644361793698206901
1644361793796986103
1644361793902750968
1644361793996516942
1644361794097644090
1644361794204974889
1644361794296586036
1644361794396487951
1644361794496361017
1644361794597738981
1644361794696224927
1644361794796721935
1644361794897728919
1644361794996587991
1644361795096584081
1644361795196629047
1644361795296195030
1644361795396384000
1644361795496432065
1644361795596920013
1644361795696890115
1644361795796641111
1644361795896840095
1644361795997030973
1644361796096384048
1644361796199919939
1644361796296314954
1644361796397075891
1644361796496557950
1644361796611345052
1644361796696369886
1644361796796341896
1644361796896140098
1644361796996403932
1644361797100646018
1644361797196521043
1644361797298538923
1644361797396363019
1644361797509608983
1644361797600931882
1644361797696204900
1644361797797919034
1644361797896305084
1644361798000596046
1644361798097559928
1644361798198688030
1644361798296305894
1644361798396874904
1644361798497755050
1644361798596501111
1644361798699258089
1644361798796363115
1644361798896717071
1644361799001319885
1644361799096344947
1644361799196463108
1644361799296412944
1644361799396200895
1644361799496203899
1644361799596168994
1644361799697228908
1644361799796344995
1644361799896367073
1644361799996326923
1644361800096298933
1644361800196218013
1644361800297573089
1644361800396287918
1644361800496310949
1644361800597805023
1644361800696633100
1644361800800466060
1644361800896284103
1644361800997200012
1644361801096462011
1644361801196763038
1644361801296613931
1644361801396635055
1644361801498070001
1644361801596441984
1644361801697134017
1644361801801353931
1644361801896302938
1644361801997270107
1644361802101417064
1644361802196300983
1644361802296529054
1644361802396390914
1644361802496587038
1644361802597219944
1644361802696537971
1644361802797755002
1644361802898067951
1644361802996423006
1644361803096434116
1644361803196408033
1644361803296638011
1644361803396538972
1644361803496639013
1644361803597079992
1644361803696373939
1644361803796703100
1644361803896552085
1644361803996454000
1644361804096231937
1644361804196404933
1644361804296366930
1644361804396318912
1644361804496390104
1644361804598251104
1644361804696345090
1644361804796360969
1644361804896621942
1644361804996414899
1644361805096345901
1644361805196443080
1644361805296591997
1644361805396584033
1644361805496309041
1644361805596369028
1644361805696589946
1644361805796349048
1644361805896527051
1644361805996488094
1644361806096362113
1644361806196605920
1644361806296405076
1644361806396450042
1644361806496686935
1644361806596543073
1644361806696710109
1644361806796221017
1644361806897392988
1644361806996207952
1644361807097088098
1644361807196703910
1644361807297539949
1644361807396464109
1644361807500901937
1644361807597979068
1644361807704736948
1644361807801388978
1644361807899998903
1644361807996515035
1644361808097560882
1644361808199496984
1644361808296264886
1644361808396337032
1644361808500946044
1644361808597093105
1644361808696314096
1644361808796324014
1644361808896369934
1644361808996304035
1644361809096321105
1644361809196306943
1644361809296354055
1644361809396260976
1644361809496392011
1644361809596698045
1644361809696413040
1644361809797197103
1644361809896416902
1644361809996515989
1644361810096390008
1644361810199769020
1644361810296947956
1644361810396323919
1644361810496526956
1644361810596477031
1644361810696360111
1644361810796483993
1644361810896367073
1644361810996609926
1644361811096276998
1644361811196377992
1644361811296463966
1644361811396347999
1644361811496301889
1644361811596506118
1644361811696176052
1644361811796329021
1644361811898910999
1644361811996248960
1644361812096137046
1644361812196254968
1644361812296173095
1644361812396260023
1644361812496315956
1644361812596328973
1644361812696288108
1644361812796318054
1644361812896318912
1644361812996223926
1644361813096292018
1644361813196224927
1644361813296312093
1644361813396260976
1644361813496181964
1644361813597515106
1644361813696430921
1644361813796138048
1644361813897497892
1644361813997437000
1644361814097074031
1644361814196163892
1644361814296123981
1644361814396260976
1644361814496359109
1644361814596195936
1644361814699100971
1644361814796295881
1644361814896193027
1644361814996385097
1644361815098495960
1644361815196271896
1644361815296276092
1644361815396326065
1644361815499787092
1644361815596640110
1644361815696470975
1644361815800600051
1644361815898788928
1644361815996471881
1644361816096312999
1644361816196511983
1644361816296341896
1644361816396347045
1644361816496325969
1644361816596770048
1644361816699737071
1644361816796328067
1644361816897874116
1644361816996532917
1644361817096309900
1644361817196333885
1644361817296338081
1644361817396213054
1644361817496206045
1644361817596559047
1644361817696325063
1644361817796358108
1644361817896470069
1644361817996273040
1644361818098213911
1644361818196299076
1644361818296351909
1644361818396321058
1644361818496309041
1644361818596198081
1644361818696376085
1644361818796521902
1644361818900157928
1644361818996247053
1644361819096447944
1644361819196307897
1644361819296314954
1644361819396843910
1644361819496356010
1644361819596307992
1644361819696353912
1644361819797749996
1644361819896630048
1644361819996351957
1644361820096683025
1644361820196373939
1644361820299597024
1644361820396603107
1644361820497462987
1644361820596211910
1644361820696352005
1644361820797076940
1644361820896332979
1644361820996279001
1644361821096429109
1644361821196916103
1644361821297882080
1644361821396883964
1644361821496875047
1644361821597044944
1644361821696230888
1644361821799555063
1644361821896209955
1644361822002120971
1644361822096926927
1644361822196333885
1644361822296396970
1644361822396416902
1644361822496285915
1644361822599703073
1644361822696304082
1644361822796802997
1644361822896255016
1644361822996220111
1644361823096327066
1644361823196244001
1644361823296257972
1644361823396277904
1644361823496447086
1644361823596826076
1644361823696531057
1644361823801493883
1644361823896249055
1644361823996471881
1644361824096286058
1644361824196368932
1644361824296961069
1644361824396722078
1644361824496404886
1644361824596499919
1644361824698757886
1644361824796760082
1644361824898278951
1644361824996639966
1644361825097878932
1644361825196268081
1644361825296354055
1644361825398175954
1644361825497308969
1644361825596152067
1644361825696365118
1644361825796338081
1644361825896727085
1644361825996227979
1644361826096164941
1644361826196173906
1644361826296260118
1644361826397088050
1644361826502394914
1644361826598283052
1644361826696464061
1644361826799225091
1644361826896796941
1644361827001058101
1644361827096487045
1644361827196299076
1644361827297188997
1644361827397834062
1644361827499237060
1644361827600605010
1644361827696146965
1644361827800163984
1644361827898253917
1644361828003026008
1644361828101366996
1644361828196453094
1644361828299767017
1644361828396405935
1644361828496407985
1644361828596488952
1644361828696847915
1644361828800334930
1644361828896466970
1644361828996211051
1644361829096541881
1644361829196470022
1644361829296619892
1644361829396354913
1644361829496546983
1644361829596932888
1644361829696430921
1644361829796292066
1644361829896750926
1644361829996546030
1644361830096555948
1644361830197279930
1644361830296237945
1644361830396472930
1644361830496520042
1644361830596339941
1644361830696856021
1644361830796921968
1644361830896397113
1644361830996710062
1644361831096385002
1644361831196275949
1644361831296397924
1644361831396308898
1644361831496268033
1644361831596263885
1644361831701740980
1644361831797612905
1644361831896478891
1644361831997257947
1644361832096234083
1644361832196544885
1644361832297471046
1644361832396367073
1644361832499913930
1644361832596796035
1644361832699080944
1644361832797914981
1644361832896370887
1644361832996474027
1644361833096364021
1644361833200917959
1644361833296338081
1644361833396302938
1644361833504599094
1644361833596751928
1644361833702243089
1644361833799571990
1644361833896243095
1644361833996367931
1644361834096415042
1644361834196389913
1644361834296516895
1644361834396405935
1644361834496330976
1644361834596482038
1644361834696393013
1644361834796302080
1644361834898075103
1644361834997494935
1644361835097964048
1644361835198689937
1644361835296457052
1644361835396548032
1644361835496504068
1644361835596422910
1644361835696161031
1644361835798393964
1644361835896256923
1644361836001055002
1644361836102754116
1644361836196346044
1644361836296349048
1644361836396321058
1644361836496665954
1644361836597218036
1644361836696410894
1644361836796246051
1644361836897860050
1644361836998539924
1644361837096390962
1644361837196996927
1644361837296514034
1644361837396253108
1644361837496264934
1644361837596424102
1644361837696651935
1644361837796582937
1644361837896245002
1644361837996221065
1644361838096193075
1644361838196211099
1644361838296294927
1644361838396569013
1644361838496248960
1644361838596694946
1644361838697406053
1644361838796528100
1644361838896545886
1644361838998954057
1644361839100785017
1644361839196863889
1644361839297262907
1644361839400490999
1644361839498416900
1644361839596379995
1644361839696326017
1644361839796371936
1644361839896346092
1644361839996634006
1644361840096330881
1644361840196240901
1644361840296147108
1644361840396238088
1644361840496293067
1644361840597436904
1644361840697424888
1644361840796477079
1644361840896544933
1644361840997714042
1644361841098031997
1644361841196755886
1644361841296550989
1644361841396460056
1644361841503875970
1644361841597903966
1644361841704634904
1644361841804735898
1644361841896794080
1644361841996373891
1644361842096434116
1644361842202151060
1644361842296299934
1644361842396476984
1644361842498126029
1644361842596986055
1644361842696342945
1644361842797044992
1644361842896265029
1644361842999042987
1644361843096326112
1644361843202477931
1644361843296246051
1644361843396297931
1644361843496232032
1644361843597414016
1644361843696254968
1644361843798516035
1644361843896241903
1644361843996225118
1644361844096322059
1644361844196340084
1644361844296313047
1644361844396327972
1644361844496284961
1644361844596381902
1644361844696293115
1644361844796295881
1644361844896383047
1644361844996315956
1644361845096255064
1644361845196408033
1644361845296382904
1644361845396269083
1644361845497622966
1644361845596246004
1644361845696196079
1644361845796324968
1644361845896291971
1644361845996310949
1644361846096230030
1644361846196394920
1644361846296310901
1644361846396483898
1644361846496222972
1644361846596339941
1644361846696307897
1644361846796405076
1644361846896322965
1644361846996237993
1644361847096328973
1644361847201373100
1644361847296307086
1644361847396190881
1644361847496229887
1644361847596170902
1644361847698028087
1644361847796315908
1644361847896198987
1644361847996159076
1644361848096333026
1644361848196882009
1644361848296297073
1644361848396308898
1644361848496258974
1644361848596374988
1644361848696289062
1644361848796309947
1644361848896274089
1644361848996803998
1644361849096379995
1644361849196315050
1644361849296783924
1644361849396315097
1644361849496305942
1644361849596573114
1644361849696322917
1644361849796341896
1644361849896200895
1644361849996299982
1644361850096304893
1644361850196414947
1644361850296123027
1644361850396172046
1644361850496309995
1644361850596163034
1644361850696316003
1644361850796365976
1644361850896410942
1644361850996653079
1644361851096220016
1644361851196294069
1644361851298032045
1644361851397428989
1644361851496325969
1644361851599523067
1644361851696840047
1644361851796379089
1644361851900682926
1644361851996884107
1644361852096368074
1644361852196443080
1644361852296781063
1644361852396491050
1644361852498013019
1644361852596688032
1644361852696367979
1644361852796385049
1644361852900202989
1644361852996498107
1644361853100637912
1644361853196368932
1644361853296246051
1644361853396455049
1644361853499423980
1644361853597851037
1644361853696397066
1644361853796631097
1644361853900593996
1644361853996191024
1644361854096774101
1644361854198668956
1644361854296317100
1644361854397191047
1644361854501756906
1644361854596254110
1644361854696415901
1644361854796277999
1644361854897331953
1644361854996423959
1644361855096406936
1644361855199074983
1644361855296205997
1644361855396295070
1644361855496501922
1644361855596179962
1644361855696197032
1644361855796457052
1644361855896372079
1644361855996368885
1644361856096470117
1644361856199907064
1644361856296489953
1644361856396434068
1644361856496418952
1644361856598376035
1644361856696362018
1644361856796355009
1644361856896505117
1644361856996460914
1644361857096369028
1644361857197701930
1644361857296395063
1644361857397674083
1644361857499825000
1644361857596786975
1644361857696536064
1644361857801062107
1644361857896425008
1644361857996303081
1644361858096411943
1644361858198473930
1644361858298063039
1644361858396361112
1644361858496548891
1644361858596518039
1644361858696269035
1644361858804570913
1644361858896200895
1644361858997102975
1644361859096750020
1644361859196346998
1644361859297413110
1644361859396863937
1644361859497036933
1644361859605690002
1644361859696285009
1644361859797166109
1644361859904645919
1644361859996514081
1644361860096539974
1644361860199040889
1644361860296241044
1644361860396440029
1644361860496577024
1644361860596735954
1644361860696816921
1644361860798300027
1644361860896379947
1644361860997463941
1644361861096282958
1644361861196974992
1644361861296451091
1644361861396461963
1644361861498840093
1644361861597095966
1644361861697350978
1644361861796695947
1644361861896815061
1644361862000076055
1644361862096298933
1644361862196470975
1644361862297780036
1644361862396853923
1644361862498840093
1644361862596822023
1644361862698137044
1644361862796400070
1644361862896555900
1644361862999475002
1644361863096260070
1644361863196342945
1644361863296396017
1644361863396239042
1644361863501681089
1644361863596903085
1644361863696203947
1644361863798849105
1644361863896347999
1644361863996944904
1644361864096350908
1644361864197016000
1644361864296567916
1644361864396229028
1644361864496365070
1644361864596273899
1644361864699176073
1644361864797600984
1644361864897794961
1644361864997524023
1644361865096333026
1644361865197724103
1644361865296458005
1644361865397253990
1644361865497791051
1644361865596329927
1644361865699383974
1644361865796499013
1644361865896364927
1644361865996741056
1644361866096544981
1644361866196360111
1644361866296611070
1644361866396312952
1644361866496335029
1644361866596514940
1644361866696192026
1644361866796552896
1644361866896847963
1644361866996833086
1644361867096961975
1644361867202924013
1644361867296617984
1644361867397098064
1644361867497457027
1644361867596817016
1644361867697861909
1644361867796344041
1644361867896519899
1644361867996264934
1644361868096349954
1644361868196410894
1644361868297574996
1644361868396995067
1644361868497170925
1644361868596537113
1644361868696284055
1644361868799457073
1644361868897180080
1644361868996352910
1644361869096507072
1644361869199213027
1644361869297895908
1644361869397305965
1644361869496336936
1644361869596492052
1644361869696490049
1644361869796535968
1644361869896821975
1644361869997154951
1644361870097654104
1644361870197067975
1644361870296684026
1644361870396266937
1644361870496586084
1644361870596468925
1644361870696285009
1644361870796295881
1644361870896682977
1644361870996505022
1644361871098110914
1644361871196494102
1644361871296545028
1644361871396825075
1644361871496701002
1644361871597405910
1644361871696412086
1644361871796456098
1644361871896409988
1644361871996264934
1644361872098061084
1644361872196373939
1644361872297219038
1644361872396239995
1644361872497426986
1644361872598988056
1644361872696296930
1644361872796339035
1644361872896306991
1644361872996279001
1644361873096626043
1644361873199203014
1644361873301322937
1644361873396323919
1644361873497442007
1644361873596577882
1644361873698808908
1644361873796334981
1644361873896255016
1644361873996287107
1644361874096297979
1644361874196311950
1644361874296269893
1644361874396573066
1644361874496299982
1644361874596954107
1644361874696362972
1644361874796283006
1644361874896126985
1644361874996289014
1644361875096321105
1644361875196212053
1644361875296355962
1644361875396301031
1644361875496246099
1644361875597464084
1644361875696377038
1644361875799294948
1644361875897226095
1644361875998435020
1644361876096288919
1644361876196369886
1644361876296190977
1644361876396657943
1644361876496740102
1644361876596657037
1644361876697313070
1644361876802694082
1644361876896420955
1644361877000168085
1644361877096498012
1644361877203135013
1644361877296333074
1644361877403167009
1644361877496423006
1644361877597215890
1644361877700706005
1644361877796418905
1644361877900386095
1644361877997085094
1644361878096304893
1644361878198844909
1644361878297533988
1644361878396220922
1644361878496602058
1644361878596328973
1644361878697352886
1644361878797358036
1644361878896790981
1644361878997704982
1644361879096683025
1644361879196331977
1644361879296406030
1644361879396444082
1644361879496436119
1644361879596330881
1644361879697827100
1644361879796403884
1644361879896336078
1644361879996654033
1644361880098351001
1644361880196329116
1644361880296284914
1644361880396590948
1644361880496932983
1644361880596235036
1644361880698559999
1644361880796473979
1644361880896513938
1644361880996421098
1644361881096538066
1644361881196594953
1644361881296505928
1644361881397248983
1644361881496582031
1644361881596355915
1644361881703759908
1644361881797790050
1644361881896589994
1644361881997241020
1644361882106667041
1644361882197031974
1644361882296219110
1644361882396589040
1644361882496350049
1644361882596561908
1644361882696332931
1644361882796428918
1644361882897254943
1644361882997236013
1644361883096798896
1644361883197057008
1644361883296304941
1644361883400055885
1644361883496876955
1644361883596266031
1644361883698972940
1644361883796479940
1644361883896404027
1644361883998564958
1644361884096451044
1644361884203012943
1644361884298140048
1644361884396361112
1644361884498673915
1644361884596982955
1644361884696331977
1644361884796551942
1644361884896548986
1644361884996417999
1644361885096806049
1644361885196252107
1644361885296391963
1644361885396353006
1644361885496304988
1644361885597836017
1644361885704619884
1644361885797276973
1644361885896894931
1644361886007839918
1644361886096596956
1644361886196443080
1644361886296190977
1644361886396296977
1644361886496273040
1644361886598064899
1644361886698194980
1644361886796267032
1644361886896250963
1644361886996474981
1644361887097224950
1644361887197227954
1644361887296793937
1644361887397165060
1644361887498435020
1644361887596554040
1644361887696453094
1644361887797169923
1644361887896701097
1644361887996315956
1644361888096425056
1644361888196531057
1644361888296556949
1644361888396250009
1644361888499003887
1644361888601744890
1644361888696408033
1644361888797784090
1644361888896286964
1644361888996572017
1644361889096306085
1644361889196331977
1644361889296526908
1644361889396308898
1644361889496470928
1644361889596983909
1644361889696408987
1644361889798413991
1644361889900563955
1644361889997222900
1644361890098525047
1644361890198942899
1644361890296247005
1644361890396248102
1644361890497914075
1644361890596741914
1644361890696466922
1644361890797213077
1644361890896657943
1644361890996467113
1644361891096497058
1644361891196424961
1644361891296175003
1644361891397130966
1644361891496599912
1644361891596412897
1644361891697772979
1644361891796293020
1644361891896405935
1644361891996208906
1644361892097374916
1644361892196357965
1644361892297436952
1644361892396210908
1644361892497311115
1644361892601383924
1644361892699651956
1644361892802648067
1644361892896712064
1644361892996263027
1644361893098397016
1644361893196427106
1644361893297151088
1644361893396661996
1644361893496562004
1644361893600972890
1644361893700853109
1644361893796305894
1644361893899698972
1644361893996515035
1644361894100542068
1644361894196378946
1644361894296406984
1644361894396254062
1644361894497373104
1644361894600236892
1644361894696430921
1644361894804573059
1644361894897465944
1644361894996347904
1644361895102454900
1644361895196592092
1644361895296487092
1644361895396425962
1644361895496512889
1644361895596713066
1644361895696185111
1644361895796773910
1644361895900181055
1644361895998183012
1644361896096467018
1644361896196234941
1644361896297038078
1644361896398192882
1644361896496334075
1644361896597793102
1644361896696357965
1644361896801182031
1644361896902371883
1644361896996728897
1644361897098781108
1644361897197385072
1644361897296576023
1644361897396418094
1644361897497200012
1644361897597033023
1644361897697236061
1644361897799946069
1644361897896747112
1644361897996578931
1644361898103379964
1644361898196645975
1644361898301589012
1644361898396270036
1644361898496495008
1644361898596869945
1644361898696911096
1644361898796454906
1644361898896528005
1644361898996450901
1644361899096474885
1644361899196568965
1644361899297096967
1644361899396743059
1644361899496390104
1644361899596187114
1644361899696333885
1644361899796277999
1644361899897716045
1644361900000221967
1644361900100661039
1644361900201894998
1644361900296297073
1644361900396565914
1644361900499624967
1644361900596270084
1644361900696522951
1644361900802877902
1644361900896346092
1644361900996455907
1644361901102554082
1644361901203027009
1644361901297672986
1644361901396347999
1644361901496467113
1644361901596940040
1644361901696432113
