1644361967924710035
1644361968026216030
1644361968124975919
1644361968225251913
1644361968327028989
1644361968431159019
1644361968524857044
1644361968632261991
1644361968724957942
1644361968827877044
1644361968924876928
1644361969027409076
1644361969124914884
1644361969228218078
1644361969329551935
1644361969425265073
1644361969524847984
1644361969626682996
1644361969724853038
1644361969826361894
1644361969928371906
1644361970026365995
1644361970124891042
1644361970224811077
1644361970324893951
1644361970430135965
1644361970524986982
1644361970625894069
1644361970725462913
1644361970825016975
1644361970926472902
1644361971025094032
1644361971124883890
1644361971225130081
1644361971324894905
1644361971424835920
1644361971524732112
1644361971624927997
1644361971724739074
1644361971824870109
1644361971924853086
1644361972024804115
1644361972124916076
1644361972224755048
1644361972325339078
1644361972425791978
1644361972525105953
1644361972625720024
1644361972728182077
1644361972824930906
1644361972924948930
1644361973027833938
1644361973125140905
1644361973224829912
1644361973324883937
1644361973425271987
1644361973524876117
1644361973628209114
1644361973724891901
1644361973826014995
1644361973928431034
1644361974024946928
1644361974124902963
1644361974225311040
1644361974326128959
1644361974426244974
1644361974530878067
1644361974625124931
1644361974725075006
1644361974825143098
1644361974924896955
1644361975031594991
1644361975125144958
1644361975224901914
1644361975324986934
1644361975424803018
1644361975524903059
1644361975631649971
1644361975724925994
1644361975824913978
1644361975924966096
1644361976031722068
1644361976128566026
1644361976224889993
1644361976324781894
1644361976430846929
1644361976524847030
1644361976628736972
1644361976724941968
1644361976827445030
1644361976924984931
1644361977024863004
1644361977125093936
1644361977224874973
1644361977325227975
1644361977424894094
1644361977524890899
1644361977625024080
1644361977724953889
1644361977824872016
1644361977924885034
1644361978027235031
1644361978124804973
1644361978224937915
1644361978325035095
1644361978424854040
1644361978524986982
1644361978625005960
1644361978724976062
1644361978825365066
1644361978925576925
1644361979024899959
1644361979125067949
1644361979225466012
1644361979324975967
1644361979425009965
1644361979524940013
1644361979624980926
1644361979724961042
1644361979826011896
1644361979927592039
1644361980025113105
1644361980124919891
1644361980225049018
1644361980324990034
1644361980427081108
1644361980524974107
1644361980624984025
1644361980725054025
1644361980824825048
1644361980924873113
1644361981025069952
1644361981124887943
1644361981225222110
1644361981325160980
1644361981427764892
1644361981524991035
1644361981625063896
1644361981729703903
1644361981825064897
1644361981924941062
1644361982024981975
1644361982124869108
1644361982230597972
1644361982328625917
1644361982430288076
1644361982524940967
1644361982624831914
1644361982725502014
1644361982825037002
1644361982924912929
1644361983025476932
1644361983127857923
1644361983225032091
1644361983333879947
1644361983428152084
1644361983526350021
1644361983624856948
1644361983725260019
1644361983825699090
1644361983924983024
1644361984024827003
1644361984124834060
1644361984224955081
1644361984324994087
1644361984424988985
1644361984524826049
1644361984625193119
1644361984724910974
1644361984827275991
1644361984927891969
1644361985025502920
1644361985124839067
1644361985225109100
1644361985325860977
1644361985429955005
1644361985524770975
1644361985625015020
1644361985724991083
1644361985824752092
1644361985924896955
1644361986025381088
1644361986125235080
1644361986225042104
1644361986324878931
1644361986424839973
1644361986524930953
1644361986625092983
1644361986724853038
1644361986824889898
1644361986924974918
1644361987024914979
1644361987127067089
1644361987231632947
1644361987324919939
1644361987425318002
1644361987527884960
1644361987627165079
1644361987724735021
1644361987824891090
1644361987924981117
1644361988024863004
1644361988124840021
1644361988224842071
1644361988324956893
1644361988424911975
1644361988524852991
1644361988624803066
1644361988725537061
1644361988825077056
1644361988924954891
1644361989024892091
1644361989124834060
1644361989228234052
1644361989330312967
1644361989430636882
1644361989524938106
1644361989627228021
1644361989730191946
1644361989833611011
1644361989935519933
1644361990029356002
1644361990125104904
1644361990229696035
1644361990331078052
1644361990431799888
1644361990525024890
1644361990634635925
1644361990725982904
1644361990826247930
1644361990926461935
1644361991025038003
1644361991124892950
1644361991225028038
1644361991332118988
1644361991425079107
1644361991528086900
1644361991626116037
1644361991724920034
1644361991825014114
1644361991927920103
1644361992028498888
1644361992124824047
1644361992224903106
1644361992324832916
1644361992425647974
1644361992526170015
1644361992625210046
1644361992724989891
1644361992825148105
1644361992924958944
1644361993026153087
1644361993124958992
1644361993226547002
1644361993327584981
1644361993425156116
1644361993524982929
1644361993624983072
1644361993725007057
1644361993824893951
1644361993925170898
1644361994025839090
1644361994125029087
1644361994225014925
1644361994325021982
1644361994426873922
1644361994524959087
1644361994625201940
1644361994724930047
1644361994825881958
1644361994925517082
1644361995025069952
1644361995125185966
1644361995226675033
1644361995324982881
1644361995424937009
1644361995524821996
1644361995624886035
1644361995724961996
1644361995824899911
1644361995924760103
1644361996024918079
1644361996124888896
1644361996224845886
1644361996324851036
1644361996433412075
1644361996524923086
1644361996624958038
1644361996724889039
1644361996824850082
1644361996924850940
1644361997024900913
1644361997126502990
1644361997225559949
1644361997324848890
1644361997425684928
1644361997524876117
1644361997624897003
1644361997724904060
1644361997824906110
1644361997924774885
1644361998028791904
1644361998129045009
1644361998225452899
1644361998330168962
1644361998424962043
1644361998524867057
1644361998624973058
1644361998724935054
1644361998825043916
1644361998924957036
1644361999025028944
1644361999124977111
1644361999226634025
1644361999327552080
1644361999426707983
1644361999525295019
1644361999625030040
1644361999724890947
1644361999824963092
1644361999924936056
1644362000026057958
1644362000136245965
1644362000225037097
1644362000331501007
1644362000428054094
1644362000526412010
1644362000637856960
1644362000724972009
1644362000824898958
1644362000926704883
1644362001026576042
1644362001124912023
1644362001228653907
1644362001328680992
1644362001425411939
1644362001524894952
1644362001628005027
1644362001725225925
1644362001824943065
1644362001924920082
1644362002025494098
1644362002125016927
1644362002224890947
1644362002324908971
1644362002424798965
1644362002524808883
1644362002624809026
1644362002724864006
1644362002824750900
1644362002924803018
1644362003025073051
1644362003125051975
1644362003231060981
1644362003326433897
1644362003424835920
1644362003525497913
1644362003627652883
1644362003728183984
1644362003825022935
1644362003928006887
1644362004024825096
1644362004125957012
1644362004230920076
1644362004326050043
1644362004433638095
1644362004525260925
1644362004625452995
1644362004725940942
1644362004827374935
1644362004924987077
1644362005024919033
1644362005125138998
1644362005228209972
1644362005325052976
1644362005424932956
1644362005539078950
1644362005626401901
1644362005725013017
1644362005825011968
1644362005925307035
1644362006025803089
