--- Start
Calibration finished !

Learning mode activated? 
False
iteration,date,init_position,final_position,time
0,2022-01-02-08:14:52,-1,3,2.672522
1,2022-01-02-08:14:55,3,2,2.569607
2,2022-01-02-08:14:56,2,5,1.487050
3,2022-01-02-08:14:58,5,1,2.021826
4,2022-01-02-08:15:01,1,3,2.219774
5,2022-01-02-08:15:04,3,7,3.267601
6,2022-01-02-08:15:07,7,0,3.060515
7,2022-01-02-08:15:09,0,2,1.911422
8,2022-01-02-08:15:10,2,5,1.543895
9,2022-01-02-08:15:13,5,0,2.127659
10,2022-01-02-08:15:14,0,1,1.023442
11,2022-01-02-08:15:17,1,6,3.600317
12,2022-01-02-08:15:20,6,7,2.696469
13,2022-01-02-08:15:23,7,2,3.091538
14,2022-01-02-08:15:27,2,1,4.136130
15,2022-01-02-08:15:29,1,7,1.655033
16,2022-01-02-08:15:31,7,2,2.581571
17,2022-01-02-08:15:33,2,4,1.754342
18,2022-01-02-08:15:35,4,5,1.751058
19,2022-01-02-08:15:37,5,7,2.586185
20,2022-01-02-08:15:40,7,5,2.598273
21,2022-01-02-08:15:43,5,6,3.103914
22,2022-01-02-08:15:46,6,5,3.053943
23,2022-01-02-08:15:49,5,3,2.984833
24,2022-01-02-08:15:53,3,1,3.612883
25,2022-01-02-08:15:55,1,2,1.953469
26,2022-01-02-08:15:57,2,7,2.526833
27,2022-01-02-08:16:00,7,5,2.625334
28,2022-01-02-08:16:02,5,0,1.886891
29,2022-01-02-08:16:04,0,7,1.919080
30,2022-01-02-08:16:06,7,2,2.552855
31,2022-01-02-08:16:08,2,5,1.518935
32,2022-01-02-08:16:10,5,3,2.255832
33,2022-01-02-08:16:13,3,2,2.683165
34,2022-01-02-08:16:15,2,1,1.954160
35,2022-01-02-08:16:16,1,4,1.317840
36,2022-01-02-08:16:18,4,3,2.134188
37,2022-01-02-08:16:20,3,4,2.037253
38,2022-01-02-08:16:22,4,5,1.734957
39,2022-01-02-08:16:25,5,6,3.088394
40,2022-01-02-08:16:28,6,5,3.136426
41,2022-01-02-08:16:31,5,7,2.545818
42,2022-01-02-08:16:34,7,3,3.263999
43,2022-01-02-08:16:36,3,7,2.132331
44,2022-01-02-08:16:40,7,6,4.096372
45,2022-01-02-08:16:44,6,1,3.636036
46,2022-01-02-08:16:45,1,4,1.316920
47,2022-01-02-08:16:47,4,0,1.483320
48,2022-01-02-08:16:48,0,2,1.725559
49,2022-01-02-08:16:50,2,4,1.745352
50,2022-01-02-08:16:51,4,0,1.485032
51,2022-01-02-08:16:53,0,4,1.486380
52,2022-01-02-08:16:55,4,3,2.048015
53,2022-01-02-08:16:58,3,7,3.255807
54,2022-01-02-08:17:01,7,6,2.565479
55,2022-01-02-08:17:05,6,1,3.774550
56,2022-01-02-08:17:07,1,5,1.924931
57,2022-01-02-08:17:09,5,0,2.322044
58,2022-01-02-08:17:10,0,1,1.042070
59,2022-01-02-08:17:12,1,3,2.236422
60,2022-01-02-08:17:14,3,1,2.285229
61,2022-01-02-08:17:15,1,0,1.025076
62,2022-01-02-08:17:17,0,4,1.482681
63,2022-01-02-08:17:19,4,7,1.833488
64,2022-01-02-08:17:21,7,0,1.919382
65,2022-01-02-08:17:22,0,1,1.029034
66,2022-01-02-08:17:23,1,7,1.653423
67,2022-01-02-08:17:27,7,4,4.004801
68,2022-01-02-08:17:29,4,3,2.094252
69,2022-01-02-08:17:33,3,6,3.421493
70,2022-01-02-08:17:35,6,3,1.959191
71,2022-01-02-08:17:39,3,2,4.201001
72,2022-01-02-08:17:42,2,6,3.094297
73,2022-01-02-08:17:46,6,0,3.724410
74,2022-01-02-08:17:49,0,3,3.294641
75,2022-01-02-08:17:52,3,5,2.962836
76,2022-01-02-08:17:54,5,0,1.888452
77,2022-01-02-08:17:56,0,2,1.694441
78,2022-01-02-08:17:57,2,5,1.488932
79,2022-01-02-08:17:59,5,4,1.821797
80,2022-01-02-08:18:01,4,3,2.088940
81,2022-01-02-08:18:06,3,2,4.503413
82,2022-01-02-08:18:08,2,3,2.562489
83,2022-01-02-08:18:12,3,7,3.841522
84,2022-01-02-08:18:14,7,0,1.986294
85,2022-01-02-08:18:15,0,1,1.037546
86,2022-01-02-08:18:16,1,0,1.032510
87,2022-01-02-08:18:17,0,1,1.053540
88,2022-01-02-08:18:19,1,2,1.936274
89,2022-01-02-08:18:21,2,5,1.483093
90,2022-01-02-08:18:23,5,7,2.535891
91,2022-01-02-08:18:26,7,0,3.061559
92,2022-01-02-08:18:28,0,4,1.520582
93,2022-01-02-08:18:29,4,1,1.312218
94,2022-01-02-08:18:31,1,7,1.661867
95,2022-01-02-08:18:33,7,5,2.698658
96,2022-01-02-08:18:35,5,0,1.919582
97,2022-01-02-08:18:38,0,3,2.416480
98,2022-01-02-08:18:40,3,4,2.025567
99,2022-01-02-08:18:41,4,1,1.282607
100,2022-01-02-08:18:42,1,0,1.050265
101,2022-01-02-08:18:44,0,4,1.517621
102,2022-01-02-08:18:47,4,6,3.432115
103,2022-01-02-08:18:50,6,2,3.229005
104,2022-01-02-08:18:53,2,3,2.640034
105,2022-01-02-08:18:55,3,0,2.552180
106,2022-01-02-08:18:57,0,4,1.479584
107,2022-01-02-08:19:00,4,6,3.480570
108,2022-01-02-08:19:04,6,3,3.605498
109,2022-01-02-08:19:06,3,1,2.379251
110,2022-01-02-08:19:07,1,0,1.023319
111,2022-01-02-08:19:11,0,6,3.432580
112,2022-01-02-08:19:14,6,5,3.101109
113,2022-01-02-08:19:16,5,2,1.749373
114,2022-01-02-08:19:17,2,4,1.759648
115,2022-01-02-08:19:19,4,0,1.565046
116,2022-01-02-08:19:21,0,4,1.482425
117,2022-01-02-08:19:22,4,0,1.485383
118,2022-01-02-08:19:24,0,2,1.721757
119,2022-01-02-08:19:27,2,3,3.461454
120,2022-01-02-08:19:30,3,2,2.626574
121,2022-01-02-08:19:33,2,5,3.591582
122,2022-01-02-08:19:35,5,1,1.889591
123,2022-01-02-08:19:38,1,6,2.590949
124,2022-01-02-08:19:42,6,4,3.801260
125,2022-01-02-08:19:45,4,7,3.382067
126,2022-01-02-08:19:48,7,1,3.430021
127,2022-01-02-08:19:50,1,7,1.718960
128,2022-01-02-08:19:52,7,0,2.163982
129,2022-01-02-08:19:54,0,4,1.498081
130,2022-01-02-08:19:55,4,1,1.320016
131,2022-01-02-08:19:56,1,0,1.023371
132,2022-01-02-08:19:58,0,2,1.725658
133,2022-01-02-08:20:01,2,3,3.122480
134,2022-01-02-08:20:04,3,0,3.257101
135,2022-01-02-08:20:06,0,2,1.734402
136,2022-01-02-08:20:09,2,7,2.589623
137,2022-01-02-08:20:13,7,6,4.034219
138,2022-01-02-08:20:16,6,5,3.261556
139,2022-01-02-08:20:19,5,7,2.557917
140,2022-01-02-08:20:22,7,3,3.218852
141,2022-01-02-08:20:24,3,6,2.018454
142,2022-01-02-08:20:27,6,7,3.332224
143,2022-01-02-08:20:30,7,4,3.223999
144,2022-01-02-08:20:32,4,3,2.062904
145,2022-01-02-08:20:35,3,1,2.296502
146,2022-01-02-08:20:36,1,7,1.638238
147,2022-01-02-08:20:39,7,2,2.561911
148,2022-01-02-08:20:41,2,1,1.983665
149,2022-01-02-08:20:44,1,6,3.562445
150,2022-01-02-08:20:48,6,2,3.160947
151,2022-01-02-08:20:51,2,5,3.588886
152,2022-01-02-08:20:54,5,7,2.583182
153,2022-01-02-08:20:56,7,6,2.558837
154,2022-01-02-08:21:00,6,7,4.033604
155,2022-01-02-08:21:02,7,1,1.639480
156,2022-01-02-08:21:03,1,0,1.045591
157,2022-01-02-08:21:04,0,1,1.054047
158,2022-01-02-08:21:05,1,0,1.020310
159,2022-01-02-08:21:06,0,1,1.031228
160,2022-01-02-08:21:08,1,5,1.997661
161,2022-01-02-08:21:10,5,3,2.218506
162,2022-01-02-08:21:13,3,2,2.542690
163,2022-01-02-08:21:15,2,3,2.600832
164,2022-01-02-08:21:18,3,1,2.442171
165,2022-01-02-08:21:20,1,2,1.923594
166,2022-01-02-08:21:22,2,3,2.595579
167,2022-01-02-08:21:25,3,0,2.361375
168,2022-01-02-08:21:27,0,7,1.922130
169,2022-01-02-08:21:29,7,2,2.554266
170,2022-01-02-08:21:31,2,4,1.733681
171,2022-01-02-08:21:32,4,0,1.485914
172,2022-01-02-08:21:35,0,3,2.324082
173,2022-01-02-08:21:37,3,4,2.060965
174,2022-01-02-08:21:39,4,3,2.045170
175,2022-01-02-08:21:41,3,0,2.364100
176,2022-01-02-08:21:44,0,3,2.360788
177,2022-01-02-08:21:46,3,1,2.340871
178,2022-01-02-08:21:48,1,5,1.996578
179,2022-01-02-08:21:50,5,4,1.785532
180,2022-01-02-08:21:53,4,6,3.431739
181,2022-01-02-08:21:57,6,0,3.658050
182,2022-01-02-08:21:59,0,7,1.923388
183,2022-01-02-08:22:02,7,5,2.825566
184,2022-01-02-08:22:04,5,4,1.910594
185,2022-01-02-08:22:06,4,3,2.083266
186,2022-01-02-08:22:08,3,6,1.951035
187,2022-01-02-08:22:11,6,2,3.122543
188,2022-01-02-08:22:12,2,5,1.498247
189,2022-01-02-08:22:15,5,3,3.130742
190,2022-01-02-08:22:18,3,4,2.347549
191,2022-01-02-08:22:21,4,0,3.795404
192,2022-01-02-08:22:22,0,1,1.034154
193,2022-01-02-08:22:25,1,3,2.242207
194,2022-01-02-08:22:27,3,2,2.632924
195,2022-01-02-08:22:30,2,3,2.998736
196,2022-01-02-08:22:34,3,1,3.443491
197,2022-01-02-08:22:35,1,0,0.975334
198,2022-01-02-08:22:37,0,7,1.918329
199,2022-01-02-08:22:39,7,5,2.655955
200,2022-01-02-08:22:42,5,6,3.040096
201,2022-01-02-08:22:45,6,2,3.093804
202,2022-01-02-08:22:50,2,7,4.345270
203,2022-01-02-08:22:52,7,3,2.124435
204,2022-01-02-08:22:54,3,0,2.465218
205,2022-01-02-08:22:55,0,1,1.025562
206,2022-01-02-08:22:57,1,5,1.984049
207,2022-01-02-08:23:01,5,6,3.073604
208,2022-01-02-08:23:04,6,2,3.142978
209,2022-01-02-08:23:07,2,6,3.149582
210,2022-01-02-08:23:10,6,5,3.106792
211,2022-01-02-08:23:12,5,0,1.998494
212,2022-01-02-08:23:13,0,1,1.036327
213,2022-01-02-08:23:15,1,7,1.633157
214,2022-01-02-08:23:17,7,4,2.799230
215,2022-01-02-08:23:19,4,0,1.530091
216,2022-01-02-08:23:21,0,5,1.921282
217,2022-01-02-08:23:22,5,2,1.533699
218,2022-01-02-08:23:24,2,0,1.714639
219,2022-01-02-08:23:26,0,7,1.928316
220,2022-01-02-08:23:28,7,3,2.159330
221,2022-01-02-08:23:31,3,5,2.341149
222,2022-01-02-08:23:32,5,2,1.531155
223,2022-01-02-08:23:35,2,7,2.548332
224,2022-01-02-08:23:38,7,4,3.127638
225,2022-01-02-08:23:40,4,2,1.824510
226,2022-01-02-08:23:42,2,7,2.553566
227,2022-01-02-08:23:45,7,5,2.608550
228,2022-01-02-08:23:47,5,7,2.590817
229,2022-01-02-08:23:51,7,1,3.634750
230,2022-01-02-08:23:53,1,3,2.227561
231,2022-01-02-08:23:55,3,5,2.155305
232,2022-01-02-08:23:58,5,7,2.538841
233,2022-01-02-08:24:00,7,6,2.550176
234,2022-01-02-08:24:04,6,3,3.706805
235,2022-01-02-08:24:07,3,7,3.298343
236,2022-01-02-08:24:10,7,6,2.566202
237,2022-01-02-08:24:13,6,2,3.131632
238,2022-01-02-08:24:15,2,4,1.818782
239,2022-01-02-08:24:18,4,7,3.188965
240,2022-01-02-08:24:21,7,5,2.666119
241,2022-01-02-08:24:23,5,3,2.184124
242,2022-01-02-08:24:25,3,5,2.134447
243,2022-01-02-08:24:27,5,0,1.895101
244,2022-01-02-08:24:29,0,4,1.507306
245,2022-01-02-08:24:30,4,5,1.729970
246,2022-01-02-08:24:33,5,7,2.549183
247,2022-01-02-08:24:36,7,0,3.069329
248,2022-01-02-08:24:38,0,5,1.928692
249,2022-01-02-08:24:40,5,3,2.266619
250,2022-01-02-08:24:43,3,2,2.695144
251,2022-01-02-08:24:45,2,3,2.753542
252,2022-01-02-08:24:48,3,2,2.648430
253,2022-01-02-08:24:50,2,1,1.954797
254,2022-01-02-08:24:52,1,7,1.667200
255,2022-01-02-08:24:54,7,4,2.098276
256,2022-01-02-08:24:55,4,0,1.485413
257,2022-01-02-08:24:57,0,2,1.717960
258,2022-01-02-08:24:59,2,0,1.682801
259,2022-01-02-08:25:00,0,2,1.686735
260,2022-01-02-08:25:02,2,0,1.685307
261,2022-01-02-08:25:05,0,3,2.398014
262,2022-01-02-08:25:08,3,7,3.233857
263,2022-01-02-08:25:11,7,2,3.247302
264,2022-01-02-08:25:14,2,7,3.135913
265,2022-01-02-08:25:17,7,0,3.110834
266,2022-01-02-08:25:20,0,6,2.789720
267,2022-01-02-08:25:23,6,1,2.955969
268,2022-01-02-08:25:25,1,5,2.237753
269,2022-01-02-08:25:27,5,1,1.991489
270,2022-01-02-08:25:29,1,7,1.624966
271,2022-01-02-08:25:30,7,1,1.644180
272,2022-01-02-08:25:32,1,7,1.626777
273,2022-01-02-08:25:35,7,5,2.692044
274,2022-01-02-08:25:37,5,0,1.884663
275,2022-01-02-08:25:39,0,6,2.794509
276,2022-01-02-08:25:42,6,3,2.017913
277,2022-01-02-08:25:44,3,1,2.222094
278,2022-01-02-08:25:45,1,7,1.652373
279,2022-01-02-08:25:48,7,5,2.667477
280,2022-01-02-08:25:51,5,6,3.098211
281,2022-01-02-08:25:54,6,2,3.097272
282,2022-01-02-08:25:58,2,5,3.979023
283,2022-01-02-08:26:01,5,6,3.113588
284,2022-01-02-08:26:04,6,2,3.092995
285,2022-01-02-08:26:06,2,5,1.523182
286,2022-01-02-08:26:09,5,4,3.224223
287,2022-01-02-08:26:12,4,7,3.132841
288,2022-01-02-08:26:16,7,3,3.232978
289,2022-01-02-08:26:18,3,4,2.052254
290,2022-01-02-08:26:21,4,6,3.439875
291,2022-01-02-08:26:24,6,5,3.203651
292,2022-01-02-08:26:26,5,3,2.128221
293,2022-01-02-08:26:28,3,4,2.086037
294,2022-01-02-08:26:30,4,7,1.926369
295,2022-01-02-08:26:33,7,5,2.789840
296,2022-01-02-08:26:35,5,1,1.925404
297,2022-01-02-08:26:39,1,3,3.442578
298,2022-01-02-08:26:41,3,4,2.188744
299,2022-01-02-08:26:44,4,2,3.182884
300,2022-01-02-08:26:46,2,4,1.736878
301,2022-01-02-08:26:47,4,0,1.530968
302,2022-01-02-08:26:48,0,1,1.052512
303,2022-01-02-08:26:50,1,2,1.989026
304,2022-01-02-08:26:53,2,6,3.085979
305,2022-01-02-08:26:57,6,7,4.008835
306,2022-01-02-08:27:00,7,2,2.658694
307,2022-01-02-08:27:03,2,7,2.612659
308,2022-01-02-08:27:06,7,3,3.268130
309,2022-01-02-08:27:08,3,1,2.231853
310,2022-01-02-08:27:09,1,0,1.031148
311,2022-01-02-08:27:13,0,6,3.532652
312,2022-01-02-08:27:16,6,2,3.162534
313,2022-01-02-08:27:20,2,1,4.131295
314,2022-01-02-08:27:23,1,6,2.698475
315,2022-01-02-08:27:25,6,5,2.685667
316,2022-01-02-08:27:27,5,1,2.024069
317,2022-01-02-08:27:29,1,5,1.926278
318,2022-01-02-08:27:32,5,6,3.096304
319,2022-01-02-08:27:36,6,4,3.610321
320,2022-01-02-08:27:39,4,6,3.439141
321,2022-01-02-08:27:43,6,2,3.178650
322,2022-01-02-08:27:46,2,6,3.094912
323,2022-01-02-08:27:49,6,4,3.652265
324,2022-01-02-08:27:53,4,2,4.095838
325,2022-01-02-08:27:56,2,7,2.991460
326,2022-01-02-08:27:59,7,6,2.574430
327,2022-01-02-08:28:02,6,2,3.250843
328,2022-01-02-08:28:06,2,5,3.725843
329,2022-01-02-08:28:09,5,4,3.275741
330,2022-01-02-08:28:13,4,5,3.257126
331,2022-01-02-08:28:16,5,3,3.028056
332,2022-01-02-08:28:19,3,7,3.810764
333,2022-01-02-08:28:22,7,5,2.639933
334,2022-01-02-08:28:24,5,4,1.825977
335,2022-01-02-08:28:26,4,2,1.783814
336,2022-01-02-08:28:28,2,3,2.763376
337,2022-01-02-08:28:32,3,7,3.341049
338,2022-01-02-08:28:35,7,3,3.273236
339,2022-01-02-08:28:38,3,0,2.555179
340,2022-01-02-08:28:39,0,2,1.726437
341,2022-01-02-08:28:41,2,0,1.736049
342,2022-01-02-08:28:43,0,2,1.725323
343,2022-01-02-08:28:46,2,3,2.961342
344,2022-01-02-08:28:48,3,4,2.040397
345,2022-01-02-08:28:49,4,0,1.487925
346,2022-01-02-08:28:52,0,3,2.523306
347,2022-01-02-08:28:54,3,7,2.127292
348,2022-01-02-08:28:57,7,5,2.661258
349,2022-01-02-08:28:59,5,7,2.589569
350,2022-01-02-08:29:02,7,5,2.749912
351,2022-01-02-08:29:04,5,1,1.922958
352,2022-01-02-08:29:06,1,3,2.252228
353,2022-01-02-08:29:09,3,1,2.538287
354,2022-01-02-08:29:10,1,4,1.315221
355,2022-01-02-08:29:11,4,0,1.478211
356,2022-01-02-08:29:13,0,4,1.488303
357,2022-01-02-08:29:15,4,6,2.593298
358,2022-01-02-08:29:20,6,2,4.150820
359,2022-01-02-08:29:23,2,5,3.664586
360,2022-01-02-08:29:25,5,1,1.997615
361,2022-01-02-08:29:27,1,4,1.328236
362,2022-01-02-08:29:30,4,6,3.458916
363,2022-01-02-08:29:34,6,7,4.207701
364,2022-01-02-08:29:38,7,6,4.037040
365,2022-01-02-08:29:41,6,3,3.102457
366,2022-01-02-08:29:44,3,2,2.941582
367,2022-01-02-08:29:47,2,3,2.587222
368,2022-01-02-08:29:49,3,1,2.236398
369,2022-01-02-08:29:50,1,0,1.048321
370,2022-01-02-08:29:51,0,1,1.026000
371,2022-01-02-08:29:52,1,0,1.028474
372,2022-01-02-08:29:54,0,5,2.186912
373,2022-01-02-08:29:56,5,1,1.905684
374,2022-01-02-08:29:58,1,4,1.284129
375,2022-01-02-08:30:00,4,3,2.038813
376,2022-01-02-08:30:02,3,1,2.262061
377,2022-01-02-08:30:03,1,4,1.316797
378,2022-01-02-08:30:05,4,3,2.093576
379,2022-01-02-08:30:08,3,5,2.188934
380,2022-01-02-08:30:10,5,3,2.181099
381,2022-01-02-08:30:12,3,6,2.034436
382,2022-01-02-08:30:14,6,7,2.629122
383,2022-01-02-08:30:16,7,1,1.729618
384,2022-01-02-08:30:18,1,3,2.304146
385,2022-01-02-08:30:21,3,5,2.262735
386,2022-01-02-08:30:22,5,2,1.532063
387,2022-01-02-08:30:25,2,6,3.090044
388,2022-01-02-08:30:29,6,2,4.078592
389,2022-01-02-08:30:32,2,7,3.026309
390,2022-01-02-08:30:35,7,2,2.623826
391,2022-01-02-08:30:38,2,3,2.589839
392,2022-01-02-08:30:40,3,2,2.567084
393,2022-01-02-08:30:43,2,3,2.958271
394,2022-01-02-08:30:47,3,0,3.362310
395,2022-01-02-08:30:50,0,6,3.493579
396,2022-01-02-08:30:53,6,2,3.135675
397,2022-01-02-08:30:55,2,4,1.757957
398,2022-01-02-08:30:59,4,2,4.245423
399,2022-01-02-08:31:03,2,1,4.141395
400,2022-01-02-08:31:07,1,3,3.471305
401,2022-01-02-08:31:10,3,2,2.833159
402,2022-01-02-08:31:11,2,4,1.827812
403,2022-01-02-08:31:15,4,6,3.784380
404,2022-01-02-08:31:18,6,4,2.688425
405,2022-01-02-08:31:20,4,3,2.093320
406,2022-01-02-08:31:23,3,2,2.656455
407,2022-01-02-08:31:24,2,5,1.533819
408,2022-01-02-08:31:26,5,0,1.995450
409,2022-01-02-08:31:27,0,1,1.063568
410,2022-01-02-08:31:31,1,6,3.589656
411,2022-01-02-08:31:34,6,4,3.261596
412,2022-01-02-08:31:38,4,0,3.730292
413,2022-01-02-08:31:40,0,3,2.445332
414,2022-01-02-08:31:42,3,4,2.053400
415,2022-01-02-08:31:44,4,7,1.860293
416,2022-01-02-08:31:48,7,6,3.986085
417,2022-01-02-08:31:52,6,3,3.683943
418,2022-01-02-08:31:54,3,1,2.261455
419,2022-01-02-08:31:55,1,4,1.299492
420,2022-01-02-08:31:58,4,3,2.082142
421,2022-01-02-08:32:01,3,7,3.265610
422,2022-01-02-08:32:03,7,6,2.564304
423,2022-01-02-08:32:08,6,7,4.144542
424,2022-01-02-08:32:09,7,0,1.993177
425,2022-01-02-08:32:11,0,4,1.548100
426,2022-01-02-08:32:13,4,0,1.524469
427,2022-01-02-08:32:14,0,2,1.718594
428,2022-01-02-08:32:17,2,7,2.564325
429,2022-01-02-08:32:20,7,5,2.818643
430,2022-01-02-08:32:22,5,7,2.605070
431,2022-01-02-08:32:25,7,6,2.629078
432,2022-01-02-08:32:28,6,5,3.134329
433,2022-01-02-08:32:31,5,7,2.542441
434,2022-01-02-08:32:34,7,1,3.236397
435,2022-01-02-08:32:38,1,6,3.801335
436,2022-01-02-08:32:41,6,3,3.730644
437,2022-01-02-08:32:44,3,1,2.425815
438,2022-01-02-08:32:45,1,4,1.322075
439,2022-01-02-08:32:47,4,5,1.751655
440,2022-01-02-08:32:50,5,6,3.097905
441,2022-01-02-08:32:53,6,5,3.192855
442,2022-01-02-08:32:55,5,4,1.923592
443,2022-01-02-08:32:56,4,1,1.324507
444,2022-01-02-08:32:58,1,2,1.952024
445,2022-01-02-08:33:00,2,4,1.737677
446,2022-01-02-08:33:01,4,1,1.320455
447,2022-01-02-08:33:05,1,6,3.594945
448,2022-01-02-08:33:09,6,1,3.540458
449,2022-01-02-08:33:10,1,0,1.055425
450,2022-01-02-08:33:11,0,5,1.861484
451,2022-01-02-08:33:13,5,4,1.763978
452,2022-01-02-08:33:15,4,1,1.326649
453,2022-01-02-08:33:18,1,3,3.535256
454,2022-01-02-08:33:22,3,7,3.798315
455,2022-01-02-08:33:24,7,1,1.691656
456,2022-01-02-08:33:25,1,4,1.318244
457,2022-01-02-08:33:27,4,5,1.747486
458,2022-01-02-08:33:30,5,6,3.049876
459,2022-01-02-08:33:33,6,4,3.642569
460,2022-01-02-08:33:35,4,1,1.295170
461,2022-01-02-08:33:36,1,0,1.027940
462,2022-01-02-08:33:37,0,2,1.730374
463,2022-01-02-08:33:39,2,4,1.739800
464,2022-01-02-08:33:43,4,6,3.441330
465,2022-01-02-08:33:46,6,3,3.712076
466,2022-01-02-08:33:48,3,6,2.020973
467,2022-01-02-08:33:51,6,5,2.866100
468,2022-01-02-08:33:53,5,0,1.928291
469,2022-01-02-08:33:56,0,6,3.369961
470,2022-01-02-08:34:00,6,1,3.295057
471,2022-01-02-08:34:02,1,7,1.739323
472,2022-01-02-08:34:04,7,3,2.221356
473,2022-01-02-08:34:06,3,0,2.346098
474,2022-01-02-08:34:09,0,3,2.506849
475,2022-01-02-08:34:11,3,5,2.224802
476,2022-01-02-08:34:13,5,4,1.849886
477,2022-01-02-08:34:14,4,5,1.745120
478,2022-01-02-08:34:16,5,1,1.919100
479,2022-01-02-08:34:18,1,4,1.361448
480,2022-01-02-08:34:19,4,1,1.324905
481,2022-01-02-08:34:21,1,7,1.683502
482,2022-01-02-08:34:25,7,6,4.034902
483,2022-01-02-08:34:29,6,4,3.804889
484,2022-01-02-08:34:30,4,7,1.856802
485,2022-01-02-08:34:32,7,0,2.100533
486,2022-01-02-08:34:34,0,5,1.898849
487,2022-01-02-08:34:36,5,4,1.740481
488,2022-01-02-08:34:38,4,3,2.072319
489,2022-01-02-08:34:41,3,2,2.551211
490,2022-01-02-08:34:42,2,4,1.745897
491,2022-01-02-08:34:44,4,5,1.789433
492,2022-01-02-08:34:47,5,6,2.759517
493,2022-01-02-08:34:50,6,2,3.035399
494,2022-01-02-08:34:52,2,0,1.716133
495,2022-01-02-08:34:54,0,5,1.918465
496,2022-01-02-08:34:56,5,1,2.053488
497,2022-01-02-08:34:57,1,7,1.685040
498,2022-01-02-08:34:59,7,4,1.962419
499,2022-01-02-08:35:03,4,6,3.443750
500,2022-01-02-08:35:06,6,0,3.548910
501,2022-01-02-08:35:08,0,1,1.115426
502,2022-01-02-08:35:09,1,5,1.883936
503,2022-01-02-08:35:11,5,0,1.972687
504,2022-01-02-08:35:14,0,3,2.522868
505,2022-01-02-08:35:16,3,6,1.961987
506,2022-01-02-08:35:19,6,7,3.329420
507,2022-01-02-08:35:22,7,6,2.567561
508,2022-01-02-08:35:25,6,2,3.105252
509,2022-01-02-08:35:28,2,6,3.103889
510,2022-01-02-08:35:31,6,2,3.136755
511,2022-01-02-08:35:33,2,4,1.792294
512,2022-01-02-08:35:35,4,3,2.062108
513,2022-01-02-08:35:38,3,2,2.638129
514,2022-01-02-08:35:40,2,7,2.558888
515,2022-01-02-08:35:42,7,4,1.945584
516,2022-01-02-08:35:44,4,3,2.028478
517,2022-01-02-08:35:47,3,1,2.427639
518,2022-01-02-08:35:48,1,0,1.068199
519,2022-01-02-08:35:50,0,3,2.399772
520,2022-01-02-08:35:52,3,6,2.080573
521,2022-01-02-08:35:55,6,7,2.593498
522,2022-01-02-08:35:59,7,6,3.996948
523,2022-01-02-08:36:02,6,2,3.191961
524,2022-01-02-08:36:05,2,3,2.635891
525,2022-01-02-08:36:07,3,4,2.042443
526,2022-01-02-08:36:10,4,6,3.452280
527,2022-01-02-08:36:14,6,0,3.683389
528,2022-01-02-08:36:16,0,7,1.944453
529,2022-01-02-08:36:17,7,1,1.708203
530,2022-01-02-08:36:20,1,3,2.184450
531,2022-01-02-08:36:22,3,0,2.325583
532,2022-01-02-08:36:24,0,2,1.759634
533,2022-01-02-08:36:27,2,6,3.034755
534,2022-01-02-08:36:31,6,2,4.362280
535,2022-01-02-08:36:34,2,7,3.140577
536,2022-01-02-08:36:37,7,3,3.269590
537,2022-01-02-08:36:40,3,4,2.079901
538,2022-01-02-08:36:41,4,1,1.347650
539,2022-01-02-08:36:42,1,4,1.324928
540,2022-01-02-08:36:44,4,3,2.082056
541,2022-01-02-08:36:47,3,0,2.434271
542,2022-01-02-08:36:48,0,4,1.479713
543,2022-01-02-08:36:50,4,1,1.354697
544,2022-01-02-08:36:51,1,7,1.696092
545,2022-01-02-08:36:53,7,0,1.999408
546,2022-01-02-08:36:55,0,7,1.955256
547,2022-01-02-08:36:58,7,2,2.561835
548,2022-01-02-08:37:01,2,6,3.136209
549,2022-01-02-08:37:05,6,1,3.634265
550,2022-01-02-08:37:07,1,3,2.293101
551,2022-01-02-08:37:09,3,0,2.461563
552,2022-01-02-08:37:11,0,4,1.520146
553,2022-01-02-08:37:12,4,1,1.319213
554,2022-01-02-08:37:14,1,7,1.721200
555,2022-01-02-08:37:16,7,5,2.642982
556,2022-01-02-08:37:20,5,6,3.074508
557,2022-01-02-08:37:23,6,2,3.684673
558,2022-01-02-08:37:26,2,3,2.600646
559,2022-01-02-08:37:29,3,1,3.573695
560,2022-01-02-08:37:31,1,2,1.990702
561,2022-01-02-08:37:33,2,1,1.950859
562,2022-01-02-08:37:35,1,5,1.998983
563,2022-01-02-08:37:37,5,0,1.922308
564,2022-01-02-08:37:41,0,3,3.625957
565,2022-01-02-08:37:44,3,2,2.597322
566,2022-01-02-08:37:47,2,6,3.135306
567,2022-01-02-08:37:50,6,2,3.142221
568,2022-01-02-08:37:51,2,5,1.484652
569,2022-01-02-08:37:53,5,4,1.894852
570,2022-01-02-08:37:55,4,1,1.321314
571,2022-01-02-08:37:56,1,4,1.320652
572,2022-01-02-08:38:00,4,2,4.102640
573,2022-01-02-08:38:04,2,1,4.306904
574,2022-01-02-08:38:05,1,0,1.062115
575,2022-01-02-08:38:07,0,5,1.920596
576,2022-01-02-08:38:09,5,1,1.931605
577,2022-01-02-08:38:11,1,3,2.229917
578,2022-01-02-08:38:14,3,2,2.595684
579,2022-01-02-08:38:17,2,7,2.542386
580,2022-01-02-08:38:19,7,5,2.884223
581,2022-01-02-08:38:23,5,4,3.289091
582,2022-01-02-08:38:26,4,0,3.659285
583,2022-01-02-08:38:28,0,7,1.952581
584,2022-01-02-08:38:31,7,2,2.646147
585,2022-01-02-08:38:34,2,3,2.565740
586,2022-01-02-08:38:36,3,7,2.159117
587,2022-01-02-08:38:38,7,0,1.991782
588,2022-01-02-08:38:41,0,3,3.407455
589,2022-01-02-08:38:45,3,7,3.837594
590,2022-01-02-08:38:48,7,6,2.604332
591,2022-01-02-08:38:51,6,7,3.382232
592,2022-01-02-08:38:54,7,0,3.109367
593,2022-01-02-08:38:56,0,5,1.920076
594,2022-01-02-08:38:59,5,6,3.136207
595,2022-01-02-08:39:03,6,0,3.934397
596,2022-01-02-08:39:05,0,4,1.538331
597,2022-01-02-08:39:06,4,0,1.484663
598,2022-01-02-08:39:08,0,2,1.730103
599,2022-01-02-08:39:10,2,4,1.805954
600,2022-01-02-08:39:13,4,6,3.435546
601,2022-01-02-08:39:17,6,1,3.715356
602,2022-01-02-08:39:18,1,4,1.294203
603,2022-01-02-08:39:20,4,3,2.164135
604,2022-01-02-08:39:23,3,5,2.630071
605,2022-01-02-08:39:25,5,1,1.942342
606,2022-01-02-08:39:26,1,4,1.359482
607,2022-01-02-08:39:28,4,0,1.538397
608,2022-01-02-08:39:29,0,4,1.525923
609,2022-01-02-08:39:31,4,0,1.537291
610,2022-01-02-08:39:33,0,7,2.016802
611,2022-01-02-08:39:35,7,4,1.915818
612,2022-01-02-08:39:37,4,7,1.930661
613,2022-01-02-08:39:39,7,3,2.205537
614,2022-01-02-08:39:41,3,5,2.390784
615,2022-01-02-08:39:44,5,4,3.270559
616,2022-01-02-08:39:48,4,0,3.638763
617,2022-01-02-08:39:49,0,1,1.075848
618,2022-01-02-08:39:51,1,2,1.942226
619,2022-01-02-08:39:53,2,1,1.952681
620,2022-01-02-08:39:55,1,5,1.959437
621,2022-01-02-08:39:57,5,1,2.157571
622,2022-01-02-08:39:58,1,0,1.086275
623,2022-01-02-08:40:01,0,6,2.812650
624,2022-01-02-08:40:04,6,7,3.373192
625,2022-01-02-08:40:08,7,3,3.287430
626,2022-01-02-08:40:10,3,2,2.601408
627,2022-01-02-08:40:13,2,3,2.635974
628,2022-01-02-08:40:17,3,2,4.425300
629,2022-01-02-08:40:22,2,7,4.363644
630,2022-01-02-08:40:24,7,5,2.636161
631,2022-01-02-08:40:26,5,4,1.794077
632,2022-01-02-08:40:28,4,2,1.788536
633,2022-01-02-08:40:30,2,0,1.704416
634,2022-01-02-08:40:31,0,4,1.549726
635,2022-01-02-08:40:33,4,5,1.770503
636,2022-01-02-08:40:36,5,7,2.580496
637,2022-01-02-08:40:39,7,2,2.936484
638,2022-01-02-08:40:40,2,0,1.740369
639,2022-01-02-08:40:43,0,6,2.949300
640,2022-01-02-08:40:46,6,1,3.056347
641,2022-01-02-08:40:48,1,4,1.292699
642,2022-01-02-08:40:50,4,3,2.132775
643,2022-01-02-08:40:52,3,1,2.403779
644,2022-01-02-08:40:54,1,5,2.142757
645,2022-01-02-08:40:56,5,1,2.236628
646,2022-01-02-08:40:59,1,5,2.067415
647,2022-01-02-08:41:01,5,3,2.224495
648,2022-01-02-08:41:03,3,1,2.530818
649,2022-01-02-08:41:05,1,4,1.290869
650,2022-01-02-08:41:07,4,3,2.072449
651,2022-01-02-08:41:09,3,5,2.280360
652,2022-01-02-08:41:11,5,0,2.054963
653,2022-01-02-08:41:13,0,2,1.742755
654,2022-01-02-08:41:16,2,7,2.772709
655,2022-01-02-08:41:20,7,6,4.111102
656,2022-01-02-08:41:23,6,4,3.630308
657,2022-01-02-08:41:27,4,2,4.116338
658,2022-01-02-08:41:32,2,1,4.322632
659,2022-01-02-08:41:34,1,5,2.196521
660,2022-01-02-08:41:36,5,7,2.604777
661,2022-01-02-08:41:39,7,5,2.821074
662,2022-01-02-08:41:41,5,1,1.924065
663,2022-01-02-08:41:42,1,0,1.069054
664,2022-01-02-08:41:43,0,1,1.049476
665,2022-01-02-08:41:45,1,4,1.291319
666,2022-01-02-08:41:46,4,0,1.494541
667,2022-01-02-08:41:50,0,6,3.507901
668,2022-01-02-08:41:53,6,4,3.413197
669,2022-01-02-08:41:56,4,7,3.188744
670,2022-01-02-08:41:59,7,2,2.586294
671,2022-01-02-08:42:01,2,1,2.005296
672,2022-01-02-08:42:02,1,4,1.341123
673,2022-01-02-08:42:04,4,1,1.328301
674,2022-01-02-08:42:07,1,6,3.552246
675,2022-01-02-08:42:10,6,4,3.203785
676,2022-01-02-08:42:13,4,6,3.210959
677,2022-01-02-08:42:16,6,7,2.641007
678,2022-01-02-08:42:19,7,5,2.590609
679,2022-01-02-08:42:21,5,1,2.133022
680,2022-01-02-08:42:22,1,4,1.349197
681,2022-01-02-08:42:24,4,5,1.747013
682,2022-01-02-08:42:27,5,7,2.632013
683,2022-01-02-08:42:30,7,1,3.455666
684,2022-01-02-08:42:31,1,4,1.319096
685,2022-01-02-08:42:33,4,2,1.790919
686,2022-01-02-08:42:35,2,0,1.734856
687,2022-01-02-08:42:38,0,6,3.511920
688,2022-01-02-08:42:42,6,3,3.376107
689,2022-01-02-08:42:44,3,4,2.271389
690,2022-01-02-08:42:46,4,2,1.856728
691,2022-01-02-08:42:48,2,4,1.826774
692,2022-01-02-08:42:51,4,5,3.509513
693,2022-01-02-08:42:54,5,6,2.739876
694,2022-01-02-08:42:57,6,7,3.385053
695,2022-01-02-08:43:01,7,3,3.341224
696,2022-01-02-08:43:03,3,2,2.573410
697,2022-01-02-08:43:06,2,7,2.612759
698,2022-01-02-08:43:08,7,3,2.199636
699,2022-01-02-08:43:11,3,7,3.300756
700,2022-01-02-08:43:14,7,6,2.591705
701,2022-01-02-08:43:18,6,3,3.735162
702,2022-01-02-08:43:21,3,7,3.247747
703,2022-01-02-08:43:24,7,6,2.569572
704,2022-01-02-08:43:27,6,0,3.631892
705,2022-01-02-08:43:29,0,4,1.523020
706,2022-01-02-08:43:32,4,6,3.449367
707,2022-01-02-08:43:35,6,5,3.134514
708,2022-01-02-08:43:37,5,0,2.015213
709,2022-01-02-08:43:39,0,4,1.521832
710,2022-01-02-08:43:41,4,7,1.865692
711,2022-01-02-08:43:43,7,5,2.597734
712,2022-01-02-08:43:46,5,6,2.743762
713,2022-01-02-08:43:49,6,1,2.854818
714,2022-01-02-08:43:51,1,3,2.299344
715,2022-01-02-08:43:53,3,1,2.250000
716,2022-01-02-08:43:55,1,7,1.681037
717,2022-01-02-08:43:59,7,3,3.846226
718,2022-01-02-08:44:02,3,5,3.100097
719,2022-01-02-08:44:05,5,7,2.562065
720,2022-01-02-08:44:07,7,5,2.662043
721,2022-01-02-08:44:09,5,1,1.926103
722,2022-01-02-08:44:11,1,4,1.318549
723,2022-01-02-08:44:12,4,5,1.764845
724,2022-01-02-08:44:14,5,1,2.031033
725,2022-01-02-08:44:16,1,2,1.960384
726,2022-01-02-08:44:20,2,6,3.234652
727,2022-01-02-08:44:23,6,3,3.845996
728,2022-01-02-08:44:26,3,5,2.425076
729,2022-01-02-08:44:29,5,2,3.697507
730,2022-01-02-08:44:33,2,0,3.909302
731,2022-01-02-08:44:36,0,6,2.836906
732,2022-01-02-08:44:38,6,3,2.055714
733,2022-01-02-08:44:40,3,4,2.119450
734,2022-01-02-08:44:42,4,0,1.489152
735,2022-01-02-08:44:43,0,4,1.498473
736,2022-01-02-08:44:45,4,1,1.324116
737,2022-01-02-08:44:48,1,6,3.606797
738,2022-01-02-08:44:52,6,5,3.232391
739,2022-01-02-08:44:53,5,4,1.814047
740,2022-01-02-08:44:57,4,6,3.445135
741,2022-01-02-08:44:59,6,7,2.594960
742,2022-01-02-08:45:02,7,0,3.076395
743,2022-01-02-08:45:05,0,3,2.425502
744,2022-01-02-08:45:07,3,6,2.050819
745,2022-01-02-08:45:10,6,5,2.706597
746,2022-01-02-08:45:13,5,6,3.216524
747,2022-01-02-08:45:16,6,2,3.098758
748,2022-01-02-08:45:19,2,7,2.582784
749,2022-01-02-08:45:21,7,5,2.657612
750,2022-01-02-08:45:24,5,3,3.041721
751,2022-01-02-08:45:28,3,4,3.433689
752,2022-01-02-08:45:31,4,6,3.437579
753,2022-01-02-08:45:35,6,7,4.152512
754,2022-01-02-08:45:38,7,5,2.628771
755,2022-01-02-08:45:40,5,1,2.012614
756,2022-01-02-08:45:41,1,4,1.320991
757,2022-01-02-08:45:43,4,0,1.532258
758,2022-01-02-08:45:45,0,5,1.966596
759,2022-01-02-08:45:48,5,2,3.701134
760,2022-01-02-08:45:52,2,7,3.054325
761,2022-01-02-08:45:55,7,2,3.011797
762,2022-01-02-08:45:58,2,7,3.023631
763,2022-01-02-08:46:01,7,3,3.293094
764,2022-01-02-08:46:05,3,2,4.463760
765,2022-01-02-08:46:10,2,7,4.373146
766,2022-01-02-08:46:12,7,4,1.887739
767,2022-01-02-08:46:13,4,7,1.907154
768,2022-01-02-08:46:16,7,6,2.573914
769,2022-01-02-08:46:18,6,3,2.031863
770,2022-01-02-08:46:20,3,6,2.032537
771,2022-01-02-08:46:23,6,5,2.690332
772,2022-01-02-08:46:26,5,3,3.215330
773,2022-01-02-08:46:29,3,2,3.013805
774,2022-01-02-08:46:31,2,1,1.958890
775,2022-01-02-08:46:32,1,4,1.345733
776,2022-01-02-08:46:34,4,1,1.318387
777,2022-01-02-08:46:36,1,5,1.950291
778,2022-01-02-08:46:38,5,7,2.573941
779,2022-01-02-08:46:41,7,6,2.607491
780,2022-01-02-08:46:44,6,1,3.622394
781,2022-01-02-08:46:46,1,5,2.039024
782,2022-01-02-08:46:48,5,2,1.740448
783,2022-01-02-08:46:51,2,3,2.723520
784,2022-01-02-08:46:53,3,6,2.021891
785,2022-01-02-08:46:56,6,4,2.794391
786,2022-01-02-08:46:59,4,6,3.472867
787,2022-01-02-08:47:02,6,2,3.126174
788,2022-01-02-08:47:06,2,5,3.784577
789,2022-01-02-08:47:08,5,3,2.202231
790,2022-01-02-08:47:10,3,6,2.024045
791,2022-01-02-08:47:13,6,4,2.662961
792,2022-01-02-08:47:15,4,0,1.549740
793,2022-01-02-08:47:17,0,7,2.043676
794,2022-01-02-08:47:19,7,5,2.590431
795,2022-01-02-08:47:21,5,4,2.256800
796,2022-01-02-08:47:25,4,6,3.432675
797,2022-01-02-08:47:28,6,0,3.574126
798,2022-01-02-08:47:31,0,3,2.328865
799,2022-01-02-08:47:33,3,4,2.117394
800,2022-01-02-08:47:35,4,3,2.080086
801,2022-01-02-08:47:38,3,7,3.279041
802,2022-01-02-08:47:41,7,5,2.665454
803,2022-01-02-08:47:44,5,7,2.590314
804,2022-01-02-08:47:47,7,1,3.300168
805,2022-01-02-08:47:48,1,0,1.160327
806,2022-01-02-08:47:50,0,2,1.825979
807,2022-01-02-08:47:53,2,3,3.127974
808,2022-01-02-08:47:56,3,0,3.463902
809,2022-01-02-08:47:57,0,1,1.059077
810,2022-01-02-08:48:00,1,5,2.133377
811,2022-01-02-08:48:01,5,2,1.558510
812,2022-01-02-08:48:04,2,3,2.831722
813,2022-01-02-08:48:06,3,4,2.096341
814,2022-01-02-08:48:08,4,7,1.876301
815,2022-01-02-08:48:12,7,6,4.020628
816,2022-01-02-08:48:15,6,7,2.626929
817,2022-01-02-08:48:18,7,4,3.640833
818,2022-01-02-08:48:20,4,3,2.150776
819,2022-01-02-08:48:24,3,0,3.317172
820,2022-01-02-08:48:25,0,4,1.550274
821,2022-01-02-08:48:28,4,2,2.343999
822,2022-01-02-08:48:31,2,6,3.104911
823,2022-01-02-08:48:33,6,3,2.018401
824,2022-01-02-08:48:37,3,2,4.241918
825,2022-01-02-08:48:41,2,6,4.178638
826,2022-01-02-08:48:44,6,4,2.854820
827,2022-01-02-08:48:46,4,0,1.523073
828,2022-01-02-08:48:47,0,2,1.750397
829,2022-01-02-08:48:50,2,3,3.113009
830,2022-01-02-08:48:54,3,0,3.391100
831,2022-01-02-08:48:56,0,5,2.052236
832,2022-01-02-08:48:58,5,7,2.604063
833,2022-01-02-08:49:01,7,5,2.973863
834,2022-01-02-08:49:05,5,2,3.700599
835,2022-01-02-08:49:10,2,7,4.648916
836,2022-01-02-08:49:12,7,0,2.226094
837,2022-01-02-08:49:15,0,6,2.957621
838,2022-01-02-08:49:18,6,7,2.711499
839,2022-01-02-08:49:20,7,3,2.254391
840,2022-01-02-08:49:23,3,2,2.687813
841,2022-01-02-08:49:25,2,1,2.099134
842,2022-01-02-08:49:26,1,0,1.111874
843,2022-01-02-08:49:29,0,7,3.153187
844,2022-01-02-08:49:32,7,1,3.301663
845,2022-01-02-08:49:34,1,4,1.317937
846,2022-01-02-08:49:36,4,3,2.098623
847,2022-01-02-08:49:40,3,2,4.311335
848,2022-01-02-08:49:44,2,7,4.340148
849,2022-01-02-08:49:49,7,2,4.403517
850,2022-01-02-08:49:53,2,5,3.768861
851,2022-01-02-08:49:55,5,3,2.327118
852,2022-01-02-08:49:57,3,5,2.229486
853,2022-01-02-08:49:59,5,4,1.817543
854,2022-01-02-08:50:01,4,7,1.828324
855,2022-01-02-08:50:03,7,6,2.604015
856,2022-01-02-08:50:07,6,7,3.296178
857,2022-01-02-08:50:10,7,0,3.054296
858,2022-01-02-08:50:13,0,6,3.485007
859,2022-01-02-08:50:17,6,0,3.544361
860,2022-01-02-08:50:18,0,1,1.046535
861,2022-01-02-08:50:20,1,2,1.968350
862,2022-01-02-08:50:21,2,0,1.723951
863,2022-01-02-08:50:24,0,6,2.829776
864,2022-01-02-08:50:27,6,0,2.837518
865,2022-01-02-08:50:29,0,4,1.619193
866,2022-01-02-08:50:31,4,5,1.797761
867,2022-01-02-08:50:32,5,1,1.957648
868,2022-01-02-08:50:34,1,5,1.942045
869,2022-01-02-08:50:37,5,7,2.571872
870,2022-01-02-08:50:40,7,2,3.062464
871,2022-01-02-08:50:44,2,6,4.076051
872,2022-01-02-08:50:47,6,0,2.964594
873,2022-01-02-08:50:49,0,4,1.521510
874,2022-01-02-08:50:50,4,1,1.322767
875,2022-01-02-08:50:53,1,6,2.772137
876,2022-01-02-08:50:55,6,1,2.651400
877,2022-01-02-08:50:57,1,4,1.330331
878,2022-01-02-08:51:00,4,6,3.475196
879,2022-01-02-08:51:04,6,0,3.444520
880,2022-01-02-08:51:06,0,5,1.944724
881,2022-01-02-08:51:07,5,2,1.526490
882,2022-01-02-08:51:09,2,5,1.531094
883,2022-01-02-08:51:11,5,3,2.244292
884,2022-01-02-08:51:14,3,2,2.643624
885,2022-01-02-08:51:17,2,6,3.096010
886,2022-01-02-08:51:20,6,1,3.703640
887,2022-01-02-08:51:22,1,4,1.312518
888,2022-01-02-08:51:23,4,0,1.512359
889,2022-01-02-08:51:25,0,3,2.349767
890,2022-01-02-08:51:27,3,6,1.966072
891,2022-01-02-08:51:30,6,1,2.669063
892,2022-01-02-08:51:34,1,3,3.445221
893,2022-01-02-08:51:37,3,7,3.850380
894,2022-01-02-08:51:40,7,2,2.633064
895,2022-01-02-08:51:43,2,3,3.149428
896,2022-01-02-08:51:46,3,5,3.110316
897,2022-01-02-08:51:50,5,3,3.244968
898,2022-01-02-08:51:53,3,0,3.309663
899,2022-01-02-08:51:55,0,2,1.770489
900,2022-01-02-08:51:56,2,5,1.539102
901,2022-01-02-08:51:59,5,6,3.107227
902,2022-01-02-08:52:03,6,1,3.709958
903,2022-01-02-08:52:06,1,6,2.734534
904,2022-01-02-08:52:08,6,1,2.723994
905,2022-01-02-08:52:10,1,7,1.717300
906,2022-01-02-08:52:12,7,4,1.860300
907,2022-01-02-08:52:14,4,0,1.521626
908,2022-01-02-08:52:15,0,1,1.053855
909,2022-01-02-08:52:16,1,0,1.036411
910,2022-01-02-08:52:17,0,2,1.761925
911,2022-01-02-08:52:20,2,7,2.604218
912,2022-01-02-08:52:23,7,2,2.699803
913,2022-01-02-08:52:24,2,0,1.732314
914,2022-01-02-08:52:28,0,3,3.396781
915,2022-01-02-08:52:31,3,6,3.149462
916,2022-01-02-08:52:34,6,0,3.460870
917,2022-01-02-08:52:36,0,7,2.040155
918,2022-01-02-08:52:41,7,4,4.043730
919,2022-01-02-08:52:44,4,0,3.646074
920,2022-01-02-08:52:45,0,1,1.129335
921,2022-01-02-08:52:46,1,0,1.066709
922,2022-01-02-08:52:48,0,2,1.739514
923,2022-01-02-08:52:50,2,4,1.762953
924,2022-01-02-08:52:52,4,2,1.768563
925,2022-01-02-08:52:54,2,7,2.580686
926,2022-01-02-08:52:57,7,2,2.546658
927,2022-01-02-08:52:59,2,4,1.762581
928,2022-01-02-08:53:01,4,3,2.032606
929,2022-01-02-08:53:04,3,7,3.373398
930,2022-01-02-08:53:07,7,1,3.436276
931,2022-01-02-08:53:11,1,3,3.474737
932,2022-01-02-08:53:14,3,6,3.062548
933,2022-01-02-08:53:18,6,0,3.594234
934,2022-01-02-08:53:19,0,5,1.962738
935,2022-01-02-08:53:23,5,4,3.351031
936,2022-01-02-08:53:25,4,3,2.140657
937,2022-01-02-08:53:28,3,1,3.451641
938,2022-01-02-08:53:30,1,2,2.000665
939,2022-01-02-08:53:33,2,3,3.016446
940,2022-01-02-08:53:37,3,1,3.438943
941,2022-01-02-08:53:39,1,5,1.926456
942,2022-01-02-08:53:42,5,3,3.107000
943,2022-01-02-08:53:45,3,2,3.011258
944,2022-01-02-08:53:47,2,1,1.988788
945,2022-01-02-08:53:49,1,2,1.956156
946,2022-01-02-08:53:51,2,0,1.733657
947,2022-01-02-08:53:53,0,5,1.981929
948,2022-01-02-08:53:55,5,3,2.192979
949,2022-01-02-08:53:58,3,7,3.302951
950,2022-01-02-08:54:01,7,3,3.287544
951,2022-01-02-08:54:04,3,5,2.421878
952,2022-01-02-08:54:07,5,6,2.711768
953,2022-01-02-08:54:09,6,5,2.834188
954,2022-01-02-08:54:12,5,6,3.140729
955,2022-01-02-08:54:15,6,7,2.577575
956,2022-01-02-08:54:18,7,5,2.666871
957,2022-01-02-08:54:20,5,1,1.923341
958,2022-01-02-08:54:21,1,0,1.093917
959,2022-01-02-08:54:24,0,6,3.515417
960,2022-01-02-08:54:28,6,1,3.569107
961,2022-01-02-08:54:30,1,7,1.706562
962,2022-01-02-08:54:32,7,3,2.130078
963,2022-01-02-08:54:34,3,2,2.547557
964,2022-01-02-08:54:36,2,5,1.519237
965,2022-01-02-08:54:37,5,2,1.531758
966,2022-01-02-08:54:39,2,1,2.012182
967,2022-01-02-08:54:40,1,0,1.027012
968,2022-01-02-08:54:42,0,4,1.502833
969,2022-01-02-08:54:44,4,3,2.171923
970,2022-01-02-08:54:46,3,1,2.291748
971,2022-01-02-08:54:48,1,7,1.729809
972,2022-01-02-08:54:51,7,6,2.633177
973,2022-01-02-08:54:55,6,2,4.099830
974,2022-01-02-08:54:59,2,1,4.187203
975,2022-01-02-08:55:02,1,6,2.850590
976,2022-01-02-08:55:04,6,5,2.655044
977,2022-01-02-08:55:06,5,1,1.978528
978,2022-01-02-08:55:08,1,7,1.718969
979,2022-01-02-08:55:10,7,4,1.934206
980,2022-01-02-08:55:14,4,6,3.449931
981,2022-01-02-08:55:18,6,7,4.017232
982,2022-01-02-08:55:19,7,4,1.941285
983,2022-01-02-08:55:22,4,3,2.101296
984,2022-01-02-08:55:24,3,0,2.366700
985,2022-01-02-08:55:27,0,6,3.512304
986,2022-01-02-08:55:31,6,1,3.525081
987,2022-01-02-08:55:33,1,5,2.039359
988,2022-01-02-08:55:37,5,2,3.652546
989,2022-01-02-08:55:39,2,3,2.661787
990,2022-01-02-08:55:43,3,0,3.383610
991,2022-01-02-08:55:44,0,2,1.731807
992,2022-01-02-08:55:46,2,4,1.842992
993,2022-01-02-08:55:50,4,6,3.544641
994,2022-01-02-08:55:53,6,5,3.141994
995,2022-01-02-08:55:57,5,2,3.740289
996,2022-01-02-08:56:01,2,1,4.257979
997,2022-01-02-08:56:05,1,6,3.675363
998,2022-01-02-08:56:07,6,7,2.707868
999,2022-01-02-08:56:11,7,1,3.354432
1000,2022-01-02-08:56:13,1,6,2.649458
1001,2022-01-02-08:56:15,6,3,1.941780
1002,2022-01-02-08:56:20,3,2,4.223865
1003,2022-01-02-08:56:21,2,4,1.830446
1004,2022-01-02-08:56:25,4,7,3.306921
1005,2022-01-02-08:56:28,7,3,3.276289
1006,2022-01-02-08:56:30,3,5,2.168601
1007,2022-01-02-08:56:33,5,1,2.401507
1008,2022-01-02-08:56:34,1,0,1.073988
1009,2022-01-02-08:56:36,0,3,2.443186
1010,2022-01-02-08:56:39,3,1,2.526259
1011,2022-01-02-08:56:40,1,0,1.086326
1012,2022-01-02-08:56:41,0,1,1.132028
1013,2022-01-02-08:56:42,1,7,1.704142
1014,2022-01-02-08:56:45,7,5,2.705410
1015,2022-01-02-08:56:48,5,7,2.591904
1016,2022-01-02-08:56:50,7,2,2.666071
1017,2022-01-02-08:56:52,2,0,1.776732
1018,2022-01-02-08:56:54,0,2,1.707992
1019,2022-01-02-08:56:55,2,5,1.526644
1020,2022-01-02-08:56:57,5,4,1.771221
1021,2022-01-02-08:56:59,4,3,2.167718
1022,2022-01-02-08:57:02,3,4,2.129023
1023,2022-01-02-08:57:04,4,3,2.139524
1024,2022-01-02-08:57:07,3,7,3.244786
1025,2022-01-02-08:57:10,7,6,2.605533
1026,2022-01-02-08:57:13,6,4,3.535330
1027,2022-01-02-08:57:15,4,0,1.542165
1028,2022-01-02-08:57:16,0,1,1.051716
1029,2022-01-02-08:57:18,1,3,2.317619
1030,2022-01-02-08:57:20,3,5,2.246404
1031,2022-01-02-08:57:22,5,4,1.817233
1032,2022-01-02-08:57:23,4,1,1.341739
1033,2022-01-02-08:57:24,1,0,1.100282
1034,2022-01-02-08:57:26,0,7,1.920922
1035,2022-01-02-08:57:28,7,4,1.911220
1036,2022-01-02-08:57:30,4,3,2.096771
1037,2022-01-02-08:57:33,3,4,2.089049
1038,2022-01-02-08:57:34,4,0,1.536087
1039,2022-01-02-08:57:36,0,5,1.898225
1040,2022-01-02-08:57:39,5,4,3.357538
1041,2022-01-02-08:57:43,4,5,3.460080
1042,2022-01-02-08:57:46,5,6,3.064164
1043,2022-01-02-08:57:48,6,7,2.648857
1044,2022-01-02-08:57:51,7,5,2.669395
1045,2022-01-02-08:57:53,5,3,2.244722
1046,2022-01-02-08:57:57,3,7,3.239119
1047,2022-01-02-08:57:59,7,5,2.840617
1048,2022-01-02-08:58:02,5,3,2.151186
1049,2022-01-02-08:58:04,3,4,2.142813
1050,2022-01-02-08:58:06,4,5,1.797200
1051,2022-01-02-08:58:09,5,6,3.070317
1052,2022-01-02-08:58:12,6,5,3.139793
1053,2022-01-02-08:58:14,5,0,1.939579
1054,2022-01-02-08:58:17,0,6,3.493252
1055,2022-01-02-08:58:21,6,3,3.766338
1056,2022-01-02-08:58:23,3,6,2.039839
1057,2022-01-02-08:58:26,6,2,3.020054
1058,2022-01-02-08:58:28,2,4,1.791996
1059,2022-01-02-08:58:30,4,5,1.718421
1060,2022-01-02-08:58:33,5,3,3.034554
1061,2022-01-02-08:58:36,3,7,3.839569
1062,2022-01-02-08:58:39,7,3,2.202885
1063,2022-01-02-08:58:43,3,2,4.304757
1064,2022-01-02-08:58:45,2,4,1.842996
1065,2022-01-02-08:58:49,4,1,3.838552
1066,2022-01-02-08:58:50,1,7,1.733139
1067,2022-01-02-08:58:52,7,1,1.731604
1068,2022-01-02-08:58:54,1,3,2.287032
1069,2022-01-02-08:58:59,3,2,4.266539
1070,2022-01-02-08:59:03,2,6,4.145925
1071,2022-01-02-08:59:06,6,0,3.118573
1072,2022-01-02-08:59:08,0,4,1.686531
1073,2022-01-02-08:59:11,4,6,3.549466
1074,2022-01-02-08:59:15,6,3,3.762421
1075,2022-01-02-08:59:17,3,4,2.090487
1076,2022-01-02-08:59:18,4,1,1.378645
1077,2022-01-02-08:59:21,1,3,2.230838
1078,2022-01-02-08:59:23,3,2,2.786166
1079,2022-01-02-08:59:25,2,1,2.020441
1080,2022-01-02-08:59:27,1,2,1.964796
1081,2022-01-02-08:59:30,2,7,2.601063
1082,2022-01-02-08:59:33,7,6,2.558417
1083,2022-01-02-08:59:36,6,5,3.138636
1084,2022-01-02-08:59:38,5,4,1.906266
1085,2022-01-02-08:59:39,4,1,1.342335
1086,2022-01-02-08:59:41,1,7,1.736913
1087,2022-01-02-08:59:45,7,2,4.486618
1088,2022-01-02-08:59:49,2,0,4.023080
1089,2022-01-02-08:59:51,0,5,1.885023
1090,2022-01-02-08:59:53,5,4,1.792176
1091,2022-01-02-08:59:54,4,1,1.340696
1092,2022-01-02-08:59:56,1,4,1.368941
1093,2022-01-02-08:59:57,4,5,1.791246
1094,2022-01-02-08:59:59,5,0,2.033456
1095,2022-01-02-09:00:01,0,7,1.911278
1096,2022-01-02-09:00:04,7,2,2.616892
1097,2022-01-02-09:00:06,2,0,1.756165
1098,2022-01-02-09:00:08,0,5,2.075094
1099,2022-01-02-09:00:11,5,4,3.284119
1100,2022-01-02-09:00:15,4,0,3.611132
1101,2022-01-02-09:00:17,0,5,1.891970
1102,2022-01-02-09:00:18,5,0,1.966454
1103,2022-01-02-09:00:20,0,2,1.794793
1104,2022-01-02-09:00:22,2,4,1.765685
1105,2022-01-02-09:00:26,4,2,4.095835
1106,2022-01-02-09:00:29,2,6,3.111719
1107,2022-01-02-09:00:33,6,0,3.545422
1108,2022-01-02-09:00:36,0,6,3.522283
1109,2022-01-02-09:00:40,6,3,3.714535
1110,2022-01-02-09:00:43,3,7,3.341833
1111,2022-01-02-09:00:47,7,4,3.129565
1112,2022-01-02-09:00:48,4,1,1.334584
1113,2022-01-02-09:00:49,1,4,1.330328
1114,2022-01-02-09:00:53,4,6,3.454403
1115,2022-01-02-09:00:56,6,2,3.188026
1116,2022-01-02-09:01:00,2,5,3.740235
1117,2022-01-02-09:01:02,5,0,1.944285
1118,2022-01-02-09:01:04,0,3,2.445048
1119,2022-01-02-09:01:06,3,4,2.095884
1120,2022-01-02-09:01:08,4,5,1.770205
1121,2022-01-02-09:01:10,5,3,2.240738
1122,2022-01-02-09:01:12,3,4,2.123535
1123,2022-01-02-09:01:16,4,2,4.195669
1124,2022-01-02-09:01:21,2,3,4.192654
1125,2022-01-02-09:01:23,3,2,2.709138
1126,2022-01-02-09:01:26,2,6,3.119535
1127,2022-01-02-09:01:30,6,3,3.662474
1128,2022-01-02-09:01:33,3,2,2.908219
1129,2022-01-02-09:01:35,2,1,1.960296
1130,2022-01-02-09:01:36,1,4,1.312477
1131,2022-01-02-09:01:38,4,0,1.507675
1132,2022-01-02-09:01:39,0,4,1.546127
1133,2022-01-02-09:01:41,4,3,2.063824
1134,2022-01-02-09:01:43,3,4,2.077753
1135,2022-01-02-09:01:45,4,1,1.330650
1136,2022-01-02-09:01:47,1,3,2.251058
1137,2022-01-02-09:01:49,3,5,2.468166
1138,2022-01-02-09:01:52,5,6,2.707580
1139,2022-01-02-09:01:55,6,1,2.709523
1140,2022-01-02-09:01:58,1,3,3.513955
1141,2022-01-02-09:02:01,3,2,3.048777
1142,2022-01-02-09:02:04,2,3,2.611109
1143,2022-01-02-09:02:06,3,0,2.392707
1144,2022-01-02-09:02:08,0,7,1.963177
1145,2022-01-02-09:02:11,7,2,2.618878
1146,2022-01-02-09:02:13,2,4,1.750863
1147,2022-01-02-09:02:16,4,6,3.515202
1148,2022-01-02-09:02:20,6,3,3.854810
1149,2022-01-02-09:02:22,3,6,1.998446
1150,2022-01-02-09:02:25,6,5,2.745959
1151,2022-01-02-09:02:28,5,7,2.606797
1152,2022-01-02-09:02:30,7,6,2.652107
1153,2022-01-02-09:02:33,6,5,3.139352
1154,2022-01-02-09:02:35,5,4,1.862673
1155,2022-01-02-09:02:37,4,2,1.816829
1156,2022-01-02-09:02:40,2,7,2.663715
1157,2022-01-02-09:02:43,7,3,3.332244
1158,2022-01-02-09:02:45,3,6,2.033193
1159,2022-01-02-09:02:48,6,4,2.744182
1160,2022-01-02-09:02:49,4,1,1.331469
1161,2022-01-02-09:02:50,1,0,1.106093
1162,2022-01-02-09:02:52,0,2,1.727387
1163,2022-01-02-09:02:55,2,3,2.736103
1164,2022-01-02-09:02:57,3,5,2.268660
1165,2022-01-02-09:02:59,5,0,1.998100
1166,2022-01-02-09:03:01,0,7,2.074660
1167,2022-01-02-09:03:04,7,5,3.154667
1168,2022-01-02-09:03:06,5,1,1.937168
1169,2022-01-02-09:03:08,1,2,2.013978
1170,2022-01-02-09:03:10,2,4,1.815300
1171,2022-01-02-09:03:12,4,7,1.912382
1172,2022-01-02-09:03:15,7,5,2.682353
1173,2022-01-02-09:03:17,5,3,2.230784
1174,2022-01-02-09:03:19,3,5,2.426529
1175,2022-01-02-09:03:22,5,7,2.568212
1176,2022-01-02-09:03:25,7,0,3.096493
1177,2022-01-02-09:03:27,0,2,1.720163
1178,2022-01-02-09:03:28,2,0,1.763896
1179,2022-01-02-09:03:30,0,4,1.548356
1180,2022-01-02-09:03:32,4,3,2.075356
1181,2022-01-02-09:03:34,3,5,2.353949
1182,2022-01-02-09:03:36,5,2,1.650733
1183,2022-01-02-09:03:39,2,7,2.554250
1184,2022-01-02-09:03:41,7,5,2.762429
1185,2022-01-02-09:03:44,5,3,2.311292
1186,2022-01-02-09:03:46,3,7,2.131387
1187,2022-01-02-09:03:48,7,2,2.613963
1188,2022-01-02-09:03:51,2,7,2.540557
1189,2022-01-02-09:03:54,7,0,3.157516
1190,2022-01-02-09:03:56,0,5,1.974819
1191,2022-01-02-09:03:58,5,2,1.523246
1192,2022-01-02-09:03:59,2,4,1.803035
1193,2022-01-02-09:04:01,4,3,2.136067
1194,2022-01-02-09:04:05,3,7,3.304552
1195,2022-01-02-09:04:07,7,5,2.660647
1196,2022-01-02-09:04:10,5,6,2.734796
1197,2022-01-02-09:04:13,6,4,2.738078
1198,2022-01-02-09:04:15,4,5,1.771538
1199,2022-01-02-09:04:17,5,7,2.632725
1200,2022-01-02-09:04:21,7,1,3.595764
1201,2022-01-02-09:04:23,1,2,1.956786
1202,2022-01-02-09:04:26,2,7,2.704715
1203,2022-01-02-09:04:28,7,0,2.035375
1204,2022-01-02-09:04:31,0,6,3.570932
1205,2022-01-02-09:04:35,6,5,3.469331
1206,2022-01-02-09:04:37,5,1,2.065624
1207,2022-01-02-09:04:39,1,2,1.999366
1208,2022-01-02-09:04:40,2,0,1.731156
1209,2022-01-02-09:04:44,0,6,3.602424
1210,2022-01-02-09:04:48,6,7,4.052523
1211,2022-01-02-09:04:50,7,0,2.002364
1212,2022-01-02-09:04:52,0,2,1.741426
1213,2022-01-02-09:04:53,2,5,1.534660
1214,2022-01-02-09:04:57,5,2,3.806706
1215,2022-01-02-09:05:01,2,6,4.122109
1216,2022-01-02-09:05:06,6,2,4.227797
1217,2022-01-02-09:05:10,2,3,4.671281
1218,2022-01-02-09:05:12,3,6,2.048107
1219,2022-01-02-09:05:14,6,3,2.041750
1220,2022-01-02-09:05:16,3,4,2.111652
1221,2022-01-02-09:05:18,4,0,1.550065
1222,2022-01-02-09:05:21,0,6,3.512817
1223,2022-01-02-09:05:25,6,1,3.589351
1224,2022-01-02-09:05:27,1,5,2.029529
1225,2022-01-02-09:05:31,5,4,3.464458
1226,2022-01-02-09:05:34,4,6,3.307654
1227,2022-01-02-09:05:38,6,7,4.049921
1228,2022-01-02-09:05:41,7,2,2.641835
1229,2022-01-02-09:05:42,2,0,1.781942
1230,2022-01-02-09:05:45,0,3,2.480128
1231,2022-01-02-09:05:47,3,1,2.328790
1232,2022-01-02-09:05:49,1,3,2.291062
1233,2022-01-02-09:05:52,3,5,2.275948
1234,2022-01-02-09:05:55,5,4,3.445301
1235,2022-01-02-09:05:59,4,6,3.737944
1236,2022-01-02-09:06:02,6,4,2.908203
1237,2022-01-02-09:06:04,4,5,1.766991
1238,2022-01-02-09:06:06,5,3,2.349996
1239,2022-01-02-09:06:09,3,0,2.654452
1240,2022-01-02-09:06:11,0,7,1.929972
1241,2022-01-02-09:06:13,7,3,2.223369
1242,2022-01-02-09:06:15,3,4,2.132554
1243,2022-01-02-09:06:17,4,5,1.803232
1244,2022-01-02-09:06:20,5,4,3.319937
1245,2022-01-02-09:06:22,4,3,2.151815
1246,2022-01-02-09:06:25,3,2,3.012574
1247,2022-01-02-09:06:28,2,3,3.005579
1248,2022-01-02-09:06:32,3,0,3.338384
1249,2022-01-02-09:06:33,0,4,1.561297
1250,2022-01-02-09:06:37,4,2,4.270928
1251,2022-01-02-09:06:40,2,7,2.992080
1252,2022-01-02-09:06:43,7,6,2.601883
1253,2022-01-02-09:06:47,6,1,3.615921
1254,2022-01-02-09:06:49,1,2,2.003556
1255,2022-01-02-09:06:50,2,0,1.756386
1256,2022-01-02-09:06:52,0,5,1.972519
1257,2022-01-02-09:06:55,5,7,2.616980
1258,2022-01-02-09:06:58,7,1,3.289293
1259,2022-01-02-09:07:02,1,6,3.613813
1260,2022-01-02-09:07:05,6,1,3.624432
1261,2022-01-02-09:07:08,1,6,2.742927
1262,2022-01-02-09:07:10,6,3,2.069078
1263,2022-01-02-09:07:13,3,0,2.470096
1264,2022-01-02-09:07:15,0,5,1.927961
1265,2022-01-02-09:07:18,5,2,3.632114
1266,2022-01-02-09:07:22,2,5,3.719392
1267,2022-01-02-09:07:25,5,7,2.633180
1268,2022-01-02-09:07:28,7,3,3.345658
1269,2022-01-02-09:07:30,3,0,2.445954
1270,2022-01-02-09:07:32,0,2,1.773744
1271,2022-01-02-09:07:34,2,0,1.729247
1272,2022-01-02-09:07:36,0,7,1.925342
1273,2022-01-02-09:07:38,7,0,1.958420
1274,2022-01-02-09:07:41,0,3,2.900023
1275,2022-01-02-09:07:44,3,7,3.329169
1276,2022-01-02-09:07:47,7,6,2.593050
1277,2022-01-02-09:07:50,6,5,3.221129
1278,2022-01-02-09:07:52,5,1,2.129207
1279,2022-01-02-09:07:56,1,6,3.666898
1280,2022-01-02-09:07:59,6,3,3.259740
1281,2022-01-02-09:08:02,3,4,3.428479
1282,2022-01-02-09:08:06,4,6,3.416193
1283,2022-01-02-09:08:09,6,5,3.394562
1284,2022-01-02-09:08:12,5,3,3.012523
1285,2022-01-02-09:08:15,3,5,3.118226
1286,2022-01-02-09:08:17,5,2,1.603393
1287,2022-01-02-09:08:20,2,7,2.653272
1288,2022-01-02-09:08:21,7,4,1.893231
1289,2022-01-02-09:08:23,4,0,1.520892
1290,2022-01-02-09:08:25,0,4,1.563872
1291,2022-01-02-09:08:28,4,6,3.453940
1292,2022-01-02-09:08:32,6,1,3.565551
1293,2022-01-02-09:08:34,1,2,2.008531
1294,2022-01-02-09:08:37,2,6,3.046132
1295,2022-01-02-09:08:39,6,5,2.715494
1296,2022-01-02-09:08:41,5,1,1.993685
1297,2022-01-02-09:08:43,1,2,2.014361
1298,2022-01-02-09:08:46,2,6,3.086586
1299,2022-01-02-09:08:50,6,1,3.572134
1300,2022-01-02-09:08:51,1,4,1.380600
1301,2022-01-02-09:08:53,4,3,2.098076
1302,2022-01-02-09:08:56,3,4,2.148741
1303,2022-01-02-09:08:59,4,6,3.462664
1304,2022-01-02-09:09:02,6,5,3.283670
1305,2022-01-02-09:09:05,5,7,2.671933
1306,2022-01-02-09:09:08,7,1,3.418168
1307,2022-01-02-09:09:10,1,0,1.132443
1308,2022-01-02-09:09:12,0,7,1.960371
1309,2022-01-02-09:09:14,7,3,2.194800
1310,2022-01-02-09:09:18,3,2,4.291270
1311,2022-01-02-09:09:21,2,6,3.115318
1312,2022-01-02-09:09:25,6,0,3.753001
1313,2022-01-02-09:09:28,0,6,3.562935
1314,2022-01-02-09:09:33,6,7,4.143202
1315,2022-01-02-09:09:35,7,2,2.601219
1316,2022-01-02-09:09:38,2,3,2.584833
1317,2022-01-02-09:09:40,3,0,2.407301
1318,2022-01-02-09:09:42,0,5,1.944456
1319,2022-01-02-09:09:44,5,1,2.064658
1320,2022-01-02-09:09:46,1,4,1.330270
1321,2022-01-02-09:09:48,4,3,2.075098
1322,2022-01-02-09:09:50,3,1,2.236212
1323,2022-01-02-09:09:52,1,7,1.767758
1324,2022-01-02-09:09:54,7,4,1.956504
1325,2022-01-02-09:09:55,4,7,1.914999
1326,2022-01-02-09:09:58,7,5,2.689075
1327,2022-01-02-09:10:01,5,7,2.637414
1328,2022-01-02-09:10:04,7,3,3.216267
1329,2022-01-02-09:10:06,3,6,2.042620
1330,2022-01-02-09:10:10,6,2,4.164168
1331,2022-01-02-09:10:15,2,7,4.373255
1332,2022-01-02-09:10:17,7,2,2.662009
1333,2022-01-02-09:10:21,2,6,3.284613
1334,2022-01-02-09:10:24,6,5,3.145383
1335,2022-01-02-09:10:26,5,7,2.650694
1336,2022-01-02-09:10:30,7,1,3.387227
1337,2022-01-02-09:10:31,1,0,1.101286
1338,2022-01-02-09:10:34,0,6,3.461835
1339,2022-01-02-09:10:38,6,3,3.692512
1340,2022-01-02-09:10:41,3,0,2.571253
1341,2022-01-02-09:10:42,0,4,1.509783
1342,2022-01-02-09:10:44,4,7,1.904586
1343,2022-01-02-09:10:47,7,2,2.584694
1344,2022-01-02-09:10:50,2,6,3.313520
1345,2022-01-02-09:10:54,6,4,3.659723
1346,2022-01-02-09:10:58,4,7,4.086680
1347,2022-01-02-09:11:00,7,3,2.438689
1348,2022-01-02-09:11:04,3,0,3.812950
1349,2022-01-02-09:11:08,0,6,4.176960
1350,2022-01-02-09:11:14,6,4,5.857874
1351,2022-01-02-09:11:16,4,5,2.376100
1352,2022-01-02-09:11:20,5,3,3.667368
1353,2022-01-02-09:11:23,3,6,3.456814
1354,2022-01-02-09:11:27,6,5,3.411498
1355,2022-01-02-09:11:29,5,1,2.625093
1356,2022-01-02-09:11:31,1,0,1.370083
1357,2022-01-02-09:11:34,0,3,2.988434
1358,2022-01-02-09:11:36,3,1,2.645748
1359,2022-01-02-09:11:38,1,7,1.925716
1360,2022-01-02-09:11:40,7,0,2.026676
1361,2022-01-02-09:11:42,0,4,1.554483
1362,2022-01-02-09:11:43,4,1,1.489264
1363,2022-01-02-09:11:45,1,0,1.097693
1364,2022-01-02-09:11:46,0,7,1.936899
1365,2022-01-02-09:11:49,7,5,2.632392
1366,2022-01-02,09:12:04,5,0,15.038550
Action Server timeout : niryo_one/commander/robot_action
