--- Start
Calibration finished !

Learning mode activated? 
False
iteration,date,init_position,final_position,time
0,2022-01-02-08:14:51,-1,4,2.772752
1,2022-01-02-08:14:55,4,2,4.074302
2,2022-01-02-08:14:59,2,0,3.975050
3,2022-01-02-08:15:01,0,5,1.901291
4,2022-01-02-08:15:03,5,1,2.022721
5,2022-01-02-08:15:05,1,2,1.942133
6,2022-01-02-08:15:08,2,3,2.760715
7,2022-01-02-08:15:10,3,5,2.431564
8,2022-01-02-08:15:13,5,7,2.552164
9,2022-01-02-08:15:16,7,3,3.226360
10,2022-01-02-08:15:19,3,7,3.230394
11,2022-01-02-08:15:23,7,1,3.422603
12,2022-01-02-08:15:24,1,0,1.123473
13,2022-01-02-08:15:25,0,1,1.031644
14,2022-01-02-08:15:28,1,6,3.594446
15,2022-01-02-08:15:32,6,4,3.624438
16,2022-01-02-08:15:34,4,7,1.856367
17,2022-01-02-08:15:37,7,5,2.587926
18,2022-01-02-08:15:38,5,4,1.820296
19,2022-01-02-08:15:40,4,0,1.528993
20,2022-01-02-08:15:43,0,6,3.498866
21,2022-01-02-08:15:46,6,5,3.122446
22,2022-01-02-08:15:50,5,6,3.089686
23,2022-01-02-08:15:53,6,4,3.467185
24,2022-01-02-08:15:55,4,5,1.728446
25,2022-01-02-08:15:57,5,7,2.584851
26,2022-01-02-08:16:00,7,0,3.026506
27,2022-01-02-08:16:04,0,3,3.431728
28,2022-01-02-08:16:06,3,2,2.586220
29,2022-01-02-08:16:09,2,6,3.094372
30,2022-01-02-08:16:14,6,7,4.034802
31,2022-01-02-08:16:16,7,2,2.557695
32,2022-01-02-08:16:18,2,0,1.722953
33,2022-01-02-08:16:19,0,1,1.018677
34,2022-01-02-08:16:21,1,2,1.932423
35,2022-01-02-08:16:24,2,6,3.089160
36,2022-01-02-08:16:27,6,3,3.626756
37,2022-01-02-08:16:30,3,5,2.222128
38,2022-01-02-08:16:31,5,2,1.498736
39,2022-01-02-08:16:33,2,4,1.752686
40,2022-01-02-08:16:34,4,1,1.317840
41,2022-01-02-08:16:36,1,5,1.926381
42,2022-01-02-08:16:40,5,4,3.485736
43,2022-01-02-08:16:43,4,6,3.190161
44,2022-01-02-08:16:47,6,7,3.991491
45,2022-01-02-08:16:49,7,4,1.962333
46,2022-01-02-08:16:50,4,0,1.486333
47,2022-01-02-08:16:52,0,7,1.906272
48,2022-01-02-08:16:56,7,3,3.750542
49,2022-01-02-08:17:00,3,7,3.805657
50,2022-01-02-08:17:02,7,2,2.593397
51,2022-01-02-08:17:04,2,5,1.497886
52,2022-01-02-08:17:07,5,6,3.058812
53,2022-01-02-08:17:10,6,4,3.243044
54,2022-01-02-08:17:12,4,3,2.086266
55,2022-01-02-08:17:16,3,1,4.005421
56,2022-01-02-08:17:18,1,2,1.935750
57,2022-01-02-08:17:21,2,3,2.595504
58,2022-01-02-08:17:23,3,5,2.245908
59,2022-01-02-08:17:25,5,4,1.780184
60,2022-01-02-08:17:27,4,3,2.034318
61,2022-01-02-08:17:29,3,5,2.657279
62,2022-01-02-08:17:33,5,3,3.166247
63,2022-01-02-08:17:36,3,6,3.116150
64,2022-01-02-08:17:39,6,5,3.360494
65,2022-01-02-08:17:43,5,2,3.656614
66,2022-01-02-08:17:45,2,4,1.819710
67,2022-01-02-08:17:48,4,5,3.377329
68,2022-01-02-08:17:51,5,7,2.545561
69,2022-01-02-08:17:54,7,4,3.226149
70,2022-01-02-08:17:56,4,2,1.753630
71,2022-01-02-08:17:57,2,5,1.514248
72,2022-01-02-08:17:59,5,0,1.882575
73,2022-01-02-08:18:01,0,2,1.696350
74,2022-01-02-08:18:02,2,0,1.710813
75,2022-01-02-08:18:04,0,4,1.492631
76,2022-01-02-08:18:06,4,2,1.925066
77,2022-01-02-08:18:08,2,3,2.589164
78,2022-01-02-08:18:10,3,6,2.018518
79,2022-01-02-08:18:13,6,5,2.803101
80,2022-01-02-08:18:15,5,0,1.892129
81,2022-01-02-08:18:17,0,3,2.406605
82,2022-01-02-08:18:20,3,0,2.522280
83,2022-01-02-08:18:23,0,6,3.426818
84,2022-01-02-08:18:27,6,3,3.729687
85,2022-01-02-08:18:29,3,6,2.026536
86,2022-01-02-08:18:32,6,2,3.088435
87,2022-01-02-08:18:35,2,6,3.097561
88,2022-01-02-08:18:38,6,1,2.629209
89,2022-01-02-08:18:42,1,6,3.665981
90,2022-01-02-08:18:45,6,3,3.700185
91,2022-01-02-08:18:48,3,0,2.455670
92,2022-01-02-08:18:50,0,7,1.909494
93,2022-01-02-08:18:54,7,6,4.038745
94,2022-01-02-08:18:57,6,1,3.529226
95,2022-01-02-08:18:59,1,4,1.286571
96,2022-01-02-08:19:01,4,3,2.054330
97,2022-01-02-08:19:03,3,1,2.243288
98,2022-01-02-08:19:05,1,3,2.254974
99,2022-01-02-08:19:08,3,7,3.232040
100,2022-01-02-08:19:12,7,3,3.190320
101,2022-01-02-08:19:14,3,6,1.995543
102,2022-01-02-08:19:17,6,4,3.096190
103,2022-01-02-08:19:18,4,7,1.840128
104,2022-01-02-08:19:21,7,2,2.550986
105,2022-01-02-08:19:24,2,3,2.924446
106,2022-01-02-08:19:26,3,0,2.420389
107,2022-01-02-08:19:29,0,3,2.418349
108,2022-01-02-08:19:31,3,6,1.932682
109,2022-01-02-08:19:33,6,4,2.658939
110,2022-01-02-08:19:35,4,1,1.322339
111,2022-01-02-08:19:37,1,3,2.223958
112,2022-01-02-08:19:39,3,0,2.433974
113,2022-01-02-08:19:40,0,1,1.034762
114,2022-01-02-08:19:42,1,5,1.991439
115,2022-01-02-08:19:44,5,0,1.888553
116,2022-01-02-08:19:45,0,1,1.019774
117,2022-01-02-08:19:47,1,4,1.281451
118,2022-01-02-08:19:48,4,0,1.522271
119,2022-01-02-08:19:50,0,5,2.119505
120,2022-01-02-08:19:52,5,4,1.749735
121,2022-01-02-08:19:55,4,6,3.429566
122,2022-01-02-08:19:59,6,5,3.147967
123,2022-01-02-08:20:01,5,4,2.016648
124,2022-01-02-08:20:03,4,2,1.932970
125,2022-01-02-08:20:04,2,4,1.755433
126,2022-01-02-08:20:06,4,1,1.319730
127,2022-01-02-08:20:07,1,5,1.918757
128,2022-01-02-08:20:09,5,4,1.801927
129,2022-01-02-08:20:11,4,1,1.281086
130,2022-01-02-08:20:13,1,3,2.320750
131,2022-01-02-08:20:17,3,4,3.852164
132,2022-01-02-08:20:21,4,1,3.821397
133,2022-01-02-08:20:23,1,5,2.064798
134,2022-01-02-08:20:25,5,1,1.955957
135,2022-01-02-08:20:27,1,3,2.307565
136,2022-01-02-08:20:29,3,2,2.576875
137,2022-01-02-08:20:31,2,5,1.479496
138,2022-01-02-08:20:33,5,3,2.157199
139,2022-01-02-08:20:36,3,2,2.692393
140,2022-01-02-08:20:39,2,6,3.058678
141,2022-01-02-08:20:42,6,0,2.756104
142,2022-01-02-08:20:43,0,2,1.725273
143,2022-01-02-08:20:45,2,0,1.676638
144,2022-01-02-08:20:47,0,5,1.849673
145,2022-01-02-08:20:49,5,3,2.285124
146,2022-01-02-08:20:52,3,0,2.340819
147,2022-01-02-08:20:53,0,7,1.928812
148,2022-01-02-08:20:55,7,0,1.901690
149,2022-01-02-08:20:57,0,7,1.917481
150,2022-01-02-08:20:59,7,3,2.166042
151,2022-01-02-08:21:01,3,6,1.950667
152,2022-01-02-08:21:04,6,4,2.660957
153,2022-01-02-08:21:05,4,1,1.287680
154,2022-01-02-08:21:08,1,3,2.298621
155,2022-01-02-08:21:10,3,6,1.993796
156,2022-01-02-08:21:13,6,0,2.993859
157,2022-01-02-08:21:16,0,6,3.537206
158,2022-01-02-08:21:19,6,2,3.232537
159,2022-01-02-08:21:21,2,4,1.787764
160,2022-01-02-08:21:25,4,2,3.357386
161,2022-01-02-08:21:28,2,6,3.121805
162,2022-01-02-08:21:31,6,3,3.665987
163,2022-01-02-08:21:34,3,0,2.391832
164,2022-01-02-08:21:36,0,5,1.879412
165,2022-01-02-08:21:37,5,1,1.897285
166,2022-01-02-08:21:39,1,4,1.314555
167,2022-01-02-08:21:40,4,0,1.483259
168,2022-01-02-08:21:42,0,5,1.948443
169,2022-01-02-08:21:46,5,2,3.740537
170,2022-01-02-08:21:48,2,4,1.819906
171,2022-01-02-08:21:51,4,5,3.262922
172,2022-01-02-08:21:55,5,2,3.686198
173,2022-01-02-08:21:57,2,4,1.814699
174,2022-01-02-08:21:59,4,3,2.115291
175,2022-01-02-08:22:02,3,0,3.325180
176,2022-01-02-08:22:06,0,6,3.536730
177,2022-01-02-08:22:09,6,4,3.897515
178,2022-01-02-08:22:13,4,6,3.420537
179,2022-01-02-08:22:16,6,5,3.261571
180,2022-01-02-08:22:18,5,0,1.885618
181,2022-01-02-08:22:19,0,4,1.485140
182,2022-01-02-08:22:22,4,3,2.043324
183,2022-01-02-08:22:26,3,2,4.207125
184,2022-01-02-08:22:30,2,0,4.026087
185,2022-01-02-08:22:31,0,1,1.021221
186,2022-01-02-08:22:32,1,0,1.032301
187,2022-01-02-08:22:34,0,5,2.118976
188,2022-01-02-08:22:36,5,3,2.352610
189,2022-01-02-08:22:39,3,1,2.254390
190,2022-01-02-08:22:40,1,4,1.318901
191,2022-01-02-08:22:42,4,7,1.859331
192,2022-01-02-08:22:44,7,0,2.085221
193,2022-01-02-08:22:45,0,4,1.484463
194,2022-01-02-08:22:47,4,3,2.042216
195,2022-01-02-08:22:52,3,2,4.235800
196,2022-01-02-08:22:56,2,3,4.172482
197,2022-01-02-08:22:58,3,2,2.733728
198,2022-01-02-08:23:01,2,3,2.772250
199,2022-01-02-08:23:03,3,1,2.237660
200,2022-01-02-08:23:05,1,5,1.993825
201,2022-01-02-08:23:08,5,6,2.668141
202,2022-01-02-08:23:11,6,7,2.634225
203,2022-01-02-08:23:13,7,2,2.633679
204,2022-01-02-08:23:15,2,1,1.954250
205,2022-01-02-08:23:17,1,2,1.959098
206,2022-01-02-08:23:19,2,0,1.721678
207,2022-01-02-08:23:21,0,5,2.031714
208,2022-01-02-08:23:24,5,1,2.594864
209,2022-01-02-08:23:25,1,4,1.279997
210,2022-01-02-08:23:28,4,6,3.443713
211,2022-01-02-08:23:32,6,5,3.180451
212,2022-01-02-08:23:35,5,6,3.100401
213,2022-01-02-08:23:38,6,4,3.180432
214,2022-01-02-08:23:41,4,6,3.365341
215,2022-01-02-08:23:45,6,4,3.477463
216,2022-01-02-08:23:46,4,1,1.351502
217,2022-01-02-08:23:47,1,0,1.049802
218,2022-01-02-08:23:49,0,7,1.927149
219,2022-01-02-08:23:51,7,0,1.988602
220,2022-01-02-08:23:53,0,4,1.487954
221,2022-01-02-08:23:54,4,7,1.831512
222,2022-01-02-08:23:57,7,6,2.553436
223,2022-01-02-08:24:00,6,0,2.843274
224,2022-01-02-08:24:01,0,4,1.523934
225,2022-01-02-08:24:03,4,0,1.484102
226,2022-01-02-08:24:04,0,1,1.042025
227,2022-01-02-08:24:06,1,2,1.962854
228,2022-01-02-08:24:09,2,6,3.063982
229,2022-01-02-08:24:11,6,7,2.595281
230,2022-01-02-08:24:13,7,1,1.685374
231,2022-01-02-08:24:15,1,7,1.697480
232,2022-01-02-08:24:17,7,2,2.564674
233,2022-01-02-08:24:19,2,5,1.498521
234,2022-01-02-08:24:22,5,6,3.129131
235,2022-01-02-08:24:26,6,1,3.657743
236,2022-01-02-08:24:27,1,7,1.687388
237,2022-01-02-08:24:29,7,4,1.895748
238,2022-01-02-08:24:31,4,5,1.733172
239,2022-01-02-08:24:35,5,2,3.828084
240,2022-01-02-08:24:38,2,5,3.687770
241,2022-01-02-08:24:40,5,1,1.996538
242,2022-01-02-08:24:42,1,2,1.958089
243,2022-01-02-08:24:44,2,5,1.516037
244,2022-01-02-08:24:47,5,6,3.105464
245,2022-01-02-08:24:51,6,4,3.549577
246,2022-01-02-08:24:52,4,0,1.540512
247,2022-01-02-08:24:55,0,3,2.363273
248,2022-01-02-08:24:57,3,1,2.222690
249,2022-01-02-08:24:59,1,2,1.925637
250,2022-01-02-08:25:01,2,3,2.597975
251,2022-01-02-08:25:04,3,2,2.700244
252,2022-01-02-08:25:05,2,5,1.484177
253,2022-01-02-08:25:07,5,0,2.027184
254,2022-01-02-08:25:10,0,5,2.044437
255,2022-01-02-08:25:12,5,3,2.505999
256,2022-01-02-08:25:15,3,7,3.288468
257,2022-01-02-08:25:19,7,4,3.193981
258,2022-01-02-08:25:20,4,0,1.526719
259,2022-01-02-08:25:22,0,5,1.821007
260,2022-01-02-08:25:24,5,3,2.436548
261,2022-01-02-08:25:27,3,1,2.274417
262,2022-01-02-08:25:28,1,0,1.042470
263,2022-01-02-08:25:29,0,2,1.717015
264,2022-01-02-08:25:32,2,3,2.706403
265,2022-01-02-08:25:34,3,4,2.026459
266,2022-01-02-08:25:37,4,6,3.427617
267,2022-01-02-08:25:41,6,0,3.449439
268,2022-01-02-08:25:42,0,1,1.022221
269,2022-01-02-08:25:43,1,0,1.060686
270,2022-01-02-08:25:47,0,3,3.834138
271,2022-01-02-08:25:50,3,0,3.290364
272,2022-01-02-08:25:52,0,2,1.759050
273,2022-01-02-08:25:54,2,1,1.958592
274,2022-01-02-08:25:56,1,3,2.256658
275,2022-01-02-08:25:59,3,0,2.530195
276,2022-01-02-08:26:00,0,1,1.081112
277,2022-01-02-08:26:02,1,2,1.995236
278,2022-01-02-08:26:05,2,3,2.923267
279,2022-01-02-08:26:07,3,2,2.628967
280,2022-01-02-08:26:09,2,5,1.486723
281,2022-01-02-08:26:10,5,2,1.618022
282,2022-01-02-08:26:13,2,3,2.603164
283,2022-01-02-08:26:15,3,1,2.255107
284,2022-01-02-08:26:17,1,7,1.654234
285,2022-01-02-08:26:20,7,6,2.623437
286,2022-01-02-08:26:22,6,0,2.931019
287,2022-01-02-08:26:25,0,6,2.840726
288,2022-01-02-08:26:28,6,5,2.693630
289,2022-01-02-08:26:31,5,6,3.193507
290,2022-01-02-08:26:34,6,7,2.628785
291,2022-01-02-08:26:36,7,6,2.542828
292,2022-01-02-08:26:40,6,3,4.073944
293,2022-01-02-08:26:43,3,4,2.103631
294,2022-01-02-08:26:44,4,5,1.737096
295,2022-01-02-08:26:47,5,3,2.430648
296,2022-01-02-08:26:50,3,7,3.295013
297,2022-01-02-08:26:53,7,3,3.302303
298,2022-01-02-08:26:55,3,6,2.080098
299,2022-01-02-08:26:57,6,3,2.010298
300,2022-01-02-08:27:00,3,2,2.587023
301,2022-01-02-08:27:01,2,5,1.522500
302,2022-01-02-08:27:03,5,1,1.978978
303,2022-01-02-08:27:06,1,6,2.784269
304,2022-01-02-08:27:10,6,2,3.315833
305,2022-01-02-08:27:11,2,0,1.692300
306,2022-01-02-08:27:14,0,3,2.382261
307,2022-01-02-08:27:16,3,5,2.186502
308,2022-01-02-08:27:19,5,6,3.132852
309,2022-01-02-08:27:22,6,0,3.460305
310,2022-01-02-08:27:24,0,7,1.932916
311,2022-01-02-08:27:26,7,4,1.987666
312,2022-01-02-08:27:28,4,0,1.516950
313,2022-01-02-08:27:31,0,3,3.330061
314,2022-01-02-08:27:35,3,1,3.475316
315,2022-01-02-08:27:36,1,7,1.647047
316,2022-01-02-08:27:39,7,3,2.196632
317,2022-01-02-08:27:41,3,0,2.600953
318,2022-01-02-08:27:43,0,2,1.761397
319,2022-01-02-08:27:45,2,1,1.949232
320,2022-01-02-08:27:47,1,3,2.305348
321,2022-01-02-08:27:51,3,4,4.131554
322,2022-01-02-08:27:55,4,5,3.394866
323,2022-01-02-08:27:58,5,3,3.090413
324,2022-01-02-08:28:01,3,0,3.270070
325,2022-01-02-08:28:02,0,1,1.042500
326,2022-01-02-08:28:03,1,0,1.052482
327,2022-01-02-08:28:05,0,5,2.124228
328,2022-01-02-08:28:07,5,0,1.917685
329,2022-01-02-08:28:08,0,1,1.039234
330,2022-01-02-08:28:10,1,7,1.660353
331,2022-01-02-08:28:12,7,5,2.635363
332,2022-01-02-08:28:14,5,0,1.976384
333,2022-01-02-08:28:18,0,3,3.536144
334,2022-01-02-08:28:22,3,7,3.813766
335,2022-01-02-08:28:24,7,5,2.632989
336,2022-01-02-08:28:26,5,2,1.590350
337,2022-01-02-08:28:29,2,6,3.162286
338,2022-01-02-08:28:32,6,5,3.161345
339,2022-01-02-08:28:35,5,7,2.598236
340,2022-01-02-08:28:38,7,6,2.600751
341,2022-01-02-08:28:41,6,0,3.447336
342,2022-01-02-08:28:43,0,4,1.544376
343,2022-01-02-08:28:44,4,5,1.757765
344,2022-01-02-08:28:47,5,6,3.031578
345,2022-01-02-08:28:51,6,1,3.829962
346,2022-01-02-08:28:54,1,3,2.336546
347,2022-01-02-08:28:56,3,1,2.227851
348,2022-01-02-08:28:57,1,7,1.740439
349,2022-01-02-08:29:01,7,3,3.950556
350,2022-01-02-08:29:04,3,2,2.944935
351,2022-01-02-08:29:06,2,0,1.694638
352,2022-01-02-08:29:08,0,7,1.981660
353,2022-01-02-08:29:11,7,5,2.767582
354,2022-01-02-08:29:12,5,2,1.545820
355,2022-01-02-08:29:15,2,7,2.529598
356,2022-01-02-08:29:18,7,0,3.064146
357,2022-01-02-08:29:20,0,7,1.884622
358,2022-01-02-08:29:22,7,0,2.022546
359,2022-01-02-08:29:24,0,2,1.709108
360,2022-01-02-08:29:25,2,0,1.729987
361,2022-01-02-08:29:29,0,3,3.508896
362,2022-01-02-08:29:32,3,5,3.252787
363,2022-01-02-08:29:35,5,6,3.098662
364,2022-01-02-08:29:39,6,4,3.528426
365,2022-01-02-08:29:40,4,0,1.488436
366,2022-01-02-08:29:42,0,3,2.299846
367,2022-01-02-08:29:46,3,7,3.299017
368,2022-01-02-08:29:49,7,5,2.734170
369,2022-01-02-08:29:51,5,1,2.121986
370,2022-01-02-08:29:52,1,7,1.721989
371,2022-01-02-08:29:55,7,0,2.328224
372,2022-01-02-08:29:57,0,7,1.929476
373,2022-01-02-08:29:59,7,5,2.740884
374,2022-01-02-08:30:03,5,2,3.746684
375,2022-01-02-08:30:07,2,5,3.731520
376,2022-01-02-08:30:10,5,6,3.098420
377,2022-01-02-08:30:14,6,7,4.054917
378,2022-01-02-08:30:17,7,5,2.665575
379,2022-01-02-08:30:19,5,7,2.548273
380,2022-01-02-08:30:22,7,1,3.234144
381,2022-01-02-08:30:24,1,4,1.292750
382,2022-01-02-08:30:27,4,6,3.431542
383,2022-01-02-08:30:31,6,2,4.032755
384,2022-01-02-08:30:34,2,7,2.599316
385,2022-01-02-08:30:36,7,4,1.980569
386,2022-01-02-08:30:37,4,0,1.512374
387,2022-01-02-08:30:39,0,7,1.916309
388,2022-01-02-08:30:41,7,4,1.892153
389,2022-01-02-08:30:43,4,3,2.055413
390,2022-01-02-08:30:45,3,6,1.971965
391,2022-01-02-08:30:48,6,1,2.740922
392,2022-01-02-08:30:50,1,3,2.221396
393,2022-01-02-08:30:53,3,2,2.844233
394,2022-01-02-08:30:56,2,7,2.667598
395,2022-01-02-08:30:58,7,3,2.133868
396,2022-01-02-08:31:00,3,5,2.198893
397,2022-01-02-08:31:03,5,3,3.092738
398,2022-01-02-08:31:06,3,2,2.583370
399,2022-01-02-08:31:07,2,4,1.828058
400,2022-01-02-08:31:11,4,2,3.252861
401,2022-01-02-08:31:13,2,7,2.629806
402,2022-01-02-08:31:16,7,5,2.712915
403,2022-01-02-08:31:19,5,6,3.088724
404,2022-01-02-08:31:23,6,0,3.711635
405,2022-01-02-08:31:25,0,2,1.695121
406,2022-01-02-08:31:26,2,0,1.693465
407,2022-01-02-08:31:28,0,5,1.963837
408,2022-01-02-08:31:31,5,6,3.135947
409,2022-01-02-08:31:34,6,2,3.098306
410,2022-01-02-08:31:39,2,7,4.379350
411,2022-01-02-08:31:43,7,4,4.037752
412,2022-01-02-08:31:46,4,6,3.305358
413,2022-01-02-08:31:50,6,7,4.011285
414,2022-01-02-08:31:54,7,6,4.120509
415,2022-01-02-08:31:58,6,1,3.573657
416,2022-01-02-08:32:00,1,5,1.934167
417,2022-01-02-08:32:02,5,7,2.584200
418,2022-01-02-08:32:05,7,5,2.732022
419,2022-01-02-08:32:08,5,4,3.303397
420,2022-01-02-08:32:12,4,6,3.778908
421,2022-01-02-08:32:15,6,2,3.034856
422,2022-01-02-08:32:18,2,7,2.560949
423,2022-01-02-08:32:21,7,0,3.086070
424,2022-01-02-08:32:24,0,3,3.364333
425,2022-01-02-08:32:27,3,5,3.138473
426,2022-01-02-08:32:30,5,1,2.133436
427,2022-01-02-08:32:31,1,7,1.653690
428,2022-01-02-08:32:33,7,0,1.919051
429,2022-01-02-08:32:35,0,7,1.966507
430,2022-01-02-08:32:38,7,5,2.657238
431,2022-01-02-08:32:40,5,3,2.147387
432,2022-01-02-08:32:42,3,4,2.294584
433,2022-01-02-08:32:44,4,5,1.784380
434,2022-01-02-08:32:46,5,0,1.922170
435,2022-01-02-08:32:48,0,3,2.445489
436,2022-01-02-08:32:50,3,6,2.030406
437,2022-01-02-08:32:54,6,4,4.133457
438,2022-01-02-08:32:58,4,1,3.738560
439,2022-01-02-08:33:00,1,4,1.367223
440,2022-01-02-08:33:01,4,2,1.830237
441,2022-01-02-08:33:04,2,6,3.071805
442,2022-01-02-08:33:08,6,3,3.736429
443,2022-01-02-08:33:11,3,0,2.402596
444,2022-01-02-08:33:12,0,2,1.691495
445,2022-01-02-08:33:15,2,3,2.695768
446,2022-01-02-08:33:18,3,2,2.697811
447,2022-01-02-08:33:20,2,1,1.956649
448,2022-01-02-08:33:22,1,2,1.995069
449,2022-01-02-08:33:23,2,0,1.723528
450,2022-01-02-08:33:25,0,7,1.984195
451,2022-01-02-08:33:29,7,6,4.046526
452,2022-01-02-08:33:33,6,3,3.200775
453,2022-01-02-08:33:36,3,6,3.112574
454,2022-01-02-08:33:38,6,7,2.623302
455,2022-01-02-08:33:41,7,5,2.791060
456,2022-01-02-08:33:43,5,0,1.923363
457,2022-01-02-08:33:45,0,4,1.491621
458,2022-01-02-08:33:46,4,1,1.285624
459,2022-01-02-08:33:47,1,0,1.091861
460,2022-01-02-08:33:48,0,1,1.059892
461,2022-01-02-08:33:52,1,6,3.726827
462,2022-01-02-08:33:55,6,1,3.695133
463,2022-01-02-08:33:57,1,7,1.719609
464,2022-01-02-08:33:59,7,0,1.941774
465,2022-01-02-08:34:01,0,4,1.488248
466,2022-01-02-08:34:02,4,1,1.297008
467,2022-01-02-08:34:04,1,7,1.658746
468,2022-01-02-08:34:06,7,0,2.020717
469,2022-01-02-08:34:07,0,5,1.901890
470,2022-01-02-08:34:09,5,2,1.519407
471,2022-01-02-08:34:12,2,3,2.837489
472,2022-01-02-08:34:14,3,6,2.032525
473,2022-01-02-08:34:17,6,5,2.802293
474,2022-01-02-08:34:20,5,6,3.097747
475,2022-01-02-08:34:23,6,3,3.645033
476,2022-01-02-08:34:25,3,6,1.990884
477,2022-01-02-08:34:28,6,0,2.800941
478,2022-01-02-08:34:29,0,1,1.026328
479,2022-01-02-08:34:31,1,2,1.986230
480,2022-01-02-08:34:33,2,0,1.724295
481,2022-01-02-08:34:34,0,1,1.036727
482,2022-01-02-08:34:35,1,0,1.032241
483,2022-01-02-08:34:38,0,6,3.453522
484,2022-01-02-08:34:41,6,7,2.573569
485,2022-01-02-08:34:44,7,1,3.283387
486,2022-01-02-08:34:48,1,6,3.568305
487,2022-01-02-08:34:50,6,7,2.601743
488,2022-01-02-08:34:53,7,5,2.631497
489,2022-01-02-08:34:55,5,1,1.896567
490,2022-01-02-08:34:59,1,6,3.555536
491,2022-01-02-08:35:02,6,3,3.453685
492,2022-01-02-08:35:05,3,0,3.289656
493,2022-01-02-08:35:07,0,4,1.486045
494,2022-01-02-08:35:09,4,5,1.747670
495,2022-01-02-08:35:11,5,3,2.308813
496,2022-01-02-08:35:13,3,6,1.945682
497,2022-01-02-08:35:16,6,5,2.757619
498,2022-01-02-08:35:18,5,0,2.004315
499,2022-01-02-08:35:19,0,5,1.911664
500,2022-01-02-08:35:22,5,7,2.561569
501,2022-01-02-08:35:25,7,2,2.758090
502,2022-01-02-08:35:28,2,6,3.168479
503,2022-01-02-08:35:32,6,3,3.858161
504,2022-01-02-08:35:34,3,5,2.269079
505,2022-01-02-08:35:37,5,7,2.604323
506,2022-01-02-08:35:40,7,0,3.095846
507,2022-01-02-08:35:42,0,7,1.891032
508,2022-01-02-08:35:44,7,5,2.608330
509,2022-01-02-08:35:47,5,0,2.296941
510,2022-01-02-08:35:48,0,4,1.533367
511,2022-01-02-08:35:52,4,6,3.437427
512,2022-01-02-08:35:55,6,4,3.553847
513,2022-01-02-08:35:59,4,6,3.428288
514,2022-01-02-08:36:02,6,4,3.535198
515,2022-01-02-08:36:03,4,1,1.322699
516,2022-01-02-08:36:07,1,6,3.624596
517,2022-01-02-08:36:10,6,5,3.260747
518,2022-01-02-08:36:13,5,6,3.215166
519,2022-01-02-08:36:17,6,1,3.739369
520,2022-01-02-08:36:19,1,2,1.960459
521,2022-01-02-08:36:21,2,5,1.527836
522,2022-01-02-08:36:23,5,7,2.566886
523,2022-01-02-08:36:26,7,2,2.624480
524,2022-01-02-08:36:28,2,0,1.709739
525,2022-01-02-08:36:29,0,2,1.741244
526,2022-01-02-08:36:31,2,1,1.932208
527,2022-01-02-08:36:34,1,6,2.826470
528,2022-01-02-08:36:37,6,5,3.250316
529,2022-01-02-08:36:41,5,4,3.443006
530,2022-01-02-08:36:44,4,5,3.351714
531,2022-01-02-08:36:46,5,1,1.948386
532,2022-01-02-08:36:49,1,6,2.631882
533,2022-01-02-08:36:51,6,3,2.039402
534,2022-01-02-08:36:54,3,7,3.287623
535,2022-01-02-08:36:57,7,5,2.726605
536,2022-01-02-08:37:00,5,4,3.439933
537,2022-01-02-08:37:04,4,0,3.676008
538,2022-01-02-08:37:06,0,2,1.721088
539,2022-01-02-08:37:08,2,3,2.792325
540,2022-01-02-08:37:11,3,0,2.505456
541,2022-01-02-08:37:13,0,2,1.721048
542,2022-01-02-08:37:15,2,1,1.962202
543,2022-01-02-08:37:17,1,5,2.176182
544,2022-01-02-08:37:20,5,3,3.113845
545,2022-01-02-08:37:24,3,7,3.741785
546,2022-01-02-08:37:26,7,5,2.595257
547,2022-01-02-08:37:29,5,3,3.231938
548,2022-01-02-08:37:32,3,2,2.967721
549,2022-01-02-08:37:35,2,3,2.631617
550,2022-01-02-08:37:37,3,5,2.219655
551,2022-01-02-08:37:40,5,6,3.170103
552,2022-01-02-08:37:45,6,7,4.078118
553,2022-01-02-08:37:49,7,6,4.054459
554,2022-01-02-08:37:52,6,2,3.256389
555,2022-01-02-08:37:54,2,3,2.567211
556,2022-01-02-08:37:57,3,4,2.185462
557,2022-01-02-08:37:58,4,5,1.746808
558,2022-01-02-08:38:00,5,4,1.786490
559,2022-01-02-08:38:02,4,0,1.529277
560,2022-01-02-08:38:04,0,5,2.036397
561,2022-01-02-08:38:05,5,2,1.648073
562,2022-01-02-08:38:07,2,1,1.952741
563,2022-01-02-08:38:08,1,0,1.039194
564,2022-01-02-08:38:11,0,3,2.746081
565,2022-01-02-08:38:14,3,0,2.554756
566,2022-01-02-08:38:15,0,2,1.695574
567,2022-01-02-08:38:18,2,7,2.607679
568,2022-01-02-08:38:20,7,0,1.934302
569,2022-01-02-08:38:21,0,1,1.041671
570,2022-01-02-08:38:22,1,4,1.329620
571,2022-01-02-08:38:24,4,7,1.862397
572,2022-01-02-08:38:26,7,3,2.147902
573,2022-01-02-08:38:28,3,4,2.092699
574,2022-01-02-08:38:30,4,1,1.323145
575,2022-01-02-08:38:32,1,5,2.004571
576,2022-01-02-08:38:36,5,2,4.043645
577,2022-01-02-08:38:39,2,6,3.157405
578,2022-01-02-08:38:43,6,3,3.792900
579,2022-01-02-08:38:45,3,2,2.679783
580,2022-01-02-08:38:47,2,4,1.764995
581,2022-01-02-08:38:48,4,1,1.329708
582,2022-01-02-08:38:50,1,2,1.962693
583,2022-01-02-08:38:52,2,0,1.715695
584,2022-01-02-08:38:54,0,4,1.522948
585,2022-01-02-08:38:57,4,6,3.448138
586,2022-01-02-08:39:01,6,7,3.976601
587,2022-01-02-08:39:04,7,2,2.563404
588,2022-01-02-08:39:05,2,5,1.525741
589,2022-01-02-08:39:08,5,7,2.596814
590,2022-01-02-08:39:10,7,6,2.590749
591,2022-01-02-08:39:14,6,2,3.665890
592,2022-01-02-08:39:18,2,5,3.603887
593,2022-01-02-08:39:20,5,6,2.754334
594,2022-01-02-08:39:25,6,2,4.133538
595,2022-01-02-08:39:28,2,5,3.604217
596,2022-01-02-08:39:30,5,0,1.839426
597,2022-01-02-08:39:31,0,1,1.077744
598,2022-01-02-08:39:33,1,7,1.719486
599,2022-01-02-08:39:35,7,4,1.948925
600,2022-01-02-08:39:36,4,1,1.326482
601,2022-01-02-08:39:37,1,0,1.055201
602,2022-01-02-08:39:38,0,1,1.034211
603,2022-01-02-08:39:39,1,4,1.325852
604,2022-01-02-08:39:44,4,2,4.073724
605,2022-01-02-08:39:47,2,5,3.784916
606,2022-01-02-08:39:49,5,0,1.973371
607,2022-01-02-08:39:52,0,3,2.439308
608,2022-01-02-08:39:56,3,2,4.203232
609,2022-01-02-08:40:00,2,0,3.920300
610,2022-01-02-08:40:01,0,1,1.059736
611,2022-01-02-08:40:03,1,2,1.957555
612,2022-01-02-08:40:05,2,7,2.592704
613,2022-01-02-08:40:07,7,4,1.848788
614,2022-01-02-08:40:09,4,1,1.340291
615,2022-01-02-08:40:12,1,3,3.502977
616,2022-01-02-08:40:16,3,4,3.453987
617,2022-01-02-08:40:17,4,0,1.526592
618,2022-01-02-08:40:21,0,6,3.468867
619,2022-01-02-08:40:24,6,2,3.144402
620,2022-01-02-08:40:26,2,1,2.040717
621,2022-01-02-08:40:27,1,4,1.324925
622,2022-01-02-08:40:28,4,1,1.344060
623,2022-01-02-08:40:32,1,6,3.562016
624,2022-01-02-08:40:35,6,4,3.465085
625,2022-01-02-08:40:37,4,0,1.525324
626,2022-01-02-08:40:38,0,1,1.064296
627,2022-01-02-08:40:40,1,7,1.736270
628,2022-01-02-08:40:42,7,2,2.567074
629,2022-01-02-08:40:45,2,3,2.607951
630,2022-01-02-08:40:47,3,1,2.286121
631,2022-01-02-08:40:49,1,2,1.967216
632,2022-01-02-08:40:52,2,7,2.632696
633,2022-01-02-08:40:55,7,3,3.329734
634,2022-01-02-08:40:58,3,0,2.597177
635,2022-01-02-08:41:00,0,3,2.541529
636,2022-01-02-08:41:03,3,1,2.349076
637,2022-01-02-08:41:05,1,3,2.225101
638,2022-01-02-08:41:07,3,1,2.324008
639,2022-01-02-08:41:09,1,5,2.028738
640,2022-01-02-08:41:11,5,0,1.892404
641,2022-01-02-08:41:13,0,2,1.720555
642,2022-01-02-08:41:16,2,3,3.317033
643,2022-01-02-08:41:20,3,7,3.867445
644,2022-01-02-08:41:23,7,5,2.692116
645,2022-01-02-08:41:27,5,2,3.837357
646,2022-01-02-08:41:30,2,5,3.686619
647,2022-01-02-08:41:33,5,4,2.234451
648,2022-01-02-08:41:34,4,7,1.849915
649,2022-01-02-08:41:37,7,5,2.800515
650,2022-01-02-08:41:40,5,3,3.034809
651,2022-01-02-08:41:44,3,7,3.829283
652,2022-01-02-08:41:48,7,3,4.247910
653,2022-01-02-08:41:52,3,0,3.401020
654,2022-01-02-08:41:54,0,5,1.919737
655,2022-01-02-08:41:55,5,4,1.844561
656,2022-01-02-08:41:57,4,1,1.331396
657,2022-01-02-08:41:58,1,0,1.022132
658,2022-01-02-08:42:00,0,7,1.949477
659,2022-01-02-08:42:02,7,0,1.990589
660,2022-01-02-08:42:04,0,5,1.944383
661,2022-01-02-08:42:06,5,7,2.602279
662,2022-01-02-08:42:09,7,4,3.095425
663,2022-01-02-08:42:11,4,0,1.519530
664,2022-01-02-08:42:12,0,1,1.095436
665,2022-01-02-08:42:14,1,2,2.077290
666,2022-01-02-08:42:17,2,6,3.150411
667,2022-01-02-08:42:20,6,5,3.112697
668,2022-01-02-08:42:22,5,2,1.583086
669,2022-01-02-08:42:23,2,5,1.531196
670,2022-01-02-08:42:27,5,6,3.114428
671,2022-01-02-08:42:30,6,1,3.648128
672,2022-01-02-08:42:32,1,2,2.013219
673,2022-01-02-08:42:34,2,1,1.943300
674,2022-01-02-08:42:35,1,0,1.061141
675,2022-01-02-08:42:39,0,3,3.312871
676,2022-01-02-08:42:42,3,4,3.545085
677,2022-01-02-08:42:43,4,1,1.301355
678,2022-01-02-08:42:46,1,6,2.664198
679,2022-01-02-08:42:48,6,3,2.009259
680,2022-01-02-08:42:52,3,2,4.224742
681,2022-01-02-08:42:54,2,4,1.829148
682,2022-01-02-08:42:57,4,2,3.342524
683,2022-01-02-08:42:59,2,1,2.008743
684,2022-01-02-08:43:01,1,0,1.120933
685,2022-01-02-08:43:03,0,7,1.948763
686,2022-01-02-08:43:05,7,3,2.254091
687,2022-01-02-08:43:07,3,1,2.373085
688,2022-01-02-08:43:08,1,0,1.047897
689,2022-01-02-08:43:12,0,6,3.510143
690,2022-01-02-08:43:15,6,4,3.551567
691,2022-01-02-08:43:17,4,0,1.552925
692,2022-01-02-08:43:18,0,4,1.534122
693,2022-01-02-08:43:20,4,7,1.858509
694,2022-01-02-08:43:23,7,5,2.977754
695,2022-01-02-08:43:27,5,2,3.640755
696,2022-01-02-08:43:29,2,4,1.819020
697,2022-01-02-08:43:31,4,3,2.137709
698,2022-01-02-08:43:34,3,0,3.416386
699,2022-01-02-08:43:36,0,5,1.961928
700,2022-01-02-08:43:38,5,0,1.894195
701,2022-01-02-08:43:40,0,7,1.920526
702,2022-01-02-08:43:44,7,4,4.035099
703,2022-01-02-08:43:48,4,1,3.745207
704,2022-01-02-08:43:49,1,4,1.330032
705,2022-01-02-08:43:50,4,1,1.294616
706,2022-01-02-08:43:52,1,7,1.662072
707,2022-01-02-08:43:55,7,5,2.636689
708,2022-01-02-08:43:57,5,1,1.969479
709,2022-01-02-08:43:58,1,4,1.326833
710,2022-01-02-08:44:00,4,5,1.804099
711,2022-01-02-08:44:02,5,0,2.035858
712,2022-01-02-08:44:04,0,7,1.953762
713,2022-01-02-08:44:06,7,2,2.598479
714,2022-01-02-08:44:08,2,0,1.750800
715,2022-01-02-08:44:10,0,4,1.530119
716,2022-01-02-08:44:11,4,1,1.372524
717,2022-01-02-08:44:13,1,7,1.708231
718,2022-01-02-08:44:15,7,0,2.307474
719,2022-01-02-08:44:16,0,1,1.061752
720,2022-01-02-08:44:17,1,4,1.287517
721,2022-01-02-08:44:21,4,6,3.446837
722,2022-01-02-08:44:23,6,7,2.634906
723,2022-01-02-08:44:26,7,5,2.705831
724,2022-01-02-08:44:28,5,1,1.927123
725,2022-01-02-08:44:31,1,6,2.805586
726,2022-01-02-08:44:34,6,0,2.874593
727,2022-01-02-08:44:36,0,5,2.021036
728,2022-01-02-08:44:39,5,6,3.182753
729,2022-01-02-08:44:43,6,3,3.721243
730,2022-01-02-08:44:47,3,2,4.252700
731,2022-01-02-08:44:49,2,4,1.829014
732,2022-01-02-08:44:52,4,5,3.559397
733,2022-01-02-08:44:54,5,2,1.663482
734,2022-01-02-08:44:56,2,4,1.809024
735,2022-01-02-08:44:58,4,3,2.055234
736,2022-01-02-08:45:01,3,2,2.672221
737,2022-01-02-08:45:02,2,5,1.544309
738,2022-01-02-08:45:04,5,0,1.905505
739,2022-01-02-08:45:06,0,5,1.976054
740,2022-01-02-08:45:09,5,7,2.634265
741,2022-01-02-08:45:11,7,6,2.570419
742,2022-01-02-08:45:15,6,5,3.457473
743,2022-01-02-08:45:17,5,0,1.890704
744,2022-01-02-08:45:18,0,1,1.062789
745,2022-01-02-08:45:19,1,0,1.061515
746,2022-01-02-08:45:21,0,3,2.424280
747,2022-01-02-08:45:26,3,2,4.392421
748,2022-01-02-08:45:30,2,7,4.415381
749,2022-01-02-08:45:32,7,0,2.036431
750,2022-01-02-08:45:33,0,1,1.048241
751,2022-01-02-08:45:34,1,4,1.347836
752,2022-01-02-08:45:36,4,2,1.889619
753,2022-01-02-08:45:39,2,7,2.632389
754,2022-01-02-08:45:41,7,5,2.601190
755,2022-01-02-08:45:45,5,6,3.102348
756,2022-01-02-08:45:48,6,4,3.595935
757,2022-01-02-08:45:50,4,2,1.940218
758,2022-01-02-08:45:52,2,4,1.758830
759,2022-01-02-08:45:54,4,3,2.089796
760,2022-01-02-08:45:56,3,1,2.467222
761,2022-01-02-08:45:59,1,6,2.633632
762,2022-01-02-08:46:02,6,5,2.693182
763,2022-01-02-08:46:04,5,0,1.942024
764,2022-01-02-08:46:06,0,7,1.924198
765,2022-01-02-08:46:08,7,6,2.752606
766,2022-01-02-08:46:11,6,5,2.904358
767,2022-01-02-08:46:14,5,7,2.601678
768,2022-01-02-08:46:17,7,0,3.072057
769,2022-01-02-08:46:20,0,6,2.837193
770,2022-01-02-08:46:23,6,7,3.398878
771,2022-01-02-08:46:26,7,6,2.592328
772,2022-01-02-08:46:29,6,3,3.673646
773,2022-01-02-08:46:32,3,0,2.353299
774,2022-01-02-08:46:33,0,4,1.538968
775,2022-01-02-08:46:35,4,2,2.056740
776,2022-01-02-08:46:38,2,7,2.558186
777,2022-01-02-08:46:42,7,3,4.176878
778,2022-01-02-08:46:45,3,5,3.180755
779,2022-01-02-08:46:47,5,0,1.955071
780,2022-01-02-08:46:48,0,1,1.045488
781,2022-01-02-08:46:50,1,7,1.732973
782,2022-01-02-08:46:54,7,6,4.056278
783,2022-01-02-08:46:58,6,4,3.468550
784,2022-01-02-08:47:01,4,6,3.443606
785,2022-01-02-08:47:04,6,2,3.204640
786,2022-01-02-08:47:06,2,4,1.749151
787,2022-01-02-08:47:08,4,3,2.121977
788,2022-01-02-08:47:10,3,1,2.351214
789,2022-01-02-08:47:12,1,0,1.097658
790,2022-01-02-08:47:13,0,1,1.098420
791,2022-01-02-08:47:15,1,3,2.413559
792,2022-01-02-08:47:17,3,5,2.250097
793,2022-01-02-08:47:19,5,2,1.621829
794,2022-01-02-08:47:21,2,0,1.738079
795,2022-01-02-08:47:23,0,5,1.918727
796,2022-01-02-08:47:26,5,3,3.025737
797,2022-01-02-08:47:28,3,2,2.632704
798,2022-01-02-08:47:31,2,6,3.070851
799,2022-01-02-08:47:35,6,1,3.899086
800,2022-01-02-08:47:37,1,2,2.000001
801,2022-01-02-08:47:39,2,4,1.818477
802,2022-01-02-08:47:41,4,0,1.525668
803,2022-01-02-08:47:42,0,4,1.519092
804,2022-01-02-08:47:46,4,6,3.557589
805,2022-01-02-08:47:49,6,4,3.652803
806,2022-01-02-08:47:51,4,2,2.161680
807,2022-01-02-08:47:54,2,1,2.123430
808,2022-01-02-08:47:56,1,2,1.998610
809,2022-01-02-08:47:59,2,6,3.229636
810,2022-01-02-08:48:03,6,4,3.788775
811,2022-01-02-08:48:04,4,0,1.577180
812,2022-01-02-08:48:06,0,7,1.941868
813,2022-01-02-08:48:08,7,1,1.677407
814,2022-01-02-08:48:10,1,5,1.927033
815,2022-01-02-08:48:12,5,0,1.926701
816,2022-01-02-08:48:14,0,7,1.927665
817,2022-01-02-08:48:16,7,0,1.964519
818,2022-01-02-08:48:18,0,5,2.127733
819,2022-01-02-08:48:21,5,6,2.842912
820,2022-01-02-08:48:23,6,1,2.744140
821,2022-01-02-08:48:26,1,6,2.694019
822,2022-01-02-08:48:29,6,1,2.744643
823,2022-01-02-08:48:30,1,4,1.352322
824,2022-01-02-08:48:31,4,1,1.316940
825,2022-01-02-08:48:32,1,0,1.049947
826,2022-01-02-08:48:35,0,3,2.373578
827,2022-01-02-08:48:38,3,7,3.249102
828,2022-01-02-08:48:41,7,0,3.113833
829,2022-01-02-08:48:45,0,6,3.599918
830,2022-01-02-08:48:48,6,2,3.322415
831,2022-01-02-08:48:50,2,4,1.803189
832,2022-01-02-08:48:51,4,0,1.525649
833,2022-01-02-08:48:54,0,6,2.857783
834,2022-01-02-08:48:56,6,3,2.060111
835,2022-01-02-08:48:58,3,6,2.029674
836,2022-01-02-08:49:02,6,2,3.408085
837,2022-01-02-08:49:05,2,3,2.960489
838,2022-01-02-08:49:08,3,7,3.301593
839,2022-01-02-08:49:11,7,4,3.181352
840,2022-01-02-08:49:15,4,1,3.923924
841,2022-01-02-08:49:17,1,5,2.090717
842,2022-01-02-08:49:19,5,2,1.825821
843,2022-01-02-08:49:21,2,4,1.874217
844,2022-01-02-08:49:23,4,7,1.989574
845,2022-01-02-08:49:25,7,3,2.235314
846,2022-01-02-08:49:29,3,2,4.231337
847,2022-01-02-08:49:32,2,6,3.108613
848,2022-01-02-08:49:36,6,0,3.443458
849,2022-01-02-08:49:38,0,7,1.992106
850,2022-01-02-08:49:42,7,6,3.989944
851,2022-01-02-08:49:45,6,5,3.143956
852,2022-01-02-08:49:48,5,3,3.012220
853,2022-01-02-08:49:52,3,6,3.452618
854,2022-01-02-08:49:54,6,5,2.870202
855,2022-01-02-08:49:56,5,0,1.950978
856,2022-01-02-08:49:58,0,2,1.808453
857,2022-01-02-08:50:00,2,1,1.984965
858,2022-01-02-08:50:01,1,0,1.034335
859,2022-01-02-08:50:03,0,4,1.533432
860,2022-01-02-08:50:04,4,0,1.519927
861,2022-01-02-08:50:06,0,2,1.700618
862,2022-01-02-08:50:08,2,1,2.016311
863,2022-01-02-08:50:10,1,3,2.245228
864,2022-01-02-08:50:13,3,1,2.345053
865,2022-01-02-08:50:16,1,3,3.452692
866,2022-01-02-08:50:19,3,5,2.947824
867,2022-01-02-08:50:21,5,3,2.145208
868,2022-01-02-08:50:23,3,1,2.351061
869,2022-01-02-08:50:26,1,5,2.115580
870,2022-01-02-08:50:28,5,7,2.624953
871,2022-01-02-08:50:31,7,5,2.652520
872,2022-01-02-08:50:34,5,6,3.185634
873,2022-01-02-08:50:37,6,5,3.231389
874,2022-01-02-08:50:40,5,7,2.529077
875,2022-01-02-08:50:42,7,5,2.724466
876,2022-01-02-08:50:44,5,2,1.597214
877,2022-01-02-08:50:47,2,7,2.517521
878,2022-01-02-08:50:50,7,4,3.354647
879,2022-01-02-08:50:52,4,0,1.547983
880,2022-01-02-08:50:53,0,4,1.555161
881,2022-01-02-08:50:55,4,5,1.750346
882,2022-01-02-08:50:57,5,4,1.989392
883,2022-01-02-08:50:59,4,2,1.860862
884,2022-01-02-08:51:02,2,6,3.261912
885,2022-01-02-08:51:05,6,3,3.227405
886,2022-01-02-08:51:09,3,6,3.585972
887,2022-01-02-08:51:12,6,0,2.805864
888,2022-01-02-08:51:13,0,1,1.086616
889,2022-01-02-08:51:15,1,2,1.983798
890,2022-01-02-08:51:16,2,5,1.517133
891,2022-01-02-08:51:18,5,0,1.862884
892,2022-01-02-08:51:20,0,4,1.532181
893,2022-01-02-08:51:22,4,6,2.592257
894,2022-01-02-08:51:25,6,7,2.596490
895,2022-01-02-08:51:27,7,0,1.969089
896,2022-01-02-08:51:28,0,2,1.726026
897,2022-01-02-08:51:31,2,7,2.546434
898,2022-01-02-08:51:34,7,4,3.071816
899,2022-01-02-08:51:36,4,2,1.887648
900,2022-01-02-08:51:37,2,5,1.523150
901,2022-01-02-08:51:41,5,4,3.367948
902,2022-01-02-08:51:44,4,7,3.089085
903,2022-01-02-08:51:47,7,3,3.319617
904,2022-01-02-08:51:50,3,7,3.246830
905,2022-01-02-08:51:53,7,5,2.605832
906,2022-01-02-08:51:55,5,0,2.097197
907,2022-01-02-08:51:58,0,3,2.387592
908,2022-01-02-08:52:00,3,2,2.640065
909,2022-01-02-08:52:03,2,6,3.133402
910,2022-01-02-08:52:07,6,3,3.839777
911,2022-01-02-08:52:10,3,0,2.391688
912,2022-01-02-08:52:12,0,3,2.618620
913,2022-01-02-08:52:15,3,2,2.737982
914,2022-01-02-08:52:18,2,6,3.044730
915,2022-01-02-08:52:21,6,4,2.594238
916,2022-01-02-08:52:23,4,3,2.069954
917,2022-01-02-08:52:26,3,7,3.359144
918,2022-01-02-08:52:29,7,2,2.688117
919,2022-01-02-08:52:31,2,7,2.531494
920,2022-01-02-08:52:34,7,2,2.556656
921,2022-01-02-08:52:36,2,7,2.593870
922,2022-01-02-08:52:38,7,4,1.894679
923,2022-01-02-08:52:40,4,2,1.855320
924,2022-01-02-08:52:43,2,7,2.600305
925,2022-01-02-08:52:45,7,5,2.663580
926,2022-01-02-08:52:47,5,4,1.759549
927,2022-01-02-08:52:48,4,1,1.323396
928,2022-01-02-08:52:50,1,5,1.929478
929,2022-01-02-08:52:52,5,1,1.925235
930,2022-01-02-08:52:55,1,6,2.755063
931,2022-01-02-08:52:58,6,5,2.698553
932,2022-01-02-08:53:00,5,0,1.963483
933,2022-01-02-08:53:01,0,4,1.528112
934,2022-01-02-08:53:03,4,5,1.796983
935,2022-01-02-08:53:06,5,6,3.081193
936,2022-01-02-08:53:09,6,7,2.619223
937,2022-01-02-08:53:12,7,1,3.442760
938,2022-01-02-08:53:16,1,3,3.433890
939,2022-01-02-08:53:19,3,7,3.817640
940,2022-01-02-08:53:21,7,1,1.775396
941,2022-01-02-08:53:23,1,7,1.729825
942,2022-01-02-08:53:27,7,6,4.007905
943,2022-01-02-08:53:30,6,2,3.067995
944,2022-01-02-08:53:32,2,0,1.763180
945,2022-01-02-08:53:35,0,6,3.446433
946,2022-01-02-08:53:38,6,5,3.142803
947,2022-01-02-08:53:42,5,6,3.158404
948,2022-01-02-08:53:45,6,3,3.771864
949,2022-01-02-08:53:50,3,2,4.348411
950,2022-01-02-08:53:54,2,6,4.095863
951,2022-01-02-08:53:56,6,7,2.623140
952,2022-01-02-08:53:58,7,1,1.720983
953,2022-01-02-08:53:59,1,4,1.332278
954,2022-01-02-08:54:03,4,6,3.460687
955,2022-01-02-08:54:06,6,0,3.473160
956,2022-01-02-08:54:07,0,1,1.096862
957,2022-01-02-08:54:09,1,4,1.302946
958,2022-01-02-08:54:11,4,2,1.818463
959,2022-01-02-08:54:14,2,6,3.237326
960,2022-01-02-08:54:17,6,2,3.299305
961,2022-01-02-08:54:19,2,4,1.832516
962,2022-01-02-08:54:22,4,2,3.345965
963,2022-01-02-08:54:24,2,0,1.724741
964,2022-01-02-08:54:26,0,2,1.708830
965,2022-01-02-08:54:29,2,3,3.270523
966,2022-01-02-08:54:32,3,5,3.124794
967,2022-01-02-08:54:34,5,1,2.092003
968,2022-01-02-08:54:36,1,2,1.952717
969,2022-01-02-08:54:39,2,3,2.598048
970,2022-01-02-08:54:41,3,2,2.621052
971,2022-01-02-08:54:43,2,0,1.737407
972,2022-01-02-08:54:45,0,2,1.735244
973,2022-01-02-08:54:48,2,6,3.130870
974,2022-01-02-08:54:51,6,4,3.233688
975,2022-01-02-08:54:55,4,2,3.292708
976,2022-01-02-08:54:56,2,5,1.556163
977,2022-01-02-08:54:59,5,6,2.752597
978,2022-01-02-08:55:01,6,3,1.978485
979,2022-01-02-08:55:03,3,4,2.094237
980,2022-01-02-08:55:05,4,2,1.793891
981,2022-01-02-08:55:06,2,0,1.716511
982,2022-01-02-08:55:08,0,2,1.760911
983,2022-01-02-08:55:10,2,5,1.488187
984,2022-01-02-08:55:11,5,2,1.626156
985,2022-01-02-08:55:14,2,6,3.104649
986,2022-01-02-08:55:17,6,0,2.855684
987,2022-01-02-08:55:21,0,6,3.483202
988,2022-01-02-08:55:24,6,0,3.439744
989,2022-01-02-08:55:26,0,7,1.912487
990,2022-01-02-08:55:28,7,3,2.231092
991,2022-01-02-08:55:31,3,5,2.671548
992,2022-01-02-08:55:34,5,3,3.365943
993,2022-01-02-08:55:38,3,7,3.841266
994,2022-01-02-08:55:41,7,5,2.950445
995,2022-01-02-08:55:43,5,0,1.941978
996,2022-01-02-08:55:45,0,5,1.951783
997,2022-01-02-08:55:48,5,7,2.570818
998,2022-01-02-08:55:50,7,6,2.625430
999,2022-01-02-08:55:53,6,5,3.183188
1000,2022-01-02-08:55:56,5,3,3.044898
1001,2022-01-02-08:56:00,3,5,3.242750
1002,2022-01-02-08:56:02,5,1,1.928736
1003,2022-01-02-08:56:03,1,4,1.300847
1004,2022-01-02-08:56:05,4,7,1.914569
1005,2022-01-02-08:56:08,7,5,2.978761
1006,2022-01-02-08:56:10,5,4,1.942095
1007,2022-01-02-08:56:12,4,5,1.798518
1008,2022-01-02-08:56:14,5,3,2.305838
1009,2022-01-02-08:56:16,3,1,2.294012
1010,2022-01-02-08:56:18,1,2,1.942700
1011,2022-01-02-08:56:21,2,7,2.589075
1012,2022-01-02-08:56:23,7,2,2.606321
1013,2022-01-02-08:56:26,2,3,2.631442
1014,2022-01-02-08:56:28,3,4,2.085829
1015,2022-01-02-08:56:30,4,3,2.134981
1016,2022-01-02-08:56:32,3,5,2.298468
1017,2022-01-02-08:56:34,5,2,1.571030
1018,2022-01-02-08:56:36,2,4,1.783036
1019,2022-01-02-08:56:38,4,5,1.760144
1020,2022-01-02-08:56:40,5,0,2.054810
1021,2022-01-02-08:56:42,0,5,2.051179
1022,2022-01-02-08:56:45,5,3,3.301696
1023,2022-01-02-08:56:48,3,2,3.126836
1024,2022-01-02-08:56:51,2,7,2.546166
1025,2022-01-02-08:56:53,7,5,2.646481
1026,2022-01-02-08:56:56,5,3,2.493259
1027,2022-01-02-08:56:58,3,2,2.645931
1028,2022-01-02-08:57:00,2,4,1.793894
1029,2022-01-02-08:57:02,4,0,1.525797
1030,2022-01-02-08:57:03,0,4,1.541635
1031,2022-01-02-08:57:05,4,5,1.754276
1032,2022-01-02-08:57:07,5,1,2.046759
1033,2022-01-02-08:57:08,1,4,1.328950
1034,2022-01-02-08:57:11,4,3,2.058139
1035,2022-01-02-08:57:13,3,5,2.357309
1036,2022-01-02-08:57:15,5,1,2.132349
1037,2022-01-02-08:57:18,1,6,2.627129
1038,2022-01-02-08:57:21,6,4,2.946921
1039,2022-01-02-08:57:23,4,7,1.926567
1040,2022-01-02-08:57:25,7,5,2.599329
1041,2022-01-02-08:57:28,5,3,3.011084
1042,2022-01-02-08:57:31,3,5,3.022796
1043,2022-01-02-08:57:34,5,4,3.277202
1044,2022-01-02-08:57:38,4,0,3.721199
1045,2022-01-02-08:57:41,0,3,2.814984
1046,2022-01-02-08:57:43,3,5,2.396957
1047,2022-01-02-08:57:47,5,2,3.747943
1048,2022-01-02-08:57:51,2,3,4.367513
1049,2022-01-02-08:57:53,3,6,1.998133
1050,2022-01-02-08:57:57,6,7,3.415478
1051,2022-01-02-08:58:00,7,1,3.226088
1052,2022-01-02-08:58:02,1,5,1.927594
1053,2022-01-02-08:58:04,5,0,2.097815
1054,2022-01-02-08:58:06,0,2,1.753481
1055,2022-01-02-08:58:07,2,5,1.546256
1056,2022-01-02-08:58:09,5,4,1.768920
1057,2022-01-02-08:58:11,4,7,1.941662
1058,2022-01-02-08:58:14,7,2,2.618178
1059,2022-01-02-08:58:16,2,7,2.566693
1060,2022-01-02-08:58:19,7,4,2.993755
1061,2022-01-02-08:58:21,4,1,1.325000
1062,2022-01-02-08:58:23,1,6,2.693192
1063,2022-01-02-08:58:26,6,1,2.915305
1064,2022-01-02-08:58:28,1,2,1.936697
1065,2022-01-02-08:58:30,2,4,1.750392
1066,2022-01-02-08:58:33,4,6,3.459925
1067,2022-01-02-08:58:37,6,4,3.321097
1068,2022-01-02-08:58:40,4,6,3.201905
1069,2022-01-02-08:58:43,6,4,3.449712
1070,2022-01-02-08:58:47,4,6,3.501752
1071,2022-01-02-08:58:51,6,7,4.068165
1072,2022-01-02-08:58:53,7,1,1.667463
1073,2022-01-02-08:58:56,1,3,3.562591
1074,2022-01-02-08:59:00,3,7,3.868094
1075,2022-01-02-08:59:04,7,6,4.097522
1076,2022-01-02-08:59:08,6,0,3.443310
1077,2022-01-02-08:59:11,0,3,3.471017
1078,2022-01-02-08:59:15,3,1,3.443242
1079,2022-01-02-08:59:16,1,7,1.699307
1080,2022-01-02-08:59:18,7,1,1.665539
1081,2022-01-02-08:59:19,1,4,1.321993
1082,2022-01-02-08:59:23,4,2,4.043177
1083,2022-01-02-08:59:27,2,5,3.615086
1084,2022-01-02-08:59:30,5,4,3.299724
1085,2022-01-02-08:59:34,4,1,3.846904
1086,2022-01-02-08:59:36,1,3,2.231165
1087,2022-01-02-08:59:39,3,1,2.358685
1088,2022-01-02-08:59:40,1,7,1.686843
1089,2022-01-02-08:59:43,7,2,2.593611
1090,2022-01-02-08:59:46,2,6,3.067663
1091,2022-01-02-08:59:49,6,1,2.741197
1092,2022-01-02-08:59:51,1,5,1.999113
1093,2022-01-02-08:59:54,5,2,3.680888
1094,2022-01-02-08:59:58,2,5,3.713394
1095,2022-01-02-09:00:01,5,7,2.633460
1096,2022-01-02-09:00:04,7,0,3.031789
1097,2022-01-02-09:00:06,0,5,2.158736
1098,2022-01-02-09:00:08,5,0,2.043111
1099,2022-01-02-09:00:10,0,3,2.442249
1100,2022-01-02-09:00:12,3,6,2.048867
1101,2022-01-02-09:00:16,6,2,3.056264
1102,2022-01-02-09:00:18,2,7,2.608883
1103,2022-01-02-09:00:21,7,5,2.841556
1104,2022-01-02-09:00:23,5,1,1.963964
1105,2022-01-02-09:00:25,1,3,2.261447
1106,2022-01-02-09:00:27,3,6,1.928198
1107,2022-01-02-09:00:31,6,2,4.290106
1108,2022-01-02-09:00:35,2,5,3.748609
1109,2022-01-02-09:00:37,5,0,1.907822
1110,2022-01-02-09:00:39,0,2,1.746327
1111,2022-01-02-09:00:41,2,1,1.994900
1112,2022-01-02-09:00:43,1,2,1.964816
1113,2022-01-02-09:00:44,2,5,1.517119
1114,2022-01-02-09:00:46,5,1,2.032550
1115,2022-01-02-09:00:50,1,3,3.487872
1116,2022-01-02-09:00:53,3,1,3.419026
1117,2022-01-02-09:00:57,1,6,3.654071
1118,2022-01-02-09:01:00,6,4,3.472124
1119,2022-01-02-09:01:02,4,7,1.898051
1120,2022-01-02-09:01:05,7,2,2.725763
1121,2022-01-02-09:01:07,2,1,1.957351
1122,2022-01-02-09:01:08,1,0,1.080800
1123,2022-01-02-09:01:10,0,5,1.899802
1124,2022-01-02-09:01:12,5,1,2.110726
1125,2022-01-02-09:01:14,1,3,2.380538
1126,2022-01-02-09:01:18,3,4,3.937516
1127,2022-01-02-09:01:21,4,3,2.193504
1128,2022-01-02-09:01:24,3,7,3.855750
1129,2022-01-02-09:01:28,7,6,4.051984
1130,2022-01-02-09:01:32,6,0,3.483091
1131,2022-01-02-09:01:33,0,4,1.534000
1132,2022-01-02-09:01:37,4,6,3.466698
1133,2022-01-02-09:01:41,6,7,4.167640
1134,2022-01-02-09:01:44,7,2,2.726678
1135,2022-01-02-09:01:47,2,3,3.228338
1136,2022-01-02-09:01:51,3,1,3.589290
1137,2022-01-02-09:01:53,1,5,1.951974
1138,2022-01-02-09:01:54,5,2,1.535083
1139,2022-01-02-09:01:56,2,1,2.054737
1140,2022-01-02-09:01:57,1,0,1.087907
1141,2022-01-02-09:01:58,0,1,1.091677
1142,2022-01-02-09:02:00,1,7,1.730121
1143,2022-01-02-09:02:02,7,3,2.149671
1144,2022-01-02-09:02:05,3,0,2.521082
1145,2022-01-02-09:02:08,0,6,2.991952
1146,2022-01-02-09:02:11,6,5,2.919502
1147,2022-01-02-09:02:13,5,7,2.645302
1148,2022-01-02-09:02:16,7,6,2.568379
1149,2022-01-02-09:02:19,6,5,3.258974
1150,2022-01-02-09:02:22,5,3,2.385570
1151,2022-01-02-09:02:24,3,4,2.202398
1152,2022-01-02-09:02:28,4,2,4.243483
1153,2022-01-02-09:02:32,2,5,3.734852
1154,2022-01-02-09:02:34,5,1,1.986655
1155,2022-01-02-09:02:35,1,4,1.332908
1156,2022-01-02-09:02:37,4,2,1.783668
1157,2022-01-02-09:02:40,2,6,3.308645
1158,2022-01-02-09:02:44,6,4,3.856996
1159,2022-01-02-09:02:47,4,5,3.324978
1160,2022-01-02-09:02:50,5,6,3.091461
1161,2022-01-02-09:02:54,6,2,3.255258
1162,2022-01-02-09:02:56,2,7,2.538894
1163,2022-01-02-09:02:59,7,2,3.112321
1164,2022-01-02-09:03:03,2,0,4.053209
1165,2022-01-02-09:03:07,0,6,3.559542
1166,2022-01-02-09:03:10,6,2,3.116377
1167,2022-01-02-09:03:12,2,4,1.877371
1168,2022-01-02-09:03:16,4,6,3.738825
1169,2022-01-02-09:03:18,6,1,2.663275
1170,2022-01-02-09:03:20,1,7,1.732074
1171,2022-01-02-09:03:24,7,6,4.085486
1172,2022-01-02-09:03:28,6,0,3.506002
1173,2022-01-02-09:03:30,0,3,2.590262
1174,2022-01-02-09:03:33,3,5,2.293597
1175,2022-01-02-09:03:36,5,6,3.068687
1176,2022-01-02-09:03:38,6,7,2.599690
1177,2022-01-02-09:03:41,7,4,3.143184
1178,2022-01-02-09:03:45,4,0,3.633460
1179,2022-01-02-09:03:47,0,4,1.555260
1180,2022-01-02-09:03:48,4,1,1.395086
1181,2022-01-02-09:03:52,1,6,3.638920
1182,2022-01-02-09:03:55,6,2,3.175611
1183,2022-01-02-09:03:57,2,3,2.653396
1184,2022-01-02-09:04:01,3,5,3.504248
1185,2022-01-02-09:04:04,5,3,2.630672
1186,2022-01-02-09:04:06,3,2,2.703346
1187,2022-01-02-09:04:08,2,1,2.005529
1188,2022-01-02-09:04:10,1,3,2.246331
1189,2022-01-02-09:04:14,3,7,3.267281
1190,2022-01-02-09:04:17,7,0,3.068893
1191,2022-01-02-09:04:18,0,1,1.133792
1192,2022-01-02-09:04:20,1,2,1.957081
1193,2022-01-02-09:04:23,2,3,2.711845
1194,2022-01-02-09:04:25,3,7,2.171276
1195,2022-01-02-09:04:29,7,4,4.068578
1196,2022-01-02-09:04:32,4,5,3.511455
1197,2022-01-02-09:04:34,5,1,2.054083
1198,2022-01-02-09:04:36,1,4,1.351974
1199,2022-01-02-09:04:37,4,1,1.356428
1200,2022-01-02-09:04:41,1,6,3.606702
1201,2022-01-02-09:04:45,6,7,4.022751
1202,2022-01-02-09:04:49,7,4,4.038482
1203,2022-01-02-09:04:52,4,6,3.338223
1204,2022-01-02-09:04:55,6,5,3.203216
1205,2022-01-02-09:04:59,5,3,3.235479
1206,2022-01-02-09:05:02,3,0,3.355681
1207,2022-01-02-09:05:04,0,5,2.037350
1208,2022-01-02-09:05:08,5,2,3.750314
1209,2022-01-02-09:05:10,2,3,2.642167
1210,2022-01-02-09:05:14,3,5,3.281814
1211,2022-01-02-09:05:16,5,0,1.936198
1212,2022-01-02-09:05:17,0,2,1.828778
1213,2022-01-02-09:05:19,2,0,1.714533
1214,2022-01-02-09:05:22,0,3,2.450244
1215,2022-01-02-09:05:24,3,1,2.324251
1216,2022-01-02-09:05:25,1,4,1.346906
1217,2022-01-02-09:05:27,4,5,1.810465
1218,2022-01-02-09:05:30,5,6,3.268911
1219,2022-01-02-09:05:34,6,1,3.661728
1220,2022-01-02-09:05:36,1,2,2.009319
1221,2022-01-02-09:05:39,2,6,3.197245
1222,2022-01-02-09:05:42,6,2,3.201899
1223,2022-01-02-09:05:45,2,7,2.563452
1224,2022-01-02-09:05:48,7,0,3.168406
1225,2022-01-02-09:05:50,0,2,1.817290
1226,2022-01-02-09:05:53,2,6,3.165274
1227,2022-01-02-09:05:57,6,1,3.642056
1228,2022-01-02-09:05:59,1,2,1.940557
1229,2022-01-02-09:06:02,2,6,3.255415
1230,2022-01-02-09:06:06,6,3,3.700281
1231,2022-01-02-09:06:08,3,4,2.137003
1232,2022-01-02-09:06:10,4,7,1.911856
1233,2022-01-02-09:06:12,7,2,2.563290
1234,2022-01-02-09:06:15,2,6,3.127405
1235,2022-01-02-09:06:19,6,7,4.053698
1236,2022-01-02-09:06:21,7,1,1.682645
1237,2022-01-02-09:06:23,1,5,2.062451
1238,2022-01-02-09:06:25,5,4,2.222501
1239,2022-01-02-09:06:28,4,3,2.162563
1240,2022-01-02-09:06:30,3,1,2.348816
1241,2022-01-02-09:06:32,1,5,1.985092
1242,2022-01-02-09:06:35,5,4,3.444886
1243,2022-01-02-09:06:39,4,0,3.894469
1244,2022-01-02-09:06:43,0,3,3.347466
1245,2022-01-02-09:06:46,3,0,3.349457
1246,2022-01-02-09:06:48,0,2,1.740932
1247,2022-01-02-09:06:50,2,3,2.661250
1248,2022-01-02-09:06:52,3,6,2.029612
1249,2022-01-02-09:06:55,6,5,2.747999
1250,2022-01-02-09:06:57,5,4,1.895759
1251,2022-01-02-09:06:59,4,0,1.598624
1252,2022-01-02-09:07:00,0,1,1.064905
1253,2022-01-02-09:07:03,1,6,2.808928
1254,2022-01-02-09:07:05,6,0,2.835766
1255,2022-01-02-09:07:06,0,1,1.053425
1256,2022-01-02-09:07:08,1,4,1.344176
1257,2022-01-02-09:07:10,4,5,1.802228
1258,2022-01-02-09:07:12,5,4,2.211822
1259,2022-01-02-09:07:13,4,0,1.551275
1260,2022-01-02-09:07:16,0,3,2.368053
1261,2022-01-02-09:07:18,3,6,1.980833
1262,2022-01-02-09:07:20,6,4,2.756102
1263,2022-01-02-09:07:22,4,0,1.607903
1264,2022-01-02-09:07:24,0,3,2.459886
1265,2022-01-02-09:07:27,3,4,2.071630
1266,2022-01-02-09:07:28,4,5,1.802043
1267,2022-01-02-09:07:30,5,1,2.047402
1268,2022-01-02-09:07:33,1,3,2.368626
1269,2022-01-02-09:07:35,3,1,2.231361
1270,2022-01-02-09:07:38,1,6,2.758315
1271,2022-01-02-09:07:41,6,4,2.759671
1272,2022-01-02-09:07:43,4,3,2.147730
1273,2022-01-02-09:07:45,3,6,2.060631
1274,2022-01-02-09:07:47,6,4,2.742751
1275,2022-01-02-09:07:49,4,5,1.767747
1276,2022-01-02-09:07:53,5,4,3.268696
1277,2022-01-02-09:07:56,4,2,3.417937
1278,2022-01-02-09:07:59,2,3,2.933432
1279,2022-01-02-09:08:03,3,2,4.211532
1280,2022-01-02-09:08:08,2,3,4.694924
1281,2022-01-02-09:08:12,3,2,4.245264
1282,2022-01-02-09:08:16,2,1,4.170704
1283,2022-01-02-09:08:17,1,0,1.097449
1284,2022-01-02-09:08:20,0,6,2.927094
1285,2022-01-02-09:08:24,6,2,4.153627
1286,2022-01-02-09:08:29,2,1,4.214222
1287,2022-01-02-09:08:31,1,5,2.026192
1288,2022-01-02-09:08:32,5,2,1.625697
1289,2022-01-02-09:08:34,2,4,1.802019
1290,2022-01-02-09:08:36,4,5,1.822140
1291,2022-01-02-09:08:38,5,1,1.962420
1292,2022-01-02-09:08:40,1,7,1.748969
1293,2022-01-02-09:08:42,7,3,2.435765
1294,2022-01-02-09:08:45,3,5,2.547902
1295,2022-01-02-09:08:47,5,0,2.032741
1296,2022-01-02-09:08:49,0,5,1.971160
1297,2022-01-02-09:08:50,5,2,1.638347
1298,2022-01-02-09:08:52,2,4,1.776367
1299,2022-01-02-09:08:53,4,1,1.332926
1300,2022-01-02-09:08:56,1,3,2.282720
1301,2022-01-02-09:08:58,3,5,2.444361
1302,2022-01-02-09:09:00,5,2,1.605943
1303,2022-01-02-09:09:02,2,1,2.007376
1304,2022-01-02-09:09:04,1,5,2.225777
1305,2022-01-02-09:09:06,5,0,2.171334
1306,2022-01-02-09:09:08,0,5,1.935754
1307,2022-01-02-09:09:11,5,7,2.566940
1308,2022-01-02-09:09:14,7,3,3.348598
1309,2022-01-02-09:09:16,3,4,2.138316
1310,2022-01-02-09:09:18,4,0,1.563813
1311,2022-01-02-09:09:19,0,2,1.730931
1312,2022-01-02-09:09:22,2,3,2.651361
1313,2022-01-02-09:09:24,3,5,2.244835
1314,2022-01-02-09:09:26,5,0,1.959668
1315,2022-01-02-09:09:30,0,3,3.318308
1316,2022-01-02-09:09:33,3,6,3.161305
1317,2022-01-02-09:09:36,6,0,3.550864
1318,2022-01-02-09:09:38,0,4,1.535793
1319,2022-01-02-09:09:40,4,3,2.132581
1320,2022-01-02-09:09:42,3,1,2.361457
1321,2022-01-02-09:09:44,1,2,2.000184
1322,2022-01-02-09:09:46,2,0,1.794539
1323,2022-01-02-09:09:50,0,6,3.484903
1324,2022-01-02-09:09:53,6,4,3.591445
1325,2022-01-02-09:09:55,4,0,1.532222
1326,2022-01-02-09:09:57,0,3,2.411178
1327,2022-01-02-09:09:59,3,5,2.272946
1328,2022-01-02-09:10:01,5,1,1.945567
1329,2022-01-02-09:10:05,1,3,3.489858
1330,2022-01-02-09:10:08,3,1,3.670379
1331,2022-01-02-09:10:12,1,6,3.695199
1332,2022-01-02-09:10:16,6,4,3.759679
1333,2022-01-02-09:10:19,4,6,3.421737
1334,2022-01-02-09:10:23,6,3,3.172286
1335,2022-01-02-09:10:26,3,7,3.837119
1336,2022-01-02-09:10:30,7,3,3.887453
1337,2022-01-02-09:10:33,3,2,3.102748
1338,2022-01-02-09:10:35,2,4,1.824468
1339,2022-01-02-09:10:39,4,2,4.148499
1340,2022-01-02-09:10:41,2,4,1.874822
1341,2022-01-02-09:10:43,4,3,2.167285
1342,2022-01-02-09:10:46,3,4,2.296177
1343,2022-01-02-09:10:49,4,6,3.715677
1344,2022-01-02-09:10:52,6,0,2.842934
1345,2022-01-02-09:10:54,0,4,1.578933
1346,2022-01-02-09:10:55,4,0,1.546285
1347,2022-01-02-09:10:59,0,3,3.864757
1348,2022-01-02-09:11:03,3,4,3.379692
1349,2022-01-02-09:11:09,4,7,6.519650
1350,2022-01-02-09:11:14,7,5,4.565476
1351,2022-01-02-09:11:17,5,4,3.697576
1352,2022-01-02-09:11:22,4,0,4.346486
1353,2022-01-02-09:11:26,0,3,4.089464
1354,2022-01-02-09:11:30,3,7,4.022506
1355,2022-01-02-09:11:34,7,6,4.410864
1356,2022-01-02-09:11:38,6,0,3.723938
1357,2022-01-02-09:11:40,0,5,2.040264
1358,2022-01-02-09:11:42,5,0,1.937679
1359,2022-01-02-09:11:44,0,5,2.481798
1360,2022-01-02-09:11:47,5,7,2.596828
1361,2022-01-02,09:12:02,7,4,15.011106
Action Server timeout : niryo_one/commander/robot_action
