--- Start
Calibration finished !

Learning mode activated? 
False
iteration,date,init_position,final_position,time
0,2022-01-02-10:51:05,-1,3,2.542990
1,2022-01-02-10:51:07,3,4,2.095743
2,2022-01-02-10:51:11,4,6,3.434975
3,2022-01-02-10:51:14,6,1,3.530044
4,2022-01-02-10:51:15,1,0,0.979927
5,2022-01-02-10:51:16,0,1,0.978879
6,2022-01-02-10:51:18,1,4,1.279150
7,2022-01-02-10:51:19,4,7,1.824838
8,2022-01-02-10:51:22,7,5,2.591583
9,2022-01-02-10:51:24,5,3,2.146652
10,2022-01-02-10:51:26,3,5,2.147314
11,2022-01-02-10:51:28,5,2,1.504540
12,2022-01-02-10:51:30,2,0,1.702505
13,2022-01-02-10:51:33,0,6,3.447500
14,2022-01-02-10:51:36,6,4,3.420130
15,2022-01-02-10:51:38,4,0,1.549576
16,2022-01-02-10:51:40,0,7,1.889004
17,2022-01-02-10:51:42,7,0,1.876462
18,2022-01-02-10:51:44,0,5,1.824281
19,2022-01-02-10:51:46,5,7,2.546380
20,2022-01-02-10:51:48,7,0,1.879843
21,2022-01-02-10:51:50,0,3,2.362090
22,2022-01-02-10:51:53,3,7,2.161537
23,2022-01-02-10:51:54,7,1,1.639460
24,2022-01-02-10:51:56,1,2,1.960467
25,2022-01-02-10:51:58,2,1,1.931566
26,2022-01-02-10:51:59,1,0,1.016313
27,2022-01-02-10:52:01,0,5,1.861297
28,2022-01-02-10:52:04,5,6,3.066627
29,2022-01-02-10:52:08,6,3,3.627898
30,2022-01-02-10:52:10,3,0,2.348069
31,2022-01-02-10:52:12,0,5,1.835388
32,2022-01-02-10:52:13,5,2,1.500019
33,2022-01-02-10:52:16,2,6,3.067221
34,2022-01-02-10:52:19,6,5,3.089024
35,2022-01-02-10:52:21,5,4,1.760629
36,2022-01-02-10:52:23,4,1,1.288277
37,2022-01-02-10:52:25,1,3,2.226205
38,2022-01-02-10:52:28,3,6,3.633558
39,2022-01-02-10:52:31,6,5,3.041473
40,2022-01-02-10:52:33,5,2,1.494522
41,2022-01-02-10:52:36,2,6,3.068645
42,2022-01-02-10:52:39,6,0,3.441356
43,2022-01-02-10:52:40,0,1,1.019814
44,2022-01-02-10:52:42,1,0,1.033722
45,2022-01-02-10:52:45,0,6,3.417947
46,2022-01-02-10:52:48,6,5,3.070966
47,2022-01-02-10:52:50,5,4,1.732049
48,2022-01-02-10:52:52,4,7,1.838619
49,2022-01-02-10:52:54,7,2,2.556916
50,2022-01-02-10:52:56,2,1,1.935419
51,2022-01-02-10:52:57,1,0,1.020277
52,2022-01-02-10:52:59,0,2,1.696993
53,2022-01-02-10:53:02,2,6,3.048567
54,2022-01-02-10:53:05,6,4,3.436290
55,2022-01-02-10:53:07,4,0,1.484817
56,2022-01-02-10:53:09,0,3,2.321586
57,2022-01-02-10:53:11,3,0,2.353369
58,2022-01-02-10:53:13,0,4,1.520776
59,2022-01-02-10:53:14,4,0,1.489709
60,2022-01-02-10:53:15,0,1,1.024272
61,2022-01-02-10:53:17,1,5,1.892457
62,2022-01-02-10:53:20,5,6,3.048745
63,2022-01-02-10:53:24,6,4,3.436310
64,2022-01-02-10:53:26,4,2,1.732371
65,2022-01-02-10:53:27,2,5,1.498791
66,2022-01-02-10:53:29,5,2,1.531505
67,2022-01-02-10:53:30,2,0,1.709999
68,2022-01-02-10:53:32,0,2,1.690924
69,2022-01-02-10:53:33,2,5,1.487794
70,2022-01-02-10:53:35,5,1,1.934385
71,2022-01-02-10:53:39,1,6,3.553268
72,2022-01-02-10:53:42,6,2,3.048280
73,2022-01-02-10:53:45,2,7,2.563114
74,2022-01-02-10:53:47,7,2,2.555075
75,2022-01-02-10:53:49,2,0,1.737130
76,2022-01-02-10:53:50,0,4,1.516487
77,2022-01-02-10:53:54,4,6,3.430236
78,2022-01-02-10:53:57,6,4,3.431267
79,2022-01-02-10:53:59,4,3,2.126477
80,2022-01-02-10:54:02,3,2,2.586611
81,2022-01-02-10:54:05,2,3,2.599701
82,2022-01-02-10:54:07,3,4,2.110520
83,2022-01-02-10:54:09,4,7,1.850814
84,2022-01-02-10:54:10,7,0,1.922855
85,2022-01-02-10:54:12,0,2,1.676752
86,2022-01-02-10:54:15,2,7,2.531160
87,2022-01-02-10:54:17,7,5,2.540940
88,2022-01-02-10:54:19,5,0,1.857401
89,2022-01-02-10:54:21,0,3,2.336961
90,2022-01-02-10:54:24,3,5,2.141988
91,2022-01-02-10:54:26,5,7,2.564757
92,2022-01-02-10:54:28,7,0,1.915021
93,2022-01-02-10:54:30,0,7,1.901075
94,2022-01-02-10:54:34,7,6,3.996286
95,2022-01-02-10:54:37,6,2,3.093340
96,2022-01-02-10:54:39,2,4,1.732145
97,2022-01-02-10:54:42,4,6,3.437015
98,2022-01-02-10:54:46,6,1,3.523811
99,2022-01-02-10:54:48,1,5,1.923179
100,2022-01-02-10:54:49,5,4,1.754114
101,2022-01-02-10:54:51,4,0,1.483086
102,2022-01-02-10:54:53,0,2,1.681032
103,2022-01-02-10:54:55,2,3,2.553911
104,2022-01-02-10:54:57,3,1,2.232113
105,2022-01-02-10:54:59,1,7,1.635321
106,2022-01-02-10:55:02,7,2,2.541725
107,2022-01-02-10:55:03,2,1,1.934747
108,2022-01-02-10:55:05,1,4,1.280943
109,2022-01-02-10:55:06,4,2,1.733288
110,2022-01-02-10:55:09,2,3,2.585752
111,2022-01-02-10:55:11,3,7,2.127171
112,2022-01-02-10:55:13,7,0,1.884726
113,2022-01-02-10:55:15,0,7,1.884475
114,2022-01-02-10:55:17,7,5,2.558274
115,2022-01-02-10:55:21,5,6,3.090681
116,2022-01-02-10:55:24,6,3,3.607458
117,2022-01-02-10:55:26,3,7,2.122214
118,2022-01-02-10:55:29,7,5,2.556468
119,2022-01-02-10:55:31,5,3,2.159765
120,2022-01-02-10:55:33,3,1,2.208907
121,2022-01-02-10:55:35,1,5,1.916216
122,2022-01-02-10:55:37,5,0,1.824687
123,2022-01-02-10:55:39,0,2,1.714720
124,2022-01-02-10:55:40,2,4,1.781048
125,2022-01-02-10:55:42,4,1,1.281969
126,2022-01-02-10:55:43,1,0,1.018348
127,2022-01-02-10:55:45,0,3,2.338255
128,2022-01-02-10:55:47,3,4,2.093171
129,2022-01-02-10:55:49,4,5,1.747742
130,2022-01-02-10:55:50,5,2,1.517721
131,2022-01-02-10:55:52,2,1,1.965018
132,2022-01-02-10:55:54,1,7,1.647345
133,2022-01-02-10:55:57,7,5,2.526316
134,2022-01-02-10:55:58,5,2,1.515051
135,2022-01-02-10:56:00,2,4,1.755475
136,2022-01-02-10:56:02,4,2,1.718519
137,2022-01-02-10:56:03,2,5,1.488758
138,2022-01-02-10:56:06,5,6,3.094554
139,2022-01-02-10:56:10,6,0,3.449493
140,2022-01-02-10:56:13,0,6,3.436152
141,2022-01-02-10:56:17,6,0,3.429860
142,2022-01-02-10:56:18,0,4,1.495868
143,2022-01-02-10:56:21,4,6,3.431547
144,2022-01-02-10:56:25,6,7,3.964544
145,2022-01-02-10:56:27,7,1,1.651843
146,2022-01-02-10:56:29,1,3,2.191325
147,2022-01-02-10:56:31,3,7,2.092706
148,2022-01-02-10:56:35,7,6,3.945380
149,2022-01-02-10:56:39,6,1,3.492091
150,2022-01-02-10:56:41,1,2,1.960681
151,2022-01-02-10:56:43,2,1,1.975995
152,2022-01-02-10:56:45,1,2,1.938617
153,2022-01-02-10:56:47,2,3,2.555420
154,2022-01-02-10:56:51,3,6,3.597288
155,2022-01-02-10:56:54,6,5,3.039868
156,2022-01-02-10:56:56,5,1,1.917137
157,2022-01-02-10:56:58,1,3,2.184832
158,2022-01-02-10:57:00,3,7,2.119357
159,2022-01-02-10:57:02,7,3,2.095369
160,2022-01-02-10:57:06,3,6,3.579356
161,2022-01-02-10:57:09,6,5,3.089037
162,2022-01-02-10:57:11,5,7,2.568841
163,2022-01-02-10:57:14,7,3,2.123315
164,2022-01-02-10:57:17,3,6,3.648801
165,2022-01-02-10:57:20,6,2,3.045968
166,2022-01-02-10:57:22,2,1,1.957993
167,2022-01-02-10:57:26,1,6,3.507764
168,2022-01-02-10:57:29,6,3,3.635421
169,2022-01-02-10:57:32,3,5,2.190525
170,2022-01-02-10:57:33,5,1,1.955006
171,2022-01-02-10:57:34,1,0,1.029351
172,2022-01-02-10:57:36,0,1,1.022206
173,2022-01-02-10:57:38,1,3,2.219312
174,2022-01-02-10:57:40,3,0,2.349240
175,2022-01-02-10:57:42,0,2,1.722269
176,2022-01-02-10:57:44,2,7,2.592664
177,2022-01-02-10:57:47,7,3,2.123273
178,2022-01-02-10:57:49,3,0,2.351498
179,2022-01-02-10:57:52,0,6,3.447741
180,2022-01-02-10:57:55,6,2,3.087267
181,2022-01-02-10:57:57,2,1,1.948057
182,2022-01-02-10:57:59,1,5,1.920149
183,2022-01-02-10:58:01,5,2,1.485734
184,2022-01-02-10:58:02,2,5,1.489032
185,2022-01-02-10:58:05,5,7,2.560399
186,2022-01-02-10:58:07,7,2,2.546657
187,2022-01-02-10:58:10,2,3,2.559524
188,2022-01-02-10:58:12,3,0,2.327372
189,2022-01-02-10:58:14,0,4,1.515212
190,2022-01-02-10:58:16,4,2,1.742153
191,2022-01-02-10:58:17,2,5,1.525417
192,2022-01-02-10:58:20,5,6,3.086015
193,2022-01-02-10:58:23,6,2,3.053425
194,2022-01-02-10:58:25,2,5,1.483980
195,2022-01-02-10:58:27,5,7,2.543065
196,2022-01-02-10:58:29,7,1,1.691978
197,2022-01-02-10:58:32,1,6,3.565238
198,2022-01-02-10:58:36,6,3,3.625075
199,2022-01-02-10:58:38,3,7,2.097672
200,2022-01-02-10:58:40,7,0,1.883657
201,2022-01-02-10:58:42,0,3,2.327907
202,2022-01-02-10:58:45,3,1,2.223108
203,2022-01-02-10:58:47,1,2,1.929708
204,2022-01-02-10:58:49,2,7,2.548124
205,2022-01-02-10:58:51,7,4,1.841515
206,2022-01-02-10:58:53,4,2,1.738948
207,2022-01-02-10:58:55,2,7,2.555943
208,2022-01-02-10:58:57,7,0,1.929028
209,2022-01-02-10:59:01,0,6,3.423877
210,2022-01-02-10:59:04,6,4,3.424206
211,2022-01-02-10:59:07,4,6,3.388594
212,2022-01-02-10:59:11,6,3,3.565524
213,2022-01-02-10:59:13,3,7,2.088635
214,2022-01-02-10:59:16,7,2,2.591744
215,2022-01-02-10:59:18,2,1,1.933216
216,2022-01-02-10:59:19,1,7,1.692058
217,2022-01-02-10:59:21,7,4,1.852438
218,2022-01-02-10:59:23,4,0,1.495134
219,2022-01-02-10:59:24,0,5,1.852538
220,2022-01-02-10:59:26,5,0,1.823373
221,2022-01-02-10:59:30,0,6,3.416657
222,2022-01-02-10:59:33,6,5,3.086293
223,2022-01-02-10:59:35,5,4,1.759301
224,2022-01-02-10:59:37,4,3,2.129421
225,2022-01-02-10:59:39,3,5,2.138048
226,2022-01-02-10:59:41,5,3,2.155133
227,2022-01-02-10:59:43,3,7,2.092723
228,2022-01-02-10:59:45,7,4,1.858961
229,2022-01-02-10:59:47,4,5,1.739365
230,2022-01-02-10:59:49,5,7,2.569949
231,2022-01-02-10:59:51,7,4,1.859692
232,2022-01-02-10:59:53,4,0,1.482263
233,2022-01-02-10:59:54,0,4,1.488779
234,2022-01-02-10:59:56,4,7,1.892041
235,2022-01-02-10:59:58,7,1,1.649630
236,2022-01-02-11:00:00,1,2,2.004500
237,2022-01-02-11:00:02,2,1,1.937144
238,2022-01-02-11:00:05,1,6,3.531020
239,2022-01-02-11:00:09,6,4,3.433498
240,2022-01-02-11:00:10,4,0,1.519374
241,2022-01-02-11:00:12,0,4,1.521381
242,2022-01-02-11:00:13,4,5,1.753502
243,2022-01-02-11:00:15,5,0,1.845432
244,2022-01-02-11:00:16,0,1,1.033507
245,2022-01-02-11:00:17,1,0,1.024161
246,2022-01-02-11:00:19,0,5,1.843661
247,2022-01-02-11:00:21,5,3,2.142905
248,2022-01-02-11:00:24,3,0,2.363022
249,2022-01-02-11:00:25,0,1,1.028294
250,2022-01-02-11:00:26,1,4,1.321647
251,2022-01-02-11:00:28,4,3,2.129423
252,2022-01-02-11:00:31,3,2,2.554171
253,2022-01-02-11:00:32,2,0,1.687520
254,2022-01-02-11:00:34,0,2,1.695500
255,2022-01-02-11:00:36,2,5,1.520962
256,2022-01-02-11:00:37,5,4,1.749946
257,2022-01-02-11:00:39,4,1,1.335602
258,2022-01-02-11:00:40,1,0,0.978998
259,2022-01-02-11:00:43,0,6,3.428844
260,2022-01-02-11:00:46,6,5,3.101216
261,2022-01-02-11:00:49,5,7,2.550226
262,2022-01-02-11:00:51,7,2,2.590370
263,2022-01-02-11:00:53,2,5,1.519244
264,2022-01-02-11:00:54,5,2,1.486630
265,2022-01-02-11:00:56,2,4,1.803176
266,2022-01-02-11:00:58,4,7,1.860534
267,2022-01-02-11:01:00,7,3,2.128869
268,2022-01-02-11:01:02,3,4,2.144417
269,2022-01-02-11:01:04,4,7,1.835871
270,2022-01-02-11:01:06,7,3,2.134839
271,2022-01-02-11:01:08,3,1,2.191838
272,2022-01-02-11:01:10,1,7,1.630797
273,2022-01-02-11:01:13,7,5,2.598587
274,2022-01-02-11:01:14,5,2,1.524423
275,2022-01-02-11:01:16,2,0,1.714628
276,2022-01-02-11:01:18,0,7,1.914565
277,2022-01-02-11:01:20,7,4,1.852751
278,2022-01-02-11:01:23,4,6,3.420793
279,2022-01-02-11:01:27,6,1,3.523070
280,2022-01-02-11:01:30,1,6,3.515656
281,2022-01-02-11:01:33,6,5,3.046274
282,2022-01-02-11:01:36,5,6,3.100729
283,2022-01-02-11:01:40,6,3,3.627432
284,2022-01-02-11:01:42,3,7,2.082730
285,2022-01-02-11:01:44,7,4,1.853836
286,2022-01-02-11:01:45,4,1,1.319139
287,2022-01-02-11:01:47,1,7,1.664952
288,2022-01-02-11:01:49,7,2,2.644774
289,2022-01-02-11:01:52,2,7,2.557007
290,2022-01-02-11:01:54,7,4,1.830903
291,2022-01-02-11:01:56,4,3,2.128630
292,2022-01-02-11:01:58,3,4,2.122248
293,2022-01-02-11:02:00,4,2,1.822964
294,2022-01-02-11:02:02,2,0,1.701586
295,2022-01-02-11:02:03,0,7,1.926095
296,2022-01-02-11:02:06,7,2,2.590882
297,2022-01-02-11:02:08,2,0,1.685555
298,2022-01-02-11:02:10,0,3,2.412324
299,2022-01-02-11:02:12,3,5,2.150436
300,2022-01-02-11:02:15,5,7,2.592070
301,2022-01-02-11:02:18,7,2,2.580478
302,2022-01-02-11:02:20,2,7,2.585100
303,2022-01-02-11:02:22,7,0,1.889901
304,2022-01-02-11:02:23,0,1,1.027998
305,2022-01-02-11:02:25,1,3,2.199447
306,2022-01-02-11:02:27,3,5,2.148883
307,2022-01-02-11:02:30,5,3,2.163873
308,2022-01-02-11:02:33,3,6,3.655808
309,2022-01-02-11:02:37,6,4,3.428263
310,2022-01-02-11:02:38,4,0,1.516229
311,2022-01-02-11:02:40,0,3,2.366519
312,2022-01-02-11:02:43,3,5,2.133975
313,2022-01-02-11:02:44,5,2,1.490802
314,2022-01-02-11:02:46,2,1,1.972950
315,2022-01-02-11:02:48,1,5,1.892580
316,2022-01-02-11:02:50,5,3,2.180660
317,2022-01-02-11:02:52,3,7,2.137840
318,2022-01-02-11:02:55,7,2,2.546676
319,2022-01-02-11:02:57,2,0,1.691789
320,2022-01-02-11:02:58,0,1,1.029633
321,2022-01-02-11:03:00,1,3,2.233172
322,2022-01-02-11:03:02,3,0,2.363553
323,2022-01-02-11:03:04,0,2,1.698283
324,2022-01-02-11:03:06,2,3,2.565213
325,2022-01-02-11:03:10,3,6,3.654774
326,2022-01-02-11:03:14,6,0,3.444879
327,2022-01-02-11:03:15,0,5,1.848771
328,2022-01-02-11:03:18,5,3,2.160871
329,2022-01-02-11:03:21,3,6,3.646852
330,2022-01-02-11:03:24,6,5,3.062378
331,2022-01-02-11:03:26,5,1,1.923578
332,2022-01-02-11:03:28,1,5,1.890888
333,2022-01-02-11:03:30,5,2,1.522441
334,2022-01-02-11:03:33,2,6,3.103782
335,2022-01-02-11:03:36,6,0,3.432739
336,2022-01-02-11:03:38,0,2,1.734144
337,2022-01-02-11:03:40,2,4,1.766865
338,2022-01-02-11:03:41,4,2,1.756405
339,2022-01-02-11:03:44,2,3,2.566121
340,2022-01-02-11:03:46,3,4,2.147532
341,2022-01-02-11:03:47,4,1,1.286252
342,2022-01-02-11:03:51,1,6,3.545389
343,2022-01-02-11:03:54,6,2,3.079274
344,2022-01-02-11:03:55,2,5,1.483764
345,2022-01-02-11:03:58,5,7,2.545187
346,2022-01-02-11:04:00,7,0,1.896325
347,2022-01-02-11:04:02,0,7,1.917426
348,2022-01-02-11:04:03,7,1,1.645426
349,2022-01-02-11:04:06,1,3,2.199631
350,2022-01-02-11:04:08,3,0,2.363932
351,2022-01-02-11:04:10,0,7,1.922208
352,2022-01-02-11:04:13,7,2,2.548038
353,2022-01-02-11:04:14,2,4,1.742507
354,2022-01-02-11:04:16,4,7,1.859678
355,2022-01-02-11:04:18,7,1,1.647033
356,2022-01-02-11:04:19,1,0,1.010326
357,2022-01-02-11:04:21,0,5,1.850909
358,2022-01-02-11:04:23,5,0,1.912759
359,2022-01-02-11:04:24,0,1,0.977755
360,2022-01-02-11:04:26,1,2,1.992754
361,2022-01-02-11:04:27,2,0,1.691570
362,2022-01-02-11:04:29,0,2,1.725374
363,2022-01-02-11:04:31,2,0,1.689739
364,2022-01-02-11:04:33,0,7,1.890819
365,2022-01-02-11:04:34,7,4,1.899075
366,2022-01-02-11:04:36,4,0,1.518452
367,2022-01-02-11:04:38,0,5,1.861749
368,2022-01-02-11:04:40,5,1,1.920832
369,2022-01-02-11:04:41,1,7,1.671751
370,2022-01-02-11:04:43,7,0,1.921394
371,2022-01-02-11:04:45,0,2,1.723324
372,2022-01-02-11:04:48,2,6,3.069596
373,2022-01-02-11:04:52,6,7,3.982276
374,2022-01-02-11:04:54,7,1,1.643707
375,2022-01-02-11:04:56,1,2,1.975431
376,2022-01-02-11:04:59,2,6,3.072518
377,2022-01-02-11:05:03,6,7,3.972620
378,2022-01-02-11:05:05,7,0,1.901489
379,2022-01-02-11:05:07,0,3,2.340176
380,2022-01-02-11:05:11,3,6,3.632112
381,2022-01-02-11:05:14,6,5,3.058847
382,2022-01-02-11:05:16,5,3,2.160906
383,2022-01-02-11:05:18,3,5,2.173634
384,2022-01-02-11:05:20,5,3,2.199238
385,2022-01-02-11:05:24,3,6,3.642956
386,2022-01-02-11:05:27,6,2,3.059039
387,2022-01-02-11:05:30,2,6,3.072009
388,2022-01-02-11:05:34,6,1,3.532942
389,2022-01-02-11:05:35,1,4,1.304245
390,2022-01-02-11:05:37,4,2,1.743921
391,2022-01-02-11:05:38,2,0,1.721595
392,2022-01-02-11:05:40,0,5,1.866554
393,2022-01-02-11:05:42,5,3,2.174549
394,2022-01-02-11:05:44,3,4,2.132999
395,2022-01-02-11:05:48,4,6,3.448975
396,2022-01-02-11:05:52,6,7,3.969674
397,2022-01-02-11:05:54,7,3,2.132573
398,2022-01-02-11:05:56,3,5,2.160340
399,2022-01-02-11:05:59,5,6,3.100417
400,2022-01-02-11:06:02,6,5,3.063925
401,2022-01-02-11:06:04,5,1,1.915770
402,2022-01-02-11:06:08,1,6,3.535692
403,2022-01-02-11:06:11,6,4,3.436259
404,2022-01-02-11:06:13,4,5,1.731653
405,2022-01-02-11:06:15,5,1,1.944272
406,2022-01-02-11:06:16,1,0,1.030533
407,2022-01-02-11:06:19,0,6,3.453910
408,2022-01-02-11:06:22,6,5,3.052226
409,2022-01-02-11:06:24,5,0,1.837806
410,2022-01-02-11:06:27,0,3,2.368513
411,2022-01-02-11:06:29,3,5,2.158356
412,2022-01-02-11:06:31,5,0,1.839949
413,2022-01-02-11:06:33,0,5,1.851910
414,2022-01-02-11:06:34,5,2,1.523230
415,2022-01-02-11:06:36,2,5,1.529474
416,2022-01-02-11:06:37,5,2,1.481166
417,2022-01-02-11:06:39,2,1,1.957354
418,2022-01-02-11:06:41,1,5,1.895575
419,2022-01-02-11:06:43,5,4,1.757035
420,2022-01-02-11:06:44,4,0,1.519378
421,2022-01-02-11:06:48,0,6,3.429396
422,2022-01-02-11:06:51,6,2,3.060993
423,2022-01-02-11:06:53,2,7,2.576284
424,2022-01-02-11:06:57,7,6,3.993858
425,2022-01-02-11:07:01,6,1,3.531721
426,2022-01-02-11:07:02,1,0,1.030170
427,2022-01-02-11:07:05,0,6,3.437620
428,2022-01-02-11:07:09,6,3,3.644254
429,2022-01-02-11:07:11,3,0,2.347634
430,2022-01-02-11:07:13,0,2,1.735934
431,2022-01-02-11:07:15,2,1,1.956175
432,2022-01-02-11:07:16,1,0,0.983544
433,2022-01-02-11:07:18,0,5,1.899870
434,2022-01-02-11:07:20,5,0,1.860331
435,2022-01-02-11:07:21,0,2,1.718497
436,2022-01-02-11:07:23,2,5,1.524660
437,2022-01-02-11:07:26,5,6,3.071983
438,2022-01-02-11:07:30,6,1,3.547858
439,2022-01-02-11:07:31,1,4,1.299594
440,2022-01-02-11:07:34,4,6,3.448144
441,2022-01-02-11:07:37,6,5,3.067657
442,2022-01-02-11:07:40,5,3,2.196966
443,2022-01-02-11:07:42,3,5,2.162639
444,2022-01-02-11:07:44,5,7,2.563890
445,2022-01-02-11:07:46,7,4,1.859299
446,2022-01-02-11:07:47,4,1,1.278308
447,2022-01-02-11:07:51,1,6,3.481545
448,2022-01-02-11:07:54,6,0,3.415473
449,2022-01-02-11:07:56,0,2,1.697517
450,2022-01-02-11:07:59,2,7,2.588820
451,2022-01-02-11:08:01,7,5,2.606262
452,2022-01-02-11:08:03,5,3,2.143129
453,2022-01-02-11:08:05,3,4,2.104093
454,2022-01-02-11:08:08,4,3,2.144284
455,2022-01-02-11:08:10,3,7,2.095858
456,2022-01-02-11:08:12,7,4,1.849743
457,2022-01-02-11:08:13,4,2,1.762075
458,2022-01-02-11:08:16,2,7,2.594897
459,2022-01-02-11:08:20,7,6,3.999868
460,2022-01-02-11:08:23,6,3,3.601733
461,2022-01-02-11:08:26,3,7,2.141731
462,2022-01-02-11:08:28,7,0,1.904665
463,2022-01-02-11:08:29,0,7,1.958055
464,2022-01-02-11:08:32,7,3,2.127267
465,2022-01-02-11:08:34,3,7,2.122358
466,2022-01-02-11:08:36,7,3,2.150345
467,2022-01-02-11:08:38,3,1,2.228922
468,2022-01-02-11:08:40,1,5,1.930132
469,2022-01-02-11:08:42,5,1,1.925580
470,2022-01-02-11:08:46,1,6,3.571640
471,2022-01-02-11:08:49,6,3,3.585052
472,2022-01-02-11:08:51,3,0,2.355968
473,2022-01-02-11:08:53,0,1,1.041438
474,2022-01-02-11:08:54,1,4,1.317509
475,2022-01-02-11:08:57,4,6,3.441637
476,2022-01-02-11:09:00,6,5,3.080638
477,2022-01-02-11:09:03,5,7,2.594494
478,2022-01-02-11:09:05,7,4,1.892140
479,2022-01-02-11:09:08,4,6,3.429213
480,2022-01-02-11:09:12,6,7,4.002021
481,2022-01-02-11:09:14,7,4,1.864466
482,2022-01-02-11:09:18,4,6,3.441319
483,2022-01-02-11:09:21,6,4,3.432601
484,2022-01-02-11:09:24,4,6,3.431484
485,2022-01-02-11:09:28,6,7,4.000073
486,2022-01-02-11:09:30,7,4,1.856223
487,2022-01-02-11:09:32,4,0,1.518846
488,2022-01-02-11:09:34,0,5,1.853263
489,2022-01-02-11:09:35,5,4,1.805749
490,2022-01-02-11:09:39,4,6,3.491883
491,2022-01-02-11:09:42,6,1,3.504981
492,2022-01-02-11:09:46,1,6,3.526303
493,2022-01-02-11:09:50,6,7,3.977051
494,2022-01-02-11:09:52,7,3,2.085040
495,2022-01-02-11:09:54,3,0,2.405297
496,2022-01-02-11:09:56,0,5,1.881255
497,2022-01-02-11:09:58,5,0,1.855219
498,2022-01-02-11:10:02,0,6,3.438810
499,2022-01-02-11:10:05,6,3,3.657243
500,2022-01-02-11:10:07,3,7,2.154717
501,2022-01-02-11:10:10,7,3,2.123050
502,2022-01-02-11:10:13,3,6,3.611223
503,2022-01-02-11:10:16,6,2,3.093914
504,2022-01-02-11:10:18,2,5,1.520096
505,2022-01-02-11:10:20,5,0,1.868500
506,2022-01-02-11:10:21,0,2,1.732516
507,2022-01-02-11:10:24,2,3,2.564412
508,2022-01-02-11:10:26,3,7,2.133563
509,2022-01-02-11:10:30,7,6,4.049814
510,2022-01-02-11:10:34,6,0,3.396383
511,2022-01-02-11:10:36,0,3,2.392479
512,2022-01-02-11:10:40,3,6,3.731383
513,2022-01-02-11:10:44,6,7,4.004002
514,2022-01-02-11:10:46,7,3,2.126516
515,2022-01-02-11:10:48,3,1,2.214031
516,2022-01-02-11:10:52,1,6,3.505973
517,2022-01-02-11:10:55,6,1,3.550231
518,2022-01-02-11:10:56,1,4,1.286340
519,2022-01-02-11:10:58,4,2,1.743885
520,2022-01-02-11:11:00,2,0,1.738222
521,2022-01-02-11:11:02,0,3,2.343937
522,2022-01-02-11:11:05,3,0,2.355260
523,2022-01-02-11:11:06,0,5,1.848211
524,2022-01-02-11:11:08,5,4,1.743218
525,2022-01-02-11:11:10,4,5,1.763703
526,2022-01-02-11:11:13,5,6,3.100572
527,2022-01-02-11:11:16,6,2,3.067071
528,2022-01-02-11:11:18,2,4,1.794345
529,2022-01-02-11:11:19,4,1,1.292576
530,2022-01-02-11:11:21,1,5,1.907167
531,2022-01-02-11:11:24,5,7,2.611204
532,2022-01-02-11:11:26,7,2,2.620328
533,2022-01-02-11:11:28,2,5,1.489614
534,2022-01-02-11:11:30,5,1,1.927308
535,2022-01-02-11:11:31,1,7,1.654592
536,2022-01-02-11:11:33,7,0,1.885158
537,2022-01-02-11:11:35,0,2,1.694007
538,2022-01-02-11:11:38,2,3,2.581798
539,2022-01-02-11:11:41,3,6,3.636745
540,2022-01-02-11:11:45,6,4,3.427912
541,2022-01-02-11:11:46,4,0,1.525402
542,2022-01-02-11:11:48,0,5,1.836834
543,2022-01-02-11:11:50,5,0,1.896572
544,2022-01-02-11:11:52,0,2,1.722387
545,2022-01-02-11:11:54,2,7,2.597587
546,2022-01-02-11:11:56,7,4,1.853839
547,2022-01-02-11:11:58,4,0,1.499011
548,2022-01-02-11:11:59,0,1,1.032773
549,2022-01-02-11:12:01,1,2,1.963513
550,2022-01-02-11:12:02,2,1,1.940668
551,2022-01-02-11:12:06,1,6,3.534658
552,2022-01-02-11:12:09,6,2,3.055828
553,2022-01-02-11:12:11,2,5,1.512203
554,2022-01-02-11:12:12,5,4,1.768847
555,2022-01-02-11:12:16,4,6,3.451398
556,2022-01-02-11:12:19,6,2,3.094998
557,2022-01-02-11:12:21,2,0,1.724928
558,2022-01-02-11:12:23,0,5,1.869418
559,2022-01-02-11:12:24,5,4,1.778887
560,2022-01-02-11:12:26,4,0,1.552315
561,2022-01-02-11:12:28,0,3,2.369667
562,2022-01-02-11:12:30,3,1,2.196466
563,2022-01-02-11:12:32,1,7,1.682083
564,2022-01-02-11:12:34,7,4,1.880055
565,2022-01-02-11:12:37,4,6,3.442287
566,2022-01-02-11:12:40,6,5,3.077213
567,2022-01-02-11:12:42,5,4,1.757191
568,2022-01-02-11:12:46,4,6,3.448025
569,2022-01-02-11:12:49,6,0,3.444040
570,2022-01-02-11:12:51,0,2,1.689388
571,2022-01-02-11:12:52,2,5,1.531020
572,2022-01-02-11:12:54,5,2,1.499391
573,2022-01-02-11:12:56,2,7,2.528330
574,2022-01-02-11:12:59,7,2,2.553147
575,2022-01-02-11:13:00,2,5,1.488128
576,2022-01-02-11:13:02,5,4,1.757181
577,2022-01-02-11:13:06,4,6,3.414030
578,2022-01-02-11:13:10,6,7,3.976671
579,2022-01-02-11:13:12,7,2,2.616535
580,2022-01-02-11:13:14,2,4,1.767080
581,2022-01-02-11:13:15,4,1,1.326931
582,2022-01-02-11:13:19,1,6,3.557848
583,2022-01-02-11:13:22,6,4,3.442960
584,2022-01-02-11:13:24,4,3,2.134456
585,2022-01-02-11:13:27,3,4,2.133001
586,2022-01-02-11:13:28,4,2,1.758799
587,2022-01-02-11:13:30,2,1,1.999606
588,2022-01-02-11:13:33,1,3,2.223635
589,2022-01-02-11:13:35,3,5,2.209812
590,2022-01-02-11:13:37,5,0,1.908625
591,2022-01-02-11:13:38,0,1,1.089747
592,2022-01-02-11:13:40,1,2,1.973870
593,2022-01-02-11:13:43,2,6,3.123719
594,2022-01-02-11:13:46,6,3,3.638569
595,2022-01-02-11:13:49,3,7,2.139923
596,2022-01-02-11:13:51,7,3,2.130151
597,2022-01-02-11:13:53,3,1,2.234121
598,2022-01-02-11:13:55,1,2,1.986483
599,2022-01-02-11:13:57,2,0,1.717730
600,2022-01-02-11:13:59,0,3,2.391582
601,2022-01-02-11:14:01,3,5,2.155765
602,2022-01-02-11:14:03,5,4,1.782847
603,2022-01-02-11:14:05,4,2,1.791343
604,2022-01-02-11:14:06,2,5,1.518061
605,2022-01-02-11:14:08,5,1,1.936999
606,2022-01-02-11:14:10,1,5,1.927159
607,2022-01-02-11:14:12,5,3,2.162564
608,2022-01-02-11:14:16,3,6,3.628482
609,2022-01-02-11:14:20,6,3,3.612308
610,2022-01-02-11:14:22,3,0,2.363952
611,2022-01-02-11:14:24,0,5,1.836491
612,2022-01-02-11:14:26,5,0,1.863502
613,2022-01-02-11:14:27,0,1,1.096461
614,2022-01-02-11:14:30,1,6,3.559050
615,2022-01-02-11:14:33,6,2,3.101714
616,2022-01-02-11:14:35,2,5,1.529988
617,2022-01-02-11:14:37,5,4,1.776219
618,2022-01-02-11:14:38,4,0,1.528689
619,2022-01-02-11:14:40,0,7,1.991603
620,2022-01-02-11:14:42,7,3,2.136865
621,2022-01-02-11:14:45,3,0,2.408361
622,2022-01-02-11:14:46,0,4,1.532778
623,2022-01-02-11:14:50,4,6,3.440792
624,2022-01-02-11:14:53,6,3,3.639235
625,2022-01-02-11:14:56,3,5,2.143475
626,2022-01-02-11:14:57,5,0,1.865652
627,2022-01-02-11:14:58,0,1,1.055654
628,2022-01-02-11:15:00,1,2,1.973661
629,2022-01-02-11:15:02,2,0,1.731520
630,2022-01-02-11:15:04,0,4,1.515804
631,2022-01-02-11:15:05,4,0,1.538794
632,2022-01-02-11:15:08,0,3,2.341000
633,2022-01-02-11:15:10,3,5,2.146567
634,2022-01-02-11:15:12,5,1,1.913926
635,2022-01-02-11:15:13,1,7,1.702130
636,2022-01-02-11:15:15,7,4,1.872741
637,2022-01-02-11:15:19,4,6,3.441610
638,2022-01-02-11:15:22,6,5,3.109543
639,2022-01-02-11:15:24,5,4,1.788429
640,2022-01-02-11:15:26,4,3,2.088158
641,2022-01-02-11:15:28,3,4,2.154562
642,2022-01-02-11:15:30,4,5,1.802757
643,2022-01-02-11:15:31,5,2,1.533700
644,2022-01-02-11:15:33,2,0,1.755280
645,2022-01-02-11:15:35,0,7,1.898502
646,2022-01-02-11:15:37,7,2,2.566924
647,2022-01-02-11:15:40,2,7,2.549771
648,2022-01-02-11:15:42,7,0,1.890138
649,2022-01-02-11:15:44,0,7,1.927936
650,2022-01-02-11:15:46,7,2,2.600760
651,2022-01-02-11:15:49,2,6,3.034689
652,2022-01-02-11:15:52,6,2,3.115025
653,2022-01-02-11:15:56,2,6,3.081530
654,2022-01-02-11:15:59,6,0,3.433269
655,2022-01-02-11:16:01,0,7,1.958554
656,2022-01-02-11:16:03,7,4,1.898395
657,2022-01-02-11:16:05,4,7,1.861255
658,2022-01-02-11:16:07,7,3,2.143271
659,2022-01-02-11:16:09,3,5,2.143822
660,2022-01-02-11:16:11,5,2,1.528528
661,2022-01-02-11:16:12,2,0,1.722287
662,2022-01-02-11:16:14,0,5,1.866381
663,2022-01-02-11:16:17,5,7,2.546742
664,2022-01-02-11:16:19,7,3,2.133092
665,2022-01-02-11:16:21,3,0,2.372442
666,2022-01-02-11:16:22,0,1,1.063890
667,2022-01-02-11:16:24,1,5,1.928822
668,2022-01-02-11:16:26,5,2,1.519669
669,2022-01-02-11:16:28,2,3,2.629504
670,2022-01-02-11:16:32,3,6,3.666445
671,2022-01-02-11:16:35,6,5,3.063622
672,2022-01-02-11:16:37,5,0,1.882971
673,2022-01-02-11:16:39,0,7,1.935953
674,2022-01-02-11:16:41,7,5,2.591500
675,2022-01-02-11:16:43,5,1,1.891836
676,2022-01-02-11:16:44,1,0,1.046802
677,2022-01-02-11:16:46,0,7,1.894229
678,2022-01-02-11:16:49,7,2,2.601690
679,2022-01-02-11:16:51,2,4,1.781983
680,2022-01-02-11:16:52,4,2,1.751338
681,2022-01-02-11:16:54,2,5,1.557767
682,2022-01-02-11:16:56,5,3,2.186255
683,2022-01-02-11:16:58,3,5,2.205188
684,2022-01-02-11:17:01,5,7,2.602109
685,2022-01-02-11:17:03,7,0,1.895596
686,2022-01-02-11:17:05,0,2,1.714531
687,2022-01-02-11:17:06,2,5,1.526903
688,2022-01-02-11:17:09,5,6,3.124271
689,2022-01-02-11:17:13,6,3,3.644121
690,2022-01-02-11:17:15,3,5,2.201552
691,2022-01-02-11:17:17,5,4,1.756395
692,2022-01-02-11:17:20,4,6,3.438430
693,2022-01-02-11:17:24,6,1,3.556672
694,2022-01-02-11:17:25,1,0,0.980706
695,2022-01-02-11:17:26,0,1,1.052168
696,2022-01-02-11:17:28,1,2,1.973397
697,2022-01-02-11:17:29,2,5,1.531294
698,2022-01-02-11:17:31,5,4,1.735465
699,2022-01-02-11:17:33,4,2,1.799476
700,2022-01-02-11:17:35,2,0,1.721814
701,2022-01-02-11:17:37,0,3,2.426145
702,2022-01-02-11:17:39,3,7,2.119981
703,2022-01-02-11:17:41,7,0,1.918887
704,2022-01-02-11:17:43,0,7,1.922525
705,2022-01-02-11:17:45,7,3,2.167748
706,2022-01-02-11:17:47,3,4,2.139861
707,2022-01-02-11:17:49,4,2,1.818961
708,2022-01-02-11:17:52,2,7,2.574436
709,2022-01-02-11:17:56,7,6,4.007984
710,2022-01-02-11:17:59,6,5,3.104179
711,2022-01-02-11:18:01,5,4,1.786569
712,2022-01-02-11:18:02,4,1,1.332564
713,2022-01-02-11:18:04,1,5,1.928552
714,2022-01-02-11:18:06,5,7,2.557994
715,2022-01-02-11:18:08,7,0,1.895480
716,2022-01-02-11:18:11,0,3,2.398995
717,2022-01-02-11:18:13,3,4,2.148700
718,2022-01-02-11:18:15,4,7,1.842523
719,2022-01-02-11:18:17,7,4,1.862764
720,2022-01-02-11:18:19,4,3,2.096734
721,2022-01-02-11:18:21,3,0,2.397632
722,2022-01-02-11:18:23,0,2,1.731495
723,2022-01-02-11:18:25,2,7,2.555394
724,2022-01-02-11:18:27,7,4,1.846915
725,2022-01-02-11:18:31,4,6,3.449522
726,2022-01-02-11:18:35,6,7,4.007017
727,2022-01-02-11:18:37,7,5,2.592799
728,2022-01-02-11:18:39,5,4,1.752930
729,2022-01-02-11:18:41,4,0,1.534097
730,2022-01-02-11:18:42,0,7,1.939497
731,2022-01-02-11:18:45,7,3,2.130834
732,2022-01-02-11:18:47,3,2,2.599810
733,2022-01-02-11:18:50,2,6,3.156238
734,2022-01-02-11:18:53,6,2,3.068157
735,2022-01-02-11:18:55,2,1,1.942823
736,2022-01-02-11:18:58,1,3,2.226482
737,2022-01-02-11:19:00,3,0,2.396068
738,2022-01-02-11:19:02,0,4,1.545817
739,2022-01-02-11:19:05,4,6,3.457544
740,2022-01-02-11:19:09,6,3,3.626293
741,2022-01-02-11:19:11,3,1,2.225069
742,2022-01-02-11:19:13,1,7,1.665545
743,2022-01-02-11:19:14,7,1,1.709490
744,2022-01-02-11:19:16,1,4,1.317068
745,2022-01-02-11:19:17,4,5,1.799211
746,2022-01-02-11:19:19,5,2,1.492245
747,2022-01-02-11:19:21,2,0,1.725674
748,2022-01-02-11:19:22,0,2,1.729142
749,2022-01-02-11:19:25,2,7,2.596645
750,2022-01-02-11:19:27,7,1,1.719888
751,2022-01-02-11:19:29,1,5,1.892358
752,2022-01-02-11:19:32,5,6,3.113582
753,2022-01-02-11:19:35,6,0,3.436650
754,2022-01-02-11:19:37,0,4,1.556853
755,2022-01-02-11:19:38,4,1,1.333783
756,2022-01-02-11:19:40,1,7,1.694581
757,2022-01-02-11:19:41,7,1,1.703575
758,2022-01-02-11:19:44,1,3,2.228102
759,2022-01-02-11:19:46,3,1,2.228558
760,2022-01-02-11:19:48,1,7,1.737576
761,2022-01-02-11:19:49,7,1,1.695847
762,2022-01-02-11:19:51,1,2,1.998145
763,2022-01-02-11:19:53,2,1,1.950312
764,2022-01-02-11:19:54,1,0,1.071648
765,2022-01-02-11:19:58,0,6,3.459381
766,2022-01-02-11:20:01,6,0,3.450997
767,2022-01-02-11:20:03,0,2,1.731818
768,2022-01-02-11:20:05,2,0,1.813270
769,2022-01-02-11:20:06,0,4,1.540044
770,2022-01-02-11:20:08,4,7,1.897267
771,2022-01-02-11:20:10,7,0,1.893537
772,2022-01-02-11:20:12,0,7,1.972058
773,2022-01-02-11:20:14,7,1,1.669369
774,2022-01-02-11:20:16,1,2,1.965317
775,2022-01-02-11:20:18,2,7,2.562255
776,2022-01-02-11:20:22,7,6,3.986478
777,2022-01-02-11:20:26,6,7,4.024535
778,2022-01-02-11:20:28,7,1,1.648422
779,2022-01-02-11:20:30,1,2,1.974577
780,2022-01-02-11:20:32,2,4,1.757994
781,2022-01-02-11:20:33,4,0,1.536183
782,2022-01-02-11:20:35,0,4,1.530940
783,2022-01-02-11:20:36,4,0,1.531583
784,2022-01-02-11:20:38,0,2,1.793864
785,2022-01-02-11:20:40,2,4,1.808895
786,2022-01-02-11:20:42,4,2,1.790292
787,2022-01-02-11:20:43,2,5,1.509763
788,2022-01-02-11:20:46,5,6,3.145032
789,2022-01-02-11:20:50,6,4,3.501022
790,2022-01-02-11:20:52,4,3,2.122661
791,2022-01-02-11:20:54,3,4,2.096408
792,2022-01-02-11:20:57,4,6,3.441352
793,2022-01-02-11:21:01,6,7,4.012244
794,2022-01-02-11:21:03,7,1,1.668890
795,2022-01-02-11:21:07,1,6,3.535282
796,2022-01-02-11:21:10,6,4,3.446458
797,2022-01-02-11:21:12,4,3,2.084699
798,2022-01-02-11:21:16,3,6,3.636076
799,2022-01-02-11:21:20,6,7,4.023263
800,2022-01-02-11:21:22,7,4,1.876680
801,2022-01-02-11:21:23,4,0,1.527449
802,2022-01-02-11:21:25,0,4,1.549128
803,2022-01-02-11:21:26,4,1,1.341712
804,2022-01-02-11:21:27,1,0,1.208054
805,2022-01-02-11:21:29,0,4,1.564842
806,2022-01-02-11:21:31,4,2,1.824471
807,2022-01-02-11:21:34,2,6,3.139322
808,2022-01-02-11:21:38,6,3,3.725942
809,2022-01-02-11:21:41,3,6,3.596485
810,2022-01-02-11:21:45,6,0,3.437909
811,2022-01-02-11:21:47,0,7,1.955110
812,2022-01-02-11:21:49,7,5,2.627265
813,2022-01-02-11:21:51,5,0,1.867008
814,2022-01-02-11:21:53,0,2,1.702506
815,2022-01-02-11:21:55,2,7,2.581497
816,2022-01-02-11:21:59,7,6,3.994124
817,2022-01-02-11:22:03,6,0,3.457757
818,2022-01-02-11:22:06,0,6,3.453151
819,2022-01-02-11:22:10,6,3,3.649723
820,2022-01-02-11:22:14,3,6,3.635330
821,2022-01-02-11:22:17,6,1,3.545020
822,2022-01-02-11:22:19,1,5,1.936643
823,2022-01-02-11:22:21,5,2,1.534977
824,2022-01-02-11:22:24,2,6,3.094276
825,2022-01-02-11:22:28,6,7,4.053092
826,2022-01-02-11:22:29,7,1,1.673322
827,2022-01-02-11:22:30,1,0,1.027715
828,2022-01-02-11:22:33,0,3,2.385509
829,2022-01-02-11:22:35,3,1,2.254190
830,2022-01-02-11:22:36,1,4,1.320561
831,2022-01-02-11:22:40,4,6,3.459606
832,2022-01-02-11:22:43,6,4,3.454719
833,2022-01-02-11:22:45,4,7,1.880450
834,2022-01-02-11:22:48,7,5,2.575906
835,2022-01-02-11:22:50,5,7,2.565053
836,2022-01-02-11:22:52,7,4,1.846389
837,2022-01-02-11:22:54,4,2,1.752135
838,2022-01-02-11:22:57,2,7,2.656259
839,2022-01-02-11:22:58,7,4,1.886520
840,2022-01-02-11:23:00,4,5,1.777572
841,2022-01-02-11:23:02,5,1,1.931859
842,2022-01-02-11:23:03,1,0,1.084675
843,2022-01-02-11:23:04,0,1,1.073721
844,2022-01-02-11:23:06,1,2,1.942410
845,2022-01-02-11:23:08,2,5,1.528392
846,2022-01-02-11:23:10,5,3,2.200804
847,2022-01-02-11:23:13,3,2,2.533367
848,2022-01-02-11:23:15,2,3,2.603867
849,2022-01-02-11:23:17,3,4,2.131596
850,2022-01-02-11:23:21,4,6,3.441770
851,2022-01-02-11:23:25,6,7,3.995882
852,2022-01-02-11:23:26,7,1,1.709998
853,2022-01-02-11:23:29,1,3,2.234507
854,2022-01-02-11:23:31,3,5,2.219172
855,2022-01-02-11:23:32,5,2,1.529545
856,2022-01-02-11:23:34,2,1,1.987626
857,2022-01-02-11:23:36,1,7,1.675405
858,2022-01-02-11:23:39,7,2,2.642103
859,2022-01-02-11:23:40,2,5,1.572988
860,2022-01-02-11:23:42,5,0,1.888759
861,2022-01-02-11:23:44,0,2,1.737339
862,2022-01-02-11:23:46,2,4,1.758035
863,2022-01-02-11:23:47,4,5,1.757695
864,2022-01-02-11:23:50,5,7,2.598159
865,2022-01-02-11:23:52,7,1,1.637247
866,2022-01-02-11:23:53,1,0,1.058222
867,2022-01-02-11:23:56,0,6,3.469030
868,2022-01-02-11:24:00,6,7,4.021898
869,2022-01-02-11:24:02,7,0,1.932885
870,2022-01-02-11:24:05,0,3,2.428619
871,2022-01-02-11:24:07,3,1,2.235370
872,2022-01-02-11:24:09,1,2,1.944143
873,2022-01-02-11:24:11,2,3,2.613381
874,2022-01-02-11:24:14,3,1,2.238281
875,2022-01-02-11:24:16,1,2,1.964790
876,2022-01-02-11:24:17,2,4,1.830476
877,2022-01-02-11:24:20,4,3,2.099857
878,2022-01-02-11:24:22,3,1,2.207935
879,2022-01-02-11:24:24,1,3,2.255316
880,2022-01-02-11:24:28,3,6,3.629523
881,2022-01-02-11:24:31,6,1,3.535564
882,2022-01-02-11:24:33,1,3,2.206601
883,2022-01-02-11:24:36,3,1,2.244262
884,2022-01-02-11:24:38,1,2,1.964811
885,2022-01-02-11:24:40,2,7,2.620659
886,2022-01-02-11:24:43,7,5,2.612204
887,2022-01-02-11:24:45,5,3,2.198929
888,2022-01-02-11:24:47,3,4,2.131446
889,2022-01-02-11:24:49,4,3,2.130946
890,2022-01-02-11:24:51,3,4,2.130396
891,2022-01-02-11:24:53,4,5,1.803342
892,2022-01-02-11:24:55,5,2,1.506290
893,2022-01-02-11:24:57,2,7,2.597699
894,2022-01-02-11:25:01,7,6,3.987706
895,2022-01-02-11:25:05,6,4,3.495435
896,2022-01-02-11:25:07,4,5,1.784918
897,2022-01-02-11:25:08,5,2,1.519882
898,2022-01-02-11:25:10,2,1,1.937151
899,2022-01-02-11:25:14,1,6,3.582548
900,2022-01-02-11:25:17,6,2,3.103099
901,2022-01-02-11:25:18,2,4,1.769979
902,2022-01-02-11:25:22,4,6,3.465869
903,2022-01-02-11:25:25,6,4,3.487618
904,2022-01-02-11:25:27,4,2,2.018353
905,2022-01-02-11:25:31,2,6,3.186698
906,2022-01-02-11:25:34,6,2,3.198575
907,2022-01-02-11:25:35,2,5,1.592941
908,2022-01-02-11:25:39,5,6,3.092762
909,2022-01-02-11:25:42,6,5,3.099709
910,2022-01-02-11:25:44,5,1,1.891976
911,2022-01-02-11:25:45,1,7,1.634715
912,2022-01-02-11:25:47,7,3,2.129522
913,2022-01-02-11:25:49,3,7,2.115112
914,2022-01-02-11:25:52,7,3,2.127646
915,2022-01-02-11:25:55,3,6,3.635607
916,2022-01-02-11:25:58,6,2,3.045682
917,2022-01-02-11:26:01,2,3,2.605086
918,2022-01-02-11:26:03,3,2,2.596455
919,2022-01-02-11:26:07,2,6,3.097817
920,2022-01-02-11:26:10,6,4,3.414932
921,2022-01-02-11:26:12,4,2,1.788014
922,2022-01-02-11:26:13,2,0,1.716659
923,2022-01-02-11:26:17,0,6,3.458797
924,2022-01-02-11:26:20,6,0,3.410572
925,2022-01-02-11:26:22,0,2,1.720182
926,2022-01-02-11:26:24,2,5,1.525992
927,2022-01-02-11:26:25,5,1,1.939880
928,2022-01-02-11:26:29,1,6,3.576749
929,2022-01-02-11:26:33,6,4,3.454277
930,2022-01-02-11:26:35,4,3,2.118420
931,2022-01-02-11:26:37,3,1,2.240704
932,2022-01-02-11:26:38,1,0,1.098382
933,2022-01-02-11:26:39,0,4,1.500111
934,2022-01-02-11:26:41,4,0,1.522450
935,2022-01-02-11:26:43,0,5,1.862192
936,2022-01-02-11:26:46,5,6,3.065879
937,2022-01-02-11:26:50,6,3,3.685681
938,2022-01-02-11:26:52,3,2,2.573113
939,2022-01-02-11:26:55,2,3,2.608737
940,2022-01-02-11:26:57,3,5,2.199905
941,2022-01-02-11:27:00,5,6,3.073559
942,2022-01-02-11:27:04,6,1,3.555105
943,2022-01-02-11:27:07,1,6,3.539097
944,2022-01-02-11:27:11,6,7,3.942433
945,2022-01-02-11:27:13,7,3,2.125243
946,2022-01-02-11:27:15,3,4,2.152945
947,2022-01-02-11:27:17,4,7,1.890320
948,2022-01-02-11:27:19,7,4,1.941650
949,2022-01-02-11:27:21,4,1,1.315309
950,2022-01-02-11:27:24,1,6,3.547416
951,2022-01-02-11:27:28,6,3,3.653182
952,2022-01-02-11:27:30,3,1,2.241449
953,2022-01-02-11:27:32,1,5,1.920059
954,2022-01-02-11:27:33,5,2,1.515607
955,2022-01-02-11:27:36,2,7,2.546529
956,2022-01-02-11:27:38,7,3,2.123785
957,2022-01-02-11:27:41,3,2,2.594889
958,2022-01-02-11:27:43,2,1,1.964072
959,2022-01-02-11:27:46,1,6,3.566030
960,2022-01-02-11:27:50,6,1,3.501833
961,2022-01-02-11:27:52,1,3,2.209443
962,2022-01-02-11:27:54,3,5,2.169617
963,2022-01-02-11:27:57,5,7,2.625216
964,2022-01-02-11:28:01,7,6,4.017278
965,2022-01-02-11:28:04,6,4,3.442987
966,2022-01-02-11:28:06,4,3,2.121593
967,2022-01-02-11:28:09,3,2,2.603270
968,2022-01-02-11:28:12,2,7,2.626328
969,2022-01-02-11:28:16,7,6,3.973021
970,2022-01-02-11:28:19,6,0,3.450368
971,2022-01-02-11:28:20,0,1,1.030341
972,2022-01-02-11:28:22,1,7,1.646724
973,2022-01-02-11:28:24,7,2,2.612731
974,2022-01-02-11:28:27,2,3,2.551750
975,2022-01-02-11:28:30,3,6,3.672016
976,2022-01-02-11:28:34,6,1,3.537069
977,2022-01-02-11:28:35,1,4,1.295976
978,2022-01-02-11:28:37,4,0,1.518450
979,2022-01-02-11:28:38,0,1,1.020491
980,2022-01-02-11:28:40,1,3,2.204341
981,2022-01-02-11:28:42,3,5,2.189943
982,2022-01-02-11:28:44,5,0,1.888826
983,2022-01-02-11:28:46,0,3,2.349881
984,2022-01-02-11:28:49,3,0,2.363263
985,2022-01-02-11:28:51,0,2,1.724126
986,2022-01-02-11:28:53,2,7,2.573618
987,2022-01-02-11:28:55,7,0,1.933100
988,2022-01-02-11:28:56,0,1,1.015504
989,2022-01-02-11:28:58,1,2,1.967813
990,2022-01-02-11:29:00,2,0,1.726041
991,2022-01-02-11:29:01,0,4,1.490535
992,2022-01-02-11:29:03,4,3,2.137381
993,2022-01-02-11:29:06,3,5,2.205040
994,2022-01-02-11:29:09,5,6,3.140618
995,2022-01-02-11:29:13,6,7,3.965942
996,2022-01-02-11:29:15,7,0,1.951206
997,2022-01-02-11:29:18,0,6,3.460300
998,2022-01-02-11:29:22,6,0,3.449312
999,2022-01-02-11:29:23,0,4,1.515585
1000,2022-01-02-11:29:25,4,5,1.756066
1001,2022-01-02-11:29:27,5,3,2.186298
1002,2022-01-02-11:29:31,3,6,3.609724
1003,2022-01-02-11:29:34,6,4,3.438116
1004,2022-01-02-11:29:36,4,7,1.861863
1005,2022-01-02-11:29:39,7,2,2.551751
1006,2022-01-02-11:29:40,2,4,1.758932
1007,2022-01-02-11:29:42,4,1,1.335611
1008,2022-01-02-11:29:44,1,5,1.952245
1009,2022-01-02-11:29:46,5,7,2.586710
1010,2022-01-02-11:29:49,7,5,2.602864
1011,2022-01-02-11:29:51,5,3,2.155961
1012,2022-01-02-11:29:53,3,2,2.572567
1013,2022-01-02-11:29:56,2,7,2.606048
1014,2022-01-02-11:30:00,7,6,4.038055
1015,2022-01-02-11:30:04,6,1,3.584992
1016,2022-01-02-11:30:05,1,0,1.068995
1017,2022-01-02-11:30:07,0,3,2.367056
1018,2022-01-02-11:30:09,3,7,2.177056
1019,2022-01-02-11:30:11,7,1,1.680435
1020,2022-01-02-11:30:13,1,5,2.000511
1021,2022-01-02-11:30:16,5,6,3.135393
1022,2022-01-02-11:30:19,6,2,3.105422
1023,2022-01-02-11:30:21,2,5,1.562084
1024,2022-01-02-11:30:23,5,0,1.894974
1025,2022-01-02-11:30:25,0,5,1.830562
1026,2022-01-02-11:30:26,5,2,1.548579
1027,2022-01-02-11:30:28,2,0,1.701237
1028,2022-01-02-11:30:30,0,2,1.728128
1029,2022-01-02-11:30:32,2,7,2.587961
1030,2022-01-02-11:30:34,7,0,1.886412
1031,2022-01-02-11:30:35,0,1,1.058163
1032,2022-01-02-11:30:36,1,4,1.319531
1033,2022-01-02-11:30:38,4,1,1.316731
1034,2022-01-02-11:30:40,1,5,1.924459
1035,2022-01-02-11:30:41,5,4,1.821819
1036,2022-01-02-11:30:43,4,5,1.791252
1037,2022-01-02-11:30:46,5,7,2.549587
1038,2022-01-02-11:30:47,7,1,1.655328
1039,2022-01-02-11:30:48,1,0,1.071691
1040,2022-01-02-11:30:50,0,2,1.696963
1041,2022-01-02-11:30:53,2,7,2.615629
1042,2022-01-02-11:30:55,7,3,2.122966
1043,2022-01-02-11:30:57,3,4,2.141501
1044,2022-01-02-11:30:59,4,5,1.758566
1045,2022-01-02-11:31:01,5,0,1.892582
1046,2022-01-02-11:31:02,0,4,1.549989
1047,2022-01-02-11:31:04,4,0,1.569996
1048,2022-01-02-11:31:06,0,3,2.414837
1049,2022-01-02-11:31:09,3,0,2.469135
1050,2022-01-02-11:31:10,0,4,1.580135
1051,2022-01-02-11:31:12,4,3,2.098037
1052,2022-01-02-11:31:15,3,1,2.235010
1053,2022-01-02-11:31:18,1,6,3.532682
1054,2022-01-02-11:31:22,6,1,3.553209
1055,2022-01-02-11:31:24,1,2,1.944055
1056,2022-01-02-11:31:26,2,3,2.592683
1057,2022-01-02-11:31:30,3,6,3.711878
1058,2022-01-02-11:31:33,6,2,3.073648
1059,2022-01-02-11:31:36,2,6,3.146737
1060,2022-01-02-11:31:39,6,5,3.135568
1061,2022-01-02-11:31:41,5,4,1.748779
1062,2022-01-02-11:31:42,4,1,1.299021
1063,2022-01-02-11:31:44,1,7,1.662109
1064,2022-01-02-11:31:46,7,3,2.184142
1065,2022-01-02-11:31:50,3,6,3.641390
1066,2022-01-02-11:31:53,6,0,3.439786
1067,2022-01-02-11:31:55,0,7,1.886738
1068,2022-01-02-11:31:57,7,0,1.908881
1069,2022-01-02-11:31:59,0,2,1.720799
1070,2022-01-02-11:32:01,2,4,1.760617
1071,2022-01-02-11:32:04,4,6,3.476166
1072,2022-01-02-11:32:08,6,7,3.985231
1073,2022-01-02-11:32:10,7,1,1.678308
1074,2022-01-02-11:32:11,1,0,1.019606
1075,2022-01-02-11:32:12,0,2,1.713222
1076,2022-01-02-11:32:14,2,4,1.836052
1077,2022-01-02-11:32:18,4,6,3.448716
1078,2022-01-02-11:32:21,6,5,3.080481
1079,2022-01-02-11:32:23,5,7,2.663580
