--- Start
Calibration finished !

Learning mode activated? 
False
iteration,date,init_position,final_position,time
0,2022-01-02-10:51:04,-1,7,2.807255
1,2022-01-02-10:51:06,7,1,1.625615
2,2022-01-02-10:51:07,1,0,1.020172
3,2022-01-02-10:51:09,0,7,1.969567
4,2022-01-02-10:51:10,7,1,1.638732
5,2022-01-02-10:51:11,1,0,0.981941
6,2022-01-02-10:51:13,0,5,1.834758
7,2022-01-02-10:51:15,5,2,1.481928
8,2022-01-02-10:51:17,2,7,2.552543
9,2022-01-02-10:51:19,7,1,1.625703
10,2022-01-02-10:51:21,1,7,1.688132
11,2022-01-02-10:51:23,7,2,2.676043
12,2022-01-02-10:51:25,2,4,1.771798
13,2022-01-02-10:51:27,4,7,1.848011
14,2022-01-02-10:51:29,7,5,2.559072
15,2022-01-02-10:51:32,5,7,2.562041
16,2022-01-02-10:51:35,7,5,2.562730
17,2022-01-02-10:51:36,5,0,1.857278
18,2022-01-02-10:51:38,0,7,1.939458
19,2022-01-02-10:51:40,7,4,1.847675
20,2022-01-02-10:51:42,4,2,1.727880
21,2022-01-02-10:51:44,2,1,1.960209
22,2022-01-02-10:51:47,1,6,3.553242
23,2022-01-02-10:51:51,6,4,3.415703
24,2022-01-02-10:51:53,4,7,1.871350
25,2022-01-02-10:51:57,7,6,3.958633
26,2022-01-02-10:52:01,6,7,3.947413
27,2022-01-02-10:52:03,7,4,1.833198
28,2022-01-02-10:52:04,4,5,1.754830
29,2022-01-02-10:52:06,5,4,1.748706
30,2022-01-02-10:52:08,4,2,1.736743
31,2022-01-02-10:52:10,2,7,2.557303
32,2022-01-02-10:52:13,7,2,2.557498
33,2022-01-02-10:52:16,2,6,3.059644
34,2022-01-02-10:52:20,6,7,3.980358
35,2022-01-02-10:52:22,7,5,2.565342
36,2022-01-02-10:52:24,5,1,1.887559
37,2022-01-02-10:52:28,1,6,3.547840
38,2022-01-02-10:52:31,6,5,3.073128
39,2022-01-02-10:52:33,5,1,1.903763
40,2022-01-02-10:52:34,1,0,1.035592
41,2022-01-02-10:52:35,0,4,1.506923
42,2022-01-02-10:52:37,4,0,1.481558
43,2022-01-02-10:52:39,0,7,1.899752
44,2022-01-02-10:52:41,7,4,1.860944
45,2022-01-02-10:52:43,4,3,2.106404
46,2022-01-02-10:52:45,3,5,2.138623
47,2022-01-02-10:52:47,5,7,2.568280
48,2022-01-02-10:52:50,7,2,2.552203
49,2022-01-02-10:52:52,2,4,1.817698
50,2022-01-02-10:52:54,4,2,1.736279
51,2022-01-02-10:52:55,2,4,1.727422
52,2022-01-02-10:52:57,4,3,2.101799
53,2022-01-02-10:53:00,3,5,2.140734
54,2022-01-02-10:53:01,5,4,1.779320
55,2022-01-02-10:53:03,4,0,1.525088
56,2022-01-02-10:53:05,0,7,1.910531
57,2022-01-02-10:53:07,7,2,2.563664
58,2022-01-02-10:53:10,2,3,2.548568
59,2022-01-02-10:53:12,3,7,2.093462
60,2022-01-02-10:53:14,7,4,1.834890
61,2022-01-02-10:53:16,4,3,2.128148
62,2022-01-02-10:53:18,3,0,2.325794
63,2022-01-02-10:53:20,0,7,1.905230
64,2022-01-02-10:53:22,7,1,1.633153
65,2022-01-02-10:53:23,1,4,1.300912
66,2022-01-02-10:53:25,4,2,1.759770
67,2022-01-02-10:53:27,2,1,1.934938
68,2022-01-02-10:53:28,1,0,1.017207
69,2022-01-02-10:53:29,0,4,1.493467
70,2022-01-02-10:53:33,4,6,3.425906
71,2022-01-02-10:53:36,6,5,3.058502
72,2022-01-02-10:53:38,5,1,1.901370
73,2022-01-02-10:53:40,1,5,1.895825
74,2022-01-02-10:53:41,5,0,1.833468
75,2022-01-02-10:53:44,0,3,2.396115
76,2022-01-02-10:53:47,3,6,3.639487
77,2022-01-02-10:53:51,6,7,3.997666
78,2022-01-02-10:53:54,7,3,2.121766
79,2022-01-02-10:53:57,3,6,3.630066
80,2022-01-02-10:54:01,6,3,3.643075
81,2022-01-02-10:54:03,3,4,2.087635
82,2022-01-02-10:54:05,4,7,1.834058
83,2022-01-02-10:54:07,7,5,2.552088
84,2022-01-02-10:54:09,5,3,2.152887
85,2022-01-02-10:54:12,3,5,2.149766
86,2022-01-02-10:54:13,5,2,1.483393
87,2022-01-02-10:54:16,2,6,3.109994
88,2022-01-02-10:54:20,6,4,3.433509
89,2022-01-02-10:54:21,4,7,1.792831
90,2022-01-02-10:54:23,7,0,1.888623
91,2022-01-02-10:54:25,0,4,1.493680
92,2022-01-02-10:54:27,4,5,1.761233
93,2022-01-02-10:54:28,5,2,1.500552
94,2022-01-02-10:54:30,2,1,1.943465
95,2022-01-02-10:54:32,1,5,1.882314
96,2022-01-02-10:54:34,5,3,2.139411
97,2022-01-02-10:54:37,3,2,2.518183
98,2022-01-02-10:54:38,2,0,1.719575
99,2022-01-02-10:54:40,0,7,1.885443
100,2022-01-02-10:54:43,7,2,2.541866
101,2022-01-02-10:54:44,2,0,1.723329
102,2022-01-02-10:54:46,0,1,1.044722
103,2022-01-02-10:54:47,1,2,1.925877
104,2022-01-02-10:54:50,2,6,3.057732
105,2022-01-02-10:54:54,6,1,3.536167
106,2022-01-02-10:54:56,1,2,1.964519
107,2022-01-02-10:54:58,2,0,1.705860
108,2022-01-02-10:55:00,0,3,2.342848
109,2022-01-02-10:55:02,3,1,2.227361
110,2022-01-02-10:55:04,1,2,1.934552
111,2022-01-02-10:55:06,2,5,1.489414
112,2022-01-02-10:55:08,5,7,2.550254
113,2022-01-02-10:55:12,7,6,3.990996
114,2022-01-02-10:55:16,6,0,3.427833
115,2022-01-02-10:55:18,0,3,2.357052
116,2022-01-02-10:55:22,3,6,3.667862
117,2022-01-02-10:55:25,6,0,3.429908
118,2022-01-02-10:55:26,0,1,1.051069
119,2022-01-02-10:55:28,1,3,2.194106
120,2022-01-02-10:55:32,3,6,3.635777
121,2022-01-02-10:55:35,6,5,3.097767
122,2022-01-02-10:55:37,5,3,2.153079
123,2022-01-02-10:55:39,3,1,2.216751
124,2022-01-02-10:55:41,1,2,1.928405
125,2022-01-02-10:55:43,2,0,1.687870
126,2022-01-02-10:55:45,0,5,1.844661
127,2022-01-02-10:55:47,5,1,1.922826
128,2022-01-02-10:55:49,1,7,1.643182
129,2022-01-02-10:55:51,7,5,2.646689
130,2022-01-02-10:55:53,5,0,1.817893
131,2022-01-02-10:55:55,0,3,2.323107
132,2022-01-02-10:55:57,3,4,2.087836
133,2022-01-02-10:55:59,4,0,1.486222
134,2022-01-02-10:56:01,0,3,2.333732
135,2022-01-02-10:56:04,3,0,2.342238
136,2022-01-02-10:56:07,0,6,3.415821
137,2022-01-02-10:56:10,6,0,3.433618
138,2022-01-02-10:56:12,0,5,1.852267
139,2022-01-02-10:56:15,5,7,2.545375
140,2022-01-02-10:56:19,7,6,3.976722
141,2022-01-02-10:56:22,6,1,3.513790
142,2022-01-02-10:56:24,1,4,1.319618
143,2022-01-02-10:56:25,4,1,1.326726
144,2022-01-02-10:56:27,1,2,1.925059
145,2022-01-02-10:56:30,2,6,3.037228
146,2022-01-02-10:56:33,6,0,3.460965
147,2022-01-02-10:56:36,0,3,2.341185
148,2022-01-02-10:56:38,3,5,2.158015
149,2022-01-02-10:56:40,5,1,1.920585
150,2022-01-02-10:56:43,1,6,3.528773
151,2022-01-02-10:56:47,6,7,3.957143
152,2022-01-02-10:56:49,7,4,1.856591
153,2022-01-02-10:56:51,4,2,1.749775
154,2022-01-02-10:56:54,2,6,3.022003
155,2022-01-02-10:56:57,6,4,3.429711
156,2022-01-02-10:56:59,4,1,1.280098
157,2022-01-02-10:57:01,1,2,1.987331
158,2022-01-02-10:57:03,2,1,1.952872
159,2022-01-02-10:57:06,1,6,3.537307
160,2022-01-02-10:57:10,6,4,3.440357
161,2022-01-02-10:57:11,4,5,1.762887
162,2022-01-02-10:57:14,5,6,3.096699
163,2022-01-02-10:57:18,6,7,3.938795
164,2022-01-02-10:57:20,7,1,1.634996
165,2022-01-02-10:57:22,1,3,2.196699
166,2022-01-02-10:57:26,3,6,3.594415
167,2022-01-02-10:57:29,6,3,3.592078
168,2022-01-02-10:57:32,3,5,2.170747
169,2022-01-02-10:57:33,5,1,1.941052
170,2022-01-02-10:57:34,1,0,1.026151
171,2022-01-02-10:57:37,0,3,2.399228
172,2022-01-02-10:57:39,3,1,2.242607
173,2022-01-02-10:57:40,1,4,1.321794
174,2022-01-02-10:57:42,4,7,1.834243
175,2022-01-02-10:57:44,7,1,1.676150
176,2022-01-02-10:57:45,1,4,1.283746
177,2022-01-02-10:57:49,4,6,3.420827
178,2022-01-02-10:57:52,6,4,3.409594
179,2022-01-02-10:57:55,4,6,3.390628
180,2022-01-02-10:57:59,6,0,3.435693
181,2022-01-02-10:58:01,0,7,1.914869
182,2022-01-02-10:58:03,7,5,2.540630
183,2022-01-02-10:58:06,5,6,3.031845
184,2022-01-02-10:58:10,6,0,3.427722
185,2022-01-02-10:58:11,0,1,0.996817
186,2022-01-02-10:58:12,1,4,1.279654
187,2022-01-02-10:58:14,4,7,1.835461
188,2022-01-02-10:58:16,7,3,2.119980
189,2022-01-02-10:58:18,3,4,2.120081
190,2022-01-02-10:58:20,4,5,1.771086
191,2022-01-02-10:58:21,5,2,1.516218
192,2022-01-02-10:58:24,2,7,2.545660
193,2022-01-02-10:58:27,7,5,2.559353
194,2022-01-02-10:58:29,5,7,2.569430
195,2022-01-02-10:58:33,7,6,4.043313
196,2022-01-02-10:58:36,6,5,3.023998
197,2022-01-02-10:58:38,5,2,1.501091
198,2022-01-02-10:58:40,2,1,1.923802
199,2022-01-02-10:58:41,1,0,0.991377
200,2022-01-02-10:58:43,0,7,1.925289
201,2022-01-02-10:58:45,7,2,2.543971
202,2022-01-02-10:58:47,2,0,1.721973
203,2022-01-02-10:58:49,0,2,1.736020
204,2022-01-02-10:58:50,2,0,1.723924
205,2022-01-02-10:58:53,0,3,2.362736
206,2022-01-02-10:58:55,3,2,2.547884
207,2022-01-02-10:58:57,2,1,1.936655
208,2022-01-02-10:58:59,1,3,2.188276
209,2022-01-02-10:59:02,3,2,2.551635
210,2022-01-02-10:59:05,2,6,3.093921
211,2022-01-02-10:59:08,6,2,3.045698
212,2022-01-02-10:59:10,2,4,1.740447
213,2022-01-02-10:59:12,4,7,1.877900
214,2022-01-02-10:59:14,7,2,2.560761
215,2022-01-02-10:59:16,2,0,1.743939
216,2022-01-02-10:59:18,0,7,1.923701
217,2022-01-02-10:59:20,7,4,1.855869
218,2022-01-02-10:59:21,4,1,1.316267
219,2022-01-02-10:59:23,1,2,1.963578
220,2022-01-02-10:59:25,2,1,1.949560
221,2022-01-02-10:59:26,1,0,1.029517
222,2022-01-02-10:59:28,0,7,1.928055
223,2022-01-02-10:59:32,7,6,3.936116
224,2022-01-02-10:59:35,6,0,3.442187
225,2022-01-02-10:59:38,0,3,2.329654
226,2022-01-02-10:59:41,3,6,3.632576
227,2022-01-02-10:59:45,6,4,3.429888
228,2022-01-02-10:59:46,4,0,1.502434
229,2022-01-02-10:59:48,0,2,1.722489
230,2022-01-02-10:59:50,2,3,2.548457
231,2022-01-02-10:59:53,3,7,2.122615
232,2022-01-02-10:59:54,7,4,1.887366
233,2022-01-02-10:59:57,4,3,2.096229
234,2022-01-02-10:59:59,3,5,2.143942
235,2022-01-02-11:00:01,5,0,1.883913
236,2022-01-02-11:00:02,0,5,1.824981
237,2022-01-02-11:00:06,5,6,3.127738
238,2022-01-02-11:00:09,6,5,3.075258
239,2022-01-02-11:00:10,5,2,1.519547
240,2022-01-02-11:00:12,2,0,1.725231
241,2022-01-02-11:00:13,0,1,1.060738
242,2022-01-02-11:00:15,1,3,2.193428
243,2022-01-02-11:00:19,3,6,3.636025
244,2022-01-02-11:00:22,6,1,3.546256
245,2022-01-02-11:00:24,1,3,2.213045
246,2022-01-02-11:00:27,3,5,2.142793
247,2022-01-02-11:00:28,5,0,1.855473
248,2022-01-02-11:00:30,0,7,1.915673
249,2022-01-02-11:00:32,7,4,1.860075
250,2022-01-02-11:00:34,4,2,1.738109
251,2022-01-02-11:00:36,2,1,1.968190
252,2022-01-02-11:00:38,1,5,1.885344
253,2022-01-02-11:00:40,5,7,2.546933
254,2022-01-02-11:00:43,7,2,2.536028
255,2022-01-02-11:00:45,2,3,2.548234
256,2022-01-02-11:00:48,3,4,2.100043
257,2022-01-02-11:00:49,4,1,1.286535
258,2022-01-02-11:00:51,1,3,2.219764
259,2022-01-02-11:00:53,3,7,2.126778
260,2022-01-02-11:00:55,7,4,1.875615
261,2022-01-02-11:00:59,4,6,3.438428
262,2022-01-02-11:01:02,6,2,3.069731
263,2022-01-02-11:01:05,2,6,3.054425
264,2022-01-02-11:01:08,6,1,3.539962
265,2022-01-02-11:01:09,1,4,1.288514
266,2022-01-02-11:01:11,4,5,1.737120
267,2022-01-02-11:01:13,5,4,1.724907
268,2022-01-02-11:01:14,4,1,1.346806
269,2022-01-02-11:01:16,1,4,1.322890
270,2022-01-02-11:01:17,4,2,1.736911
271,2022-01-02-11:01:20,2,6,3.063995
272,2022-01-02-11:01:23,6,2,3.070237
273,2022-01-02-11:01:26,2,7,2.551986
274,2022-01-02-11:01:28,7,4,1.826335
275,2022-01-02-11:01:29,4,1,1.277229
276,2022-01-02-11:01:31,1,3,2.226139
277,2022-01-02-11:01:34,3,1,2.228187
278,2022-01-02-11:01:35,1,5,1.883830
279,2022-01-02-11:01:37,5,0,1.840375
280,2022-01-02-11:01:39,0,4,1.483543
281,2022-01-02-11:01:41,4,2,1.742368
282,2022-01-02-11:01:44,2,6,3.082845
283,2022-01-02-11:01:47,6,1,3.538288
284,2022-01-02-11:01:49,1,5,1.885987
285,2022-01-02-11:01:51,5,1,1.900943
286,2022-01-02-11:01:53,1,2,1.949783
287,2022-01-02-11:01:54,2,5,1.482060
288,2022-01-02-11:01:56,5,2,1.481022
289,2022-01-02-11:01:58,2,0,1.718841
290,2022-01-02-11:02:00,0,3,2.338530
291,2022-01-02-11:02:04,3,6,3.633722
292,2022-01-02-11:02:07,6,1,3.539523
293,2022-01-02-11:02:09,1,7,1.653251
294,2022-01-02-11:02:11,7,4,1.839161
295,2022-01-02-11:02:12,4,1,1.328617
296,2022-01-02-11:02:13,1,0,0.986905
297,2022-01-02-11:02:15,0,2,1.766916
298,2022-01-02-11:02:17,2,3,2.587398
299,2022-01-02-11:02:19,3,1,2.225756
300,2022-01-02-11:02:21,1,0,1.029552
301,2022-01-02-11:02:22,0,4,1.520135
302,2022-01-02-11:02:24,4,2,1.752840
303,2022-01-02-11:02:26,2,3,2.538879
304,2022-01-02-11:02:29,3,5,2.180666
305,2022-01-02-11:02:30,5,4,1.759739
306,2022-01-02-11:02:32,4,1,1.303274
307,2022-01-02-11:02:35,1,6,3.560532
308,2022-01-02-11:02:39,6,0,3.441860
309,2022-01-02-11:02:42,0,6,3.444865
310,2022-01-02-11:02:45,6,4,3.404304
311,2022-01-02-11:02:47,4,7,1.839663
312,2022-01-02-11:02:50,7,5,2.629936
313,2022-01-02-11:02:51,5,2,1.541408
314,2022-01-02-11:02:54,2,3,2.592175
315,2022-01-02-11:02:56,3,5,2.135151
316,2022-01-02-11:02:58,5,1,1.886435
317,2022-01-02-11:03:02,1,6,3.534039
318,2022-01-02-11:03:05,6,3,3.633676
319,2022-01-02-11:03:08,3,0,2.363519
320,2022-01-02-11:03:09,0,2,1.713905
321,2022-01-02-11:03:11,2,4,1.799583
322,2022-01-02-11:03:12,4,1,1.321594
323,2022-01-02-11:03:14,1,7,1.634859
324,2022-01-02-11:03:16,7,4,1.866013
325,2022-01-02-11:03:18,4,7,1.846979
326,2022-01-02-11:03:20,7,5,2.623666
327,2022-01-02-11:03:22,5,4,1.752543
328,2022-01-02-11:03:23,4,1,1.307156
329,2022-01-02-11:03:25,1,7,1.643222
330,2022-01-02-11:03:27,7,3,2.101410
331,2022-01-02-11:03:30,3,0,2.364460
332,2022-01-02-11:03:31,0,4,1.490813
333,2022-01-02-11:03:34,4,6,3.430392
334,2022-01-02-11:03:38,6,3,3.651670
335,2022-01-02-11:03:41,3,2,2.560832
336,2022-01-02-11:03:42,2,4,1.760941
337,2022-01-02-11:03:46,4,6,3.434267
338,2022-01-02-11:03:49,6,1,3.564606
339,2022-01-02-11:03:51,1,2,1.938007
340,2022-01-02-11:03:53,2,5,1.501389
341,2022-01-02-11:03:55,5,0,1.841920
342,2022-01-02-11:03:58,0,6,3.442846
343,2022-01-02-11:04:01,6,2,3.048277
344,2022-01-02-11:04:04,2,6,3.083323
345,2022-01-02-11:04:08,6,3,3.628170
346,2022-01-02-11:04:10,3,1,2.235339
347,2022-01-02-11:04:11,1,0,1.057225
348,2022-01-02-11:04:13,0,2,1.694936
349,2022-01-02-11:04:16,2,6,3.063785
350,2022-01-02-11:04:19,6,5,3.075245
351,2022-01-02-11:04:21,5,2,1.525428
352,2022-01-02-11:04:22,2,5,1.515224
353,2022-01-02-11:04:24,5,2,1.586568
354,2022-01-02-11:04:25,2,0,1.726481
355,2022-01-02-11:04:28,0,3,2.359562
356,2022-01-02-11:04:30,3,1,2.251358
357,2022-01-02-11:04:32,1,3,2.188921
358,2022-01-02-11:04:35,3,0,2.370057
359,2022-01-02-11:04:36,0,7,1.886042
360,2022-01-02-11:04:39,7,2,2.545302
361,2022-01-02-11:04:42,2,7,2.547886
362,2022-01-02-11:04:44,7,5,2.551410
363,2022-01-02-11:04:46,5,0,1.895390
364,2022-01-02-11:04:48,0,7,1.950276
365,2022-01-02-11:04:52,7,6,4.008997
366,2022-01-02-11:04:55,6,4,3.430671
367,2022-01-02-11:04:57,4,7,1.869208
368,2022-01-02-11:04:59,7,3,2.131905
369,2022-01-02-11:05:02,3,0,2.364716
370,2022-01-02-11:05:03,0,1,1.088939
371,2022-01-02-11:05:05,1,2,1.960835
372,2022-01-02-11:05:08,2,6,3.053429
373,2022-01-02-11:05:11,6,0,3.480911
374,2022-01-02-11:05:13,0,2,1.701817
375,2022-01-02-11:05:15,2,0,1.702531
376,2022-01-02-11:05:16,0,1,0.989821
377,2022-01-02-11:05:18,1,2,1.947280
378,2022-01-02-11:05:20,2,3,2.574003
379,2022-01-02-11:05:22,3,1,2.201163
380,2022-01-02-11:05:24,1,5,1.896912
381,2022-01-02-11:05:26,5,1,1.890044
382,2022-01-02-11:05:28,1,7,1.714262
383,2022-01-02-11:05:30,7,3,2.085914
384,2022-01-02-11:05:34,3,6,3.612845
385,2022-01-02-11:05:37,6,2,3.052273
386,2022-01-02-11:05:38,2,0,1.728453
387,2022-01-02-11:05:40,0,2,1.726373
388,2022-01-02-11:05:42,2,1,1.967779
389,2022-01-02-11:05:44,1,5,1.923643
390,2022-01-02-11:05:46,5,2,1.539994
391,2022-01-02-11:05:47,2,5,1.508450
392,2022-01-02-11:05:49,5,2,1.524820
393,2022-01-02-11:05:50,2,0,1.717068
394,2022-01-02-11:05:52,0,2,1.722960
395,2022-01-02-11:05:55,2,3,2.588188
396,2022-01-02-11:05:57,3,7,2.142885
397,2022-01-02-11:05:59,7,1,1.639250
398,2022-01-02-11:06:00,1,2,1.936954
399,2022-01-02-11:06:03,2,7,2.574715
400,2022-01-02-11:06:05,7,1,1.639677
401,2022-01-02-11:06:06,1,0,1.019379
402,2022-01-02-11:06:08,0,3,2.379649
403,2022-01-02-11:06:10,3,4,2.031912
404,2022-01-02-11:06:12,4,0,1.525992
405,2022-01-02-11:06:14,0,3,2.337643
406,2022-01-02-11:06:18,3,6,3.629137
407,2022-01-02-11:06:21,6,0,3.435234
408,2022-01-02-11:06:23,0,5,1.833522
409,2022-01-02-11:06:26,5,6,3.060170
410,2022-01-02-11:06:30,6,3,3.599954
411,2022-01-02-11:06:32,3,4,2.112891
412,2022-01-02-11:06:33,4,1,1.317709
413,2022-01-02-11:06:34,1,4,1.288394
414,2022-01-02-11:06:36,4,1,1.328061
415,2022-01-02-11:06:38,1,2,1.946877
416,2022-01-02-11:06:39,2,0,1.724744
417,2022-01-02-11:06:40,0,1,1.039253
418,2022-01-02-11:06:41,1,0,1.000871
419,2022-01-02-11:06:43,0,4,1.534954
420,2022-01-02-11:06:44,4,1,1.282010
421,2022-01-02-11:06:45,1,4,1.324673
422,2022-01-02-11:06:47,4,1,1.294004
423,2022-01-02-11:06:48,1,4,1.291650
424,2022-01-02-11:06:50,4,5,1.742044
425,2022-01-02-11:06:52,5,4,1.767943
426,2022-01-02-11:06:53,4,0,1.525931
427,2022-01-02-11:06:55,0,2,1.720936
428,2022-01-02-11:06:58,2,6,3.067672
429,2022-01-02-11:07:01,6,3,3.639746
430,2022-01-02-11:07:04,3,0,2.356835
431,2022-01-02-11:07:06,0,3,2.335041
432,2022-01-02-11:07:10,3,6,3.635171
433,2022-01-02-11:07:13,6,0,3.426910
434,2022-01-02-11:07:16,0,3,2.362110
435,2022-01-02-11:07:19,3,6,3.645550
436,2022-01-02-11:07:23,6,3,3.616106
437,2022-01-02-11:07:25,3,1,2.208224
438,2022-01-02-11:07:29,1,6,3.533774
439,2022-01-02-11:07:32,6,0,3.455370
440,2022-01-02-11:07:34,0,2,1.726427
441,2022-01-02-11:07:36,2,4,1.749589
442,2022-01-02-11:07:39,4,6,3.424735
443,2022-01-02-11:07:42,6,2,3.074534
444,2022-01-02-11:07:44,2,0,1.721465
445,2022-01-02-11:07:45,0,2,1.724520
446,2022-01-02-11:07:49,2,6,3.108161
447,2022-01-02-11:07:53,6,7,4.012818
448,2022-01-02-11:07:55,7,2,2.554445
449,2022-01-02-11:07:57,2,0,1.729970
450,2022-01-02-11:07:59,0,5,1.842829
451,2022-01-02-11:08:01,5,7,2.594265
452,2022-01-02-11:08:05,7,6,3.986377
453,2022-01-02-11:08:09,6,3,3.636752
454,2022-01-02-11:08:11,3,5,2.157309
455,2022-01-02-11:08:14,5,6,3.077193
456,2022-01-02-11:08:17,6,5,3.102196
457,2022-01-02-11:08:19,5,3,2.165278
458,2022-01-02-11:08:22,3,7,2.140175
459,2022-01-02-11:08:26,7,6,4.012968
460,2022-01-02-11:08:29,6,1,3.543468
461,2022-01-02-11:08:31,1,3,2.258338
462,2022-01-02-11:08:34,3,0,2.362495
463,2022-01-02-11:08:36,0,2,1.757025
464,2022-01-02-11:08:39,2,6,3.092742
465,2022-01-02-11:08:42,6,3,3.598087
466,2022-01-02-11:08:44,3,4,2.132240
467,2022-01-02-11:08:48,4,6,3.423713
468,2022-01-02-11:08:51,6,0,3.469884
469,2022-01-02-11:08:53,0,2,1.692283
470,2022-01-02-11:08:55,2,3,2.575417
471,2022-01-02-11:08:58,3,5,2.208285
472,2022-01-02-11:09:00,5,7,2.569482
473,2022-01-02-11:09:04,7,6,4.029669
474,2022-01-02-11:09:08,6,4,3.438774
475,2022-01-02-11:09:10,4,5,1.764477
476,2022-01-02-11:09:11,5,4,1.752243
477,2022-01-02-11:09:13,4,7,1.844751
478,2022-01-02-11:09:15,7,4,1.861505
479,2022-01-02-11:09:17,4,3,2.137187
480,2022-01-02-11:09:21,3,6,3.633584
481,2022-01-02-11:09:24,6,2,3.079973
482,2022-01-02-11:09:26,2,7,2.541023
483,2022-01-02-11:09:29,7,5,2.582951
484,2022-01-02-11:09:32,5,7,2.603672
485,2022-01-02-11:09:34,7,5,2.594464
486,2022-01-02-11:09:36,5,4,1.771599
487,2022-01-02-11:09:38,4,2,1.769133
488,2022-01-02-11:09:39,2,0,1.729548
489,2022-01-02-11:09:41,0,5,1.875687
490,2022-01-02-11:09:44,5,6,3.071741
491,2022-01-02-11:09:47,6,5,3.049377
492,2022-01-02-11:09:51,5,6,3.092854
493,2022-01-02-11:09:54,6,0,3.401090
494,2022-01-02-11:09:56,0,5,1.850210
495,2022-01-02-11:09:57,5,2,1.521651
496,2022-01-02-11:10:00,2,3,2.562741
497,2022-01-02-11:10:04,3,6,3.666763
498,2022-01-02-11:10:07,6,3,3.619556
499,2022-01-02-11:10:10,3,0,2.380463
500,2022-01-02-11:10:11,0,1,1.038275
501,2022-01-02-11:10:12,1,4,1.319447
502,2022-01-02-11:10:13,4,0,1.524302
503,2022-01-02-11:10:15,0,5,1.844244
504,2022-01-02-11:10:18,5,7,2.601651
505,2022-01-02-11:10:22,7,6,4.022912
506,2022-01-02-11:10:25,6,4,3.426589
507,2022-01-02-11:10:27,4,1,1.401146
508,2022-01-02-11:10:30,1,6,3.568879
509,2022-01-02-11:10:34,6,1,3.531472
510,2022-01-02-11:10:35,1,0,1.011307
511,2022-01-02-11:10:36,0,4,1.524970
512,2022-01-02-11:10:40,4,6,3.472438
513,2022-01-02-11:10:43,6,2,3.091129
514,2022-01-02-11:10:46,2,6,3.078161
515,2022-01-02-11:10:49,6,2,3.088003
516,2022-01-02-11:10:52,2,7,2.561040
517,2022-01-02-11:10:54,7,5,2.544027
518,2022-01-02-11:10:57,5,6,3.111622
519,2022-01-02-11:11:01,6,7,3.994335
520,2022-01-02-11:11:05,7,6,3.980661
521,2022-01-02-11:11:09,6,1,3.544973
522,2022-01-02-11:11:10,1,4,1.322249
523,2022-01-02-11:11:12,4,5,1.749504
524,2022-01-02-11:11:14,5,1,1.921336
525,2022-01-02-11:11:15,1,4,1.346772
526,2022-01-02-11:11:17,4,2,1.796298
527,2022-01-02-11:11:19,2,1,1.995802
528,2022-01-02-11:11:21,1,3,2.236097
529,2022-01-02-11:11:25,3,6,3.672414
530,2022-01-02-11:11:28,6,4,3.418813
531,2022-01-02-11:11:30,4,2,1.752256
532,2022-01-02-11:11:32,2,1,1.972608
533,2022-01-02-11:11:34,1,2,1.949567
534,2022-01-02-11:11:37,2,3,2.573833
535,2022-01-02-11:11:39,3,2,2.561486
536,2022-01-02-11:11:41,2,1,1.956887
537,2022-01-02-11:11:43,1,2,1.952689
538,2022-01-02-11:11:44,2,5,1.520725
539,2022-01-02-11:11:47,5,7,2.597932
540,2022-01-02-11:11:50,7,5,2.584437
541,2022-01-02-11:11:52,5,1,1.929330
542,2022-01-02-11:11:54,1,3,2.255382
543,2022-01-02-11:11:56,3,4,2.128775
544,2022-01-02-11:11:58,4,5,1.818889
545,2022-01-02-11:12:00,5,4,1.756813
546,2022-01-02-11:12:01,4,0,1.499818
547,2022-01-02-11:12:03,0,3,2.325360
548,2022-01-02-11:12:06,3,5,2.157878
549,2022-01-02-11:12:09,5,6,3.072717
550,2022-01-02-11:12:12,6,3,3.660891
551,2022-01-02-11:12:15,3,1,2.235396
552,2022-01-02-11:12:16,1,0,1.030293
553,2022-01-02-11:12:17,0,4,1.494583
554,2022-01-02-11:12:19,4,5,1.756032
555,2022-01-02-11:12:21,5,0,1.867156
556,2022-01-02-11:12:22,0,4,1.542756
557,2022-01-02-11:12:24,4,1,1.291511
558,2022-01-02-11:12:25,1,0,0.998981
559,2022-01-02-11:12:26,0,2,1.722535
560,2022-01-02-11:12:29,2,7,2.568399
561,2022-01-02-11:12:31,7,3,2.108478
562,2022-01-02-11:12:33,3,7,2.146358
563,2022-01-02-11:12:37,7,6,3.979372
564,2022-01-02-11:12:41,6,4,3.472381
565,2022-01-02-11:12:43,4,3,2.141913
566,2022-01-02-11:12:45,3,4,2.116954
567,2022-01-02-11:12:48,4,6,3.433578
568,2022-01-02-11:12:51,6,2,3.140296
569,2022-01-02-11:12:53,2,1,1.962784
570,2022-01-02-11:12:55,1,7,1.652656
571,2022-01-02-11:12:58,7,5,2.559340
572,2022-01-02-11:13:00,5,3,2.196539
573,2022-01-02-11:13:02,3,0,2.360939
574,2022-01-02-11:13:04,0,4,1.513783
575,2022-01-02-11:13:07,4,6,3.442729
576,2022-01-02-11:13:11,6,3,3.658194
577,2022-01-02-11:13:13,3,5,2.171966
578,2022-01-02-11:13:14,5,2,1.524360
579,2022-01-02-11:13:16,2,5,1.525169
580,2022-01-02-11:13:19,5,7,2.597101
581,2022-01-02-11:13:21,7,5,2.558108
582,2022-01-02-11:13:23,5,1,1.926071
583,2022-01-02-11:13:25,1,5,1.923694
584,2022-01-02-11:13:28,5,6,3.074004
585,2022-01-02-11:13:31,6,5,3.068495
586,2022-01-02-11:13:34,5,7,2.556171
587,2022-01-02-11:13:35,7,1,1.690753
588,2022-01-02-11:13:38,1,3,2.225826
589,2022-01-02-11:13:40,3,0,2.400384
590,2022-01-02-11:13:42,0,7,1.928070
591,2022-01-02-11:13:44,7,0,1.930004
592,2022-01-02-11:13:46,0,3,2.337027
593,2022-01-02-11:13:48,3,4,2.151052
594,2022-01-02-11:13:50,4,3,2.128511
595,2022-01-02-11:13:53,3,1,2.224299
596,2022-01-02-11:13:54,1,4,1.294388
597,2022-01-02-11:13:55,4,1,1.323869
598,2022-01-02-11:13:58,1,3,2.271509
599,2022-01-02-11:14:00,3,5,2.161886
600,2022-01-02-11:14:01,5,2,1.548685
601,2022-01-02-11:14:04,2,3,2.576010
602,2022-01-02-11:14:06,3,5,2.207066
603,2022-01-02-11:14:08,5,4,1.740223
604,2022-01-02-11:14:11,4,6,3.439247
605,2022-01-02-11:14:15,6,7,3.969496
606,2022-01-02-11:14:17,7,1,1.695901
607,2022-01-02-11:14:19,1,3,2.207929
608,2022-01-02-11:14:21,3,0,2.354299
609,2022-01-02-11:14:23,0,5,1.911502
610,2022-01-02-11:14:26,5,3,2.203212
611,2022-01-02-11:14:29,3,6,3.691019
612,2022-01-02-11:14:33,6,3,3.654155
613,2022-01-02-11:14:37,3,6,3.665040
614,2022-01-02-11:14:40,6,0,3.439967
615,2022-01-02-11:14:42,0,4,1.529004
616,2022-01-02-11:14:44,4,3,2.131089
617,2022-01-02-11:14:47,3,6,3.635063
618,2022-01-02-11:14:51,6,0,3.466144
619,2022-01-02-11:14:53,0,5,1.899593
620,2022-01-02-11:14:54,5,2,1.513407
621,2022-01-02-11:14:57,2,3,2.596891
622,2022-01-02-11:14:59,3,7,2.163727
623,2022-01-02-11:15:01,7,4,1.854626
624,2022-01-02-11:15:04,4,6,3.475891
625,2022-01-02-11:15:08,6,3,3.650600
626,2022-01-02-11:15:10,3,2,2.568189
627,2022-01-02-11:15:12,2,4,1.810714
628,2022-01-02-11:15:14,4,7,1.864565
629,2022-01-02-11:15:16,7,3,2.137166
630,2022-01-02-11:15:18,3,7,2.103983
631,2022-01-02-11:15:22,7,6,4.043864
632,2022-01-02-11:15:26,6,0,3.450638
633,2022-01-02-11:15:28,0,5,1.924071
634,2022-01-02-11:15:31,5,6,3.109036
635,2022-01-02-11:15:34,6,0,3.437843
636,2022-01-02-11:15:37,0,3,2.399099
637,2022-01-02-11:15:39,3,5,2.192302
638,2022-01-02-11:15:41,5,4,1.794198
639,2022-01-02-11:15:42,4,0,1.503544
640,2022-01-02-11:15:44,0,2,1.727541
641,2022-01-02-11:15:47,2,6,3.089420
642,2022-01-02-11:15:50,6,2,3.096641
643,2022-01-02-11:15:53,2,3,2.599245
644,2022-01-02-11:15:55,3,4,2.146936
645,2022-01-02-11:15:57,4,2,1.819629
646,2022-01-02-11:15:59,2,3,2.608643
647,2022-01-02-11:16:01,3,4,2.123417
648,2022-01-02-11:16:05,4,6,3.497939
649,2022-01-02-11:16:09,6,1,3.557174
650,2022-01-02-11:16:10,1,4,1.331219
651,2022-01-02-11:16:13,4,6,3.441241
652,2022-01-02-11:16:17,6,7,4.015247
653,2022-01-02-11:16:19,7,4,1.835233
654,2022-01-02-11:16:21,4,5,1.722099
655,2022-01-02-11:16:23,5,7,2.548774
656,2022-01-02-11:16:25,7,0,1.953150
657,2022-01-02-11:16:27,0,5,1.916371
658,2022-01-02-11:16:29,5,3,2.186690
659,2022-01-02-11:16:32,3,2,2.606565
660,2022-01-02-11:16:34,2,0,1.734278
661,2022-01-02-11:16:36,0,7,1.917825
662,2022-01-02-11:16:38,7,4,1.866405
663,2022-01-02-11:16:40,4,3,2.101000
664,2022-01-02-11:16:42,3,1,2.194348
665,2022-01-02-11:16:44,1,7,1.704005
666,2022-01-02-11:16:48,7,6,4.022523
667,2022-01-02-11:16:51,6,1,3.502338
668,2022-01-02-11:16:52,1,4,1.319784
669,2022-01-02-11:16:54,4,7,1.833602
670,2022-01-02-11:16:57,7,2,2.621231
671,2022-01-02-11:16:59,2,0,1.723639
672,2022-01-02-11:17:00,0,5,1.857141
673,2022-01-02-11:17:02,5,1,1.902576
674,2022-01-02-11:17:04,1,5,1.885144
675,2022-01-02-11:17:06,5,3,2.160515
676,2022-01-02-11:17:10,3,6,3.689314
677,2022-01-02-11:17:13,6,5,3.147156
678,2022-01-02-11:17:16,5,6,3.070632
679,2022-01-02-11:17:20,6,1,3.552404
680,2022-01-02-11:17:23,1,6,3.592351
681,2022-01-02-11:17:27,6,2,3.064809
682,2022-01-02-11:17:28,2,0,1.728866
683,2022-01-02-11:17:32,0,6,3.486172
684,2022-01-02-11:17:36,6,7,4.033325
685,2022-01-02-11:17:38,7,0,1.934050
686,2022-01-02-11:17:39,0,1,1.023888
687,2022-01-02-11:17:41,1,3,2.229638
688,2022-01-02-11:17:43,3,0,2.353100
689,2022-01-02-11:17:45,0,5,1.870801
690,2022-01-02-11:17:48,5,6,3.107479
691,2022-01-02-11:17:52,6,1,3.551212
692,2022-01-02-11:17:54,1,7,1.682919
693,2022-01-02-11:17:58,7,6,4.046727
694,2022-01-02-11:18:01,6,1,3.528660
695,2022-01-02-11:18:05,1,6,3.563708
696,2022-01-02-11:18:09,6,7,4.016651
697,2022-01-02-11:18:13,7,6,4.009292
698,2022-01-02-11:18:16,6,4,3.449284
699,2022-01-02-11:18:18,4,0,1.531994
700,2022-01-02-11:18:20,0,5,1.867541
701,2022-01-02-11:18:22,5,3,2.230450
702,2022-01-02-11:18:24,3,1,2.238345
703,2022-01-02-11:18:26,1,7,1.670969
704,2022-01-02-11:18:28,7,0,1.920062
705,2022-01-02-11:18:30,0,5,1.881896
706,2022-01-02-11:18:31,5,2,1.520985
707,2022-01-02-11:18:34,2,6,3.097107
708,2022-01-02-11:18:38,6,3,3.643691
709,2022-01-02-11:18:40,3,5,2.170756
710,2022-01-02-11:18:42,5,0,1.862266
711,2022-01-02-11:18:45,0,6,3.422943
712,2022-01-02-11:18:49,6,1,3.546168
713,2022-01-02-11:18:51,1,3,2.217105
714,2022-01-02-11:18:54,3,2,2.580281
715,2022-01-02-11:18:56,2,1,1.939284
716,2022-01-02-11:18:58,1,3,2.227391
717,2022-01-02-11:19:00,3,0,2.354253
718,2022-01-02-11:19:01,0,1,1.083828
719,2022-01-02-11:19:05,1,6,3.566405
720,2022-01-02-11:19:08,6,2,3.082162
721,2022-01-02-11:19:10,2,7,2.589246
722,2022-01-02-11:19:12,7,1,1.698483
723,2022-01-02-11:19:16,1,6,3.569060
724,2022-01-02-11:19:20,6,7,4.028878
725,2022-01-02-11:19:22,7,3,2.111405
726,2022-01-02-11:19:24,3,5,2.177776
727,2022-01-02-11:19:26,5,3,2.202233
728,2022-01-02-11:19:29,3,2,2.579385
729,2022-01-02-11:19:30,2,5,1.532326
730,2022-01-02-11:19:32,5,1,1.941555
731,2022-01-02-11:19:34,1,3,2.241226
732,2022-01-02-11:19:37,3,0,2.393703
733,2022-01-02-11:19:39,0,2,1.725908
734,2022-01-02-11:19:42,2,6,3.093963
735,2022-01-02-11:19:45,6,1,3.568974
736,2022-01-02-11:19:48,1,3,2.257713
737,2022-01-02-11:19:50,3,2,2.595777
738,2022-01-02-11:19:52,2,0,1.733240
739,2022-01-02-11:19:53,0,1,1.021925
740,2022-01-02-11:19:56,1,6,3.558044
741,2022-01-02-11:20:00,6,5,3.109740
742,2022-01-02-11:20:02,5,7,2.605723
743,2022-01-02-11:20:05,7,2,2.554159
744,2022-01-02-11:20:06,2,5,1.543290
745,2022-01-02-11:20:08,5,3,2.134149
746,2022-01-02-11:20:10,3,7,2.093655
747,2022-01-02-11:20:13,7,3,2.141786
748,2022-01-02-11:20:15,3,5,2.173704
749,2022-01-02-11:20:18,5,6,3.130595
750,2022-01-02-11:20:22,6,7,3.967919
751,2022-01-02-11:20:26,7,6,4.017602
752,2022-01-02-11:20:29,6,2,3.068580
753,2022-01-02-11:20:31,2,5,1.537842
754,2022-01-02-11:20:34,5,6,3.099013
755,2022-01-02-11:20:38,6,7,4.010373
756,2022-01-02-11:20:39,7,1,1.683640
757,2022-01-02-11:20:41,1,5,1.941852
758,2022-01-02-11:20:43,5,1,1.924147
759,2022-01-02-11:20:44,1,0,1.043522
760,2022-01-02-11:20:46,0,4,1.557044
761,2022-01-02-11:20:48,4,2,1.804915
762,2022-01-02-11:20:49,2,4,1.765627
763,2022-01-02-11:20:51,4,1,1.319620
764,2022-01-02-11:20:52,1,4,1.320564
765,2022-01-02-11:20:55,4,6,3.446714
766,2022-01-02-11:20:59,6,5,3.143897
767,2022-01-02-11:21:01,5,0,1.905685
768,2022-01-02-11:21:02,0,4,1.530699
769,2022-01-02-11:21:03,4,1,1.323133
770,2022-01-02-11:21:05,1,4,1.356092
771,2022-01-02-11:21:07,4,5,1.795577
772,2022-01-02-11:21:08,5,0,1.861302
773,2022-01-02-11:21:10,0,4,1.530775
774,2022-01-02-11:21:11,4,1,1.325440
775,2022-01-02-11:21:13,1,4,1.326791
776,2022-01-02-11:21:15,4,3,2.138438
777,2022-01-02-11:21:18,3,6,3.642628
778,2022-01-02-11:21:21,6,2,3.065126
779,2022-01-02-11:21:24,2,3,2.560143
780,2022-01-02-11:21:26,3,1,2.246851
781,2022-01-02-11:21:28,1,5,1.958920
782,2022-01-02-11:21:30,5,1,1.929278
783,2022-01-02-11:21:34,1,6,3.543979
784,2022-01-02-11:21:37,6,2,3.067792
785,2022-01-02-11:21:38,2,0,1.732512
786,2022-01-02-11:21:42,0,6,3.468976
787,2022-01-02-11:21:45,6,0,3.429436
788,2022-01-02-11:21:47,0,2,1.734829
789,2022-01-02-11:21:49,2,5,1.524264
790,2022-01-02-11:21:51,5,0,1.931744
791,2022-01-02-11:21:52,0,5,1.877796
792,2022-01-02-11:21:54,5,4,1.775837
793,2022-01-02-11:21:56,4,7,1.901787
794,2022-01-02-11:21:59,7,2,2.568668
795,2022-01-02-11:22:02,2,6,3.080077
796,2022-01-02-11:22:06,6,7,4.031646
797,2022-01-02-11:22:08,7,3,2.109130
798,2022-01-02-11:22:10,3,0,2.347436
799,2022-01-02-11:22:12,0,2,1.723472
800,2022-01-02-11:22:15,2,6,3.074017
801,2022-01-02-11:22:18,6,0,3.459232
802,2022-01-02-11:22:20,0,5,1.935075
803,2022-01-02-11:22:22,5,4,1.763242
804,2022-01-02-11:22:24,4,5,1.796414
805,2022-01-02-11:22:26,5,2,1.526831
806,2022-01-02-11:22:28,2,7,2.566385
807,2022-01-02-11:22:30,7,0,1.920640
808,2022-01-02-11:22:32,0,3,2.377059
809,2022-01-02-11:22:35,3,2,2.586557
810,2022-01-02-11:22:37,2,4,1.753452
811,2022-01-02-11:22:38,4,1,1.306376
812,2022-01-02-11:22:40,1,3,2.205848
813,2022-01-02-11:22:42,3,7,2.125091
814,2022-01-02-11:22:44,7,0,1.939452
815,2022-01-02-11:22:46,0,2,1.710313
816,2022-01-02-11:22:48,2,1,1.973671
817,2022-01-02-11:22:50,1,5,1.903729
818,2022-01-02-11:22:53,5,6,3.113561
819,2022-01-02-11:22:56,6,0,3.440138
820,2022-01-02-11:23:00,0,6,3.431064
821,2022-01-02-11:23:04,6,7,4.026489
822,2022-01-02-11:23:06,7,3,2.106261
823,2022-01-02-11:23:08,3,4,2.139463
824,2022-01-02-11:23:12,4,6,3.495974
825,2022-01-02-11:23:16,6,7,4.014461
826,2022-01-02-11:23:17,7,1,1.698374
827,2022-01-02-11:23:19,1,5,1.904281
828,2022-01-02-11:23:21,5,0,1.912540
829,2022-01-02-11:23:23,0,2,1.692886
830,2022-01-02-11:23:25,2,7,2.568442
831,2022-01-02-11:23:28,7,5,2.607271
832,2022-01-02-11:23:30,5,4,1.788990
833,2022-01-02-11:23:32,4,3,2.142114
834,2022-01-02-11:23:34,3,0,2.407212
835,2022-01-02-11:23:36,0,4,1.545818
836,2022-01-02-11:23:38,4,7,1.897848
837,2022-01-02-11:23:40,7,0,1.925797
838,2022-01-02-11:23:41,0,4,1.569107
839,2022-01-02-11:23:45,4,6,3.448149
840,2022-01-02-11:23:48,6,3,3.617241
841,2022-01-02-11:23:51,3,0,2.353093
842,2022-01-02-11:23:53,0,5,1.888813
843,2022-01-02-11:23:55,5,1,1.930976
844,2022-01-02-11:23:58,1,6,3.540126
845,2022-01-02-11:24:02,6,4,3.446708
846,2022-01-02-11:24:05,4,6,3.472185
847,2022-01-02-11:24:09,6,1,3.543855
848,2022-01-02-11:24:11,1,2,1.957378
849,2022-01-02-11:24:12,2,5,1.542383
850,2022-01-02-11:24:15,5,6,3.075021
851,2022-01-02-11:24:19,6,7,3.982606
852,2022-01-02-11:24:22,7,5,2.574139
853,2022-01-02-11:24:24,5,0,1.886807
854,2022-01-02-11:24:26,0,3,2.422649
855,2022-01-02-11:24:28,3,5,2.197087
856,2022-01-02-11:24:31,5,6,3.099484
857,2022-01-02-11:24:34,6,2,3.144252
858,2022-01-02-11:24:36,2,0,1.728839
859,2022-01-02-11:24:38,0,4,1.521653
860,2022-01-02-11:24:39,4,1,1.333744
861,2022-01-02-11:24:40,1,4,1.317857
862,2022-01-02-11:24:42,4,1,1.288293
863,2022-01-02-11:24:43,1,7,1.697140
864,2022-01-02-11:24:45,7,0,1.911787
865,2022-01-02-11:24:47,0,4,1.555891
866,2022-01-02-11:24:49,4,7,1.912486
867,2022-01-02-11:24:51,7,5,2.597617
868,2022-01-02-11:24:53,5,1,1.931527
869,2022-01-02-11:24:55,1,4,1.326104
870,2022-01-02-11:24:58,4,6,3.441815
871,2022-01-02-11:25:01,6,5,3.110557
872,2022-01-02-11:25:04,5,7,2.641731
873,2022-01-02-11:25:08,7,6,4.040975
874,2022-01-02-11:25:11,6,3,3.634534
875,2022-01-02-11:25:14,3,0,2.395987
876,2022-01-02-11:25:16,0,5,1.908491
877,2022-01-02-11:25:18,5,3,2.155365
878,2022-01-02-11:25:22,3,6,3.700707
879,2022-01-02-11:25:25,6,3,3.773503
880,2022-01-02-11:25:28,3,5,2.304573
881,2022-01-02-11:25:30,5,1,1.939232
882,2022-01-02-11:25:33,1,6,3.607152
883,2022-01-02-11:25:36,6,5,3.147106
884,2022-01-02-11:25:38,5,1,1.974055
885,2022-01-02-11:25:40,1,2,2.007511
886,2022-01-02-11:25:42,2,4,1.762614
887,2022-01-02-11:25:44,4,2,1.754025
888,2022-01-02-11:25:45,2,5,1.534472
889,2022-01-02-11:25:48,5,7,2.569992
890,2022-01-02-11:25:50,7,0,1.912309
891,2022-01-02-11:25:51,0,4,1.531030
892,2022-01-02-11:25:54,4,3,2.122102
893,2022-01-02-11:25:56,3,5,2.173803
894,2022-01-02-11:25:58,5,7,2.594606
895,2022-01-02-11:26:00,7,1,1.644391
896,2022-01-02-11:26:02,1,5,1.917255
897,2022-01-02-11:26:04,5,1,1.909401
898,2022-01-02-11:26:06,1,3,2.223552
899,2022-01-02-11:26:09,3,2,2.600382
900,2022-01-02-11:26:12,2,6,3.135244
901,2022-01-02-11:26:16,6,7,4.058543
902,2022-01-02-11:26:20,7,6,4.039195
903,2022-01-02-11:26:23,6,4,3.438304
904,2022-01-02-11:26:25,4,5,1.783515
905,2022-01-02-11:26:27,5,4,1.749413
906,2022-01-02-11:26:28,4,1,1.326704
907,2022-01-02-11:26:30,1,2,1.977175
908,2022-01-02-11:26:33,2,7,2.533161
909,2022-01-02-11:26:35,7,4,1.880480
910,2022-01-02-11:26:36,4,0,1.489443
911,2022-01-02-11:26:38,0,2,1.736957
912,2022-01-02-11:26:40,2,1,1.938446
913,2022-01-02-11:26:42,1,3,2.198326
914,2022-01-02-11:26:44,3,2,2.598380
915,2022-01-02-11:26:46,2,0,1.718429
916,2022-01-02-11:26:49,0,3,2.394561
917,2022-01-02-11:26:51,3,7,2.129352
918,2022-01-02-11:26:53,7,3,2.192081
919,2022-01-02-11:26:56,3,2,2.605935
920,2022-01-02-11:26:58,2,1,2.030779
921,2022-01-02-11:27:00,1,3,2.243805
922,2022-01-02-11:27:02,3,7,2.124469
923,2022-01-02-11:27:05,7,2,2.594070
924,2022-01-02-11:27:07,2,7,2.594716
925,2022-01-02-11:27:09,7,3,2.120107
926,2022-01-02-11:27:11,3,5,2.155354
927,2022-01-02-11:27:14,5,3,2.166630
928,2022-01-02-11:27:16,3,7,2.101454
929,2022-01-02-11:27:18,7,4,1.862152
930,2022-01-02-11:27:19,4,1,1.318384
931,2022-01-02-11:27:21,1,2,1.960950
932,2022-01-02-11:27:23,2,3,2.599512
933,2022-01-02-11:27:26,3,4,2.127793
934,2022-01-02-11:27:28,4,3,2.132670
935,2022-01-02-11:27:30,3,2,2.566750
936,2022-01-02-11:27:33,2,7,2.580582
937,2022-01-02-11:27:35,7,5,2.595477
938,2022-01-02-11:27:38,5,6,3.055600
939,2022-01-02-11:27:42,6,7,3.992529
940,2022-01-02-11:27:44,7,1,1.703679
941,2022-01-02-11:27:45,1,4,1.315852
942,2022-01-02-11:27:47,4,5,1.780926
943,2022-01-02-11:27:49,5,3,2.161878
944,2022-01-02-11:27:52,3,4,2.092678
945,2022-01-02-11:27:53,4,5,1.793506
946,2022-01-02-11:27:55,5,1,1.899018
947,2022-01-02-11:27:56,1,0,0.991939
948,2022-01-02-11:27:58,0,2,1.697199
949,2022-01-02-11:28:00,2,0,1.692982
950,2022-01-02-11:28:01,0,2,1.728722
951,2022-01-02-11:28:03,2,0,1.732760
952,2022-01-02-11:28:05,0,5,1.862777
953,2022-01-02-11:28:07,5,1,1.890969
954,2022-01-02-11:28:09,1,5,1.909148
955,2022-01-02-11:28:11,5,3,2.146367
956,2022-01-02-11:28:14,3,6,3.614239
957,2022-01-02-11:28:18,6,4,3.396812
958,2022-01-02-11:28:21,4,6,3.442540
959,2022-01-02-11:28:25,6,3,3.641083
960,2022-01-02-11:28:27,3,7,2.134069
961,2022-01-02-11:28:30,7,5,2.602869
962,2022-01-02-11:28:32,5,3,2.186209
963,2022-01-02-11:28:35,3,6,3.609833
964,2022-01-02-11:28:39,6,5,3.080742
965,2022-01-02-11:28:40,5,0,1.895727
966,2022-01-02-11:28:42,0,7,1.926890
967,2022-01-02-11:28:44,7,0,1.921542
968,2022-01-02-11:28:46,0,2,1.712802
969,2022-01-02-11:28:48,2,1,1.953946
970,2022-01-02-11:28:50,1,3,2.203054
971,2022-01-02-11:28:52,3,4,2.123711
972,2022-01-02-11:28:54,4,5,1.751122
973,2022-01-02-11:28:57,5,6,3.069793
974,2022-01-02-11:29:00,6,5,3.099096
975,2022-01-02-11:29:03,5,6,3.066476
976,2022-01-02-11:29:07,6,3,3.641170
977,2022-01-02-11:29:09,3,1,2.227308
978,2022-01-02-11:29:11,1,5,1.939911
979,2022-01-02-11:29:14,5,7,2.588398
980,2022-01-02-11:29:15,7,1,1.693143
981,2022-01-02-11:29:17,1,4,1.333136
982,2022-01-02-11:29:19,4,3,2.100105
983,2022-01-02-11:29:21,3,7,2.121450
984,2022-01-02-11:29:23,7,0,1.910866
985,2022-01-02-11:29:25,0,3,2.406455
986,2022-01-02-11:29:28,3,2,2.596719
987,2022-01-02-11:29:29,2,5,1.522500
988,2022-01-02-11:29:31,5,0,1.882518
989,2022-01-02-11:29:33,0,2,1.744130
990,2022-01-02-11:29:36,2,7,2.605214
991,2022-01-02-11:29:38,7,3,2.120931
992,2022-01-02-11:29:40,3,0,2.372760
993,2022-01-02-11:29:42,0,4,1.534692
994,2022-01-02-11:29:43,4,5,1.774058
995,2022-01-02-11:29:46,5,7,2.574827
996,2022-01-02-11:29:49,7,2,2.601040
997,2022-01-02-11:29:50,2,5,1.516492
998,2022-01-02-11:29:52,5,2,1.517871
999,2022-01-02-11:29:54,2,3,2.572022
1000,2022-01-02-11:29:57,3,0,2.335001
1001,2022-01-02-11:29:58,0,1,1.064029
1002,2022-01-02-11:30:00,1,2,1.966191
1003,2022-01-02-11:30:01,2,5,1.485820
1004,2022-01-02-11:30:03,5,1,1.903455
1005,2022-01-02-11:30:05,1,2,1.964480
1006,2022-01-02-11:30:07,2,0,1.717588
1007,2022-01-02-11:30:09,0,3,2.379359
1008,2022-01-02-11:30:11,3,4,2.136514
1009,2022-01-02-11:30:13,4,5,1.774418
1010,2022-01-02-11:30:15,5,4,1.825631
1011,2022-01-02-11:30:17,4,5,1.745966
1012,2022-01-02-11:30:20,5,6,3.093271
1013,2022-01-02-11:30:23,6,0,3.440373
1014,2022-01-02-11:30:25,0,7,1.904298
1015,2022-01-02-11:30:27,7,3,2.121096
1016,2022-01-02-11:30:29,3,7,2.192007
1017,2022-01-02-11:30:33,7,6,4.073347
1018,2022-01-02-11:30:37,6,3,3.647050
1019,2022-01-02-11:30:39,3,0,2.399255
1020,2022-01-02-11:30:43,0,6,3.437163
1021,2022-01-02-11:30:46,6,0,3.412526
1022,2022-01-02-11:30:48,0,5,1.941522
1023,2022-01-02-11:30:50,5,4,1.767804
1024,2022-01-02-11:30:52,4,5,1.749834
1025,2022-01-02-11:30:54,5,0,1.844075
1026,2022-01-02-11:30:55,0,7,1.933243
1027,2022-01-02-11:30:58,7,5,2.574060
1028,2022-01-02-11:31:00,5,0,1.860263
1029,2022-01-02-11:31:01,0,4,1.547662
1030,2022-01-02-11:31:03,4,2,1.739648
1031,2022-01-02-11:31:05,2,1,1.975408
1032,2022-01-02-11:31:07,1,4,1.379339
1033,2022-01-02-11:31:08,4,7,1.908795
1034,2022-01-02-11:31:10,7,0,1.907484
1035,2022-01-02-11:31:14,0,6,3.400977
1036,2022-01-02-11:31:18,6,7,4.151627
1037,2022-01-02-11:31:20,7,0,1.945672
1038,2022-01-02-11:31:22,0,7,1.922483
1039,2022-01-02-11:31:24,7,0,1.975651
1040,2022-01-02-11:31:25,0,2,1.696785
1041,2022-01-02-11:31:27,2,0,1.724400
1042,2022-01-02-11:31:28,0,1,1.019626
1043,2022-01-02-11:31:30,1,4,1.315810
1044,2022-01-02-11:31:32,4,3,2.125048
1045,2022-01-02-11:31:34,3,7,2.134670
1046,2022-01-02-11:31:38,7,6,4.001967
1047,2022-01-02-11:31:41,6,0,3.481173
1048,2022-01-02-11:31:43,0,2,1.726026
1049,2022-01-02-11:31:46,2,6,3.217351
1050,2022-01-02-11:31:49,6,5,3.103280
1051,2022-01-02-11:31:51,5,4,1.770969
1052,2022-01-02-11:31:55,4,6,3.426083
1053,2022-01-02-11:31:59,6,7,3.977114
1054,2022-01-02-11:32:00,7,4,1.830401
1055,2022-01-02-11:32:02,4,0,1.487886
1056,2022-01-02-11:32:03,0,4,1.518094
1057,2022-01-02-11:32:05,4,5,1.745579
1058,2022-01-02-11:32:08,5,7,2.563265
1059,2022-01-02-11:32:10,7,5,2.541100
1060,2022-01-02-11:32:13,5,7,2.578248
1061,2022-01-02-11:32:15,7,2,2.577441
1062,2022-01-02-11:32:18,2,7,2.610548
1063,2022-01-02-11:32:20,7,4,1.853850
1064,2022-01-02-11:32:22,4,3,2.128846
1065,2022-01-02-11:32:24,3,5,2.206739
