--- Start
Calibration finished !

Learning mode activated? 
False
iteration,date,init_position,final_position,time
0,2022-01-02-10:51:07,-1,6,3.226786
1,2022-01-02-10:51:10,6,2,3.044092
2,2022-01-02-10:51:12,2,1,1.945328
3,2022-01-02-10:51:16,1,6,3.524541
4,2022-01-02-10:51:19,6,0,3.393697
5,2022-01-02-10:51:21,0,3,2.347660
6,2022-01-02-10:51:23,3,4,2.082243
7,2022-01-02-10:51:25,4,1,1.322031
8,2022-01-02-10:51:27,1,5,1.934460
9,2022-01-02-10:51:28,5,4,1.747664
10,2022-01-02-10:51:32,4,6,3.423622
11,2022-01-02-10:51:35,6,0,3.445637
12,2022-01-02-10:51:37,0,7,1.909683
13,2022-01-02-10:51:39,7,1,1.723910
14,2022-01-02-10:51:43,1,6,3.523187
15,2022-01-02-10:51:46,6,4,3.413622
16,2022-01-02-10:51:49,4,6,3.427137
17,2022-01-02-10:51:53,6,1,3.526821
18,2022-01-02-10:51:55,1,2,1.950845
19,2022-01-02-10:51:57,2,0,1.688992
20,2022-01-02-10:52:00,0,6,3.416716
21,2022-01-02-10:52:03,6,4,3.425681
22,2022-01-02-10:52:05,4,1,1.287749
23,2022-01-02-10:52:06,1,0,1.024336
24,2022-01-02-10:52:07,0,1,0.999648
25,2022-01-02-10:52:08,1,4,1.288834
26,2022-01-02-10:52:10,4,3,2.090222
27,2022-01-02-10:52:12,3,5,2.142329
28,2022-01-02-10:52:14,5,0,1.851574
29,2022-01-02-10:52:17,0,6,3.423755
30,2022-01-02-10:52:21,6,7,3.958766
31,2022-01-02-10:52:24,7,5,2.540886
32,2022-01-02-10:52:27,5,6,3.072792
33,2022-01-02-10:52:30,6,0,3.450994
34,2022-01-02-10:52:33,0,3,2.347998
35,2022-01-02-10:52:35,3,0,2.316276
36,2022-01-02-10:52:39,0,6,3.428004
37,2022-01-02-10:52:42,6,4,3.439657
38,2022-01-02-10:52:44,4,0,1.491502
39,2022-01-02-10:52:46,0,3,2.377662
40,2022-01-02-10:52:50,3,6,3.651731
41,2022-01-02-10:52:53,6,4,3.448896
42,2022-01-02-10:52:55,4,0,1.511201
43,2022-01-02-10:52:57,0,7,1.890820
44,2022-01-02-10:52:58,7,0,1.918825
45,2022-01-02-10:53:02,0,6,3.397094
46,2022-01-02-10:53:06,6,7,3.918394
47,2022-01-02-10:53:10,7,6,3.976470
48,2022-01-02-10:53:14,6,7,3.959725
49,2022-01-02-10:53:16,7,4,1.835966
50,2022-01-02-10:53:17,4,1,1.284050
51,2022-01-02-10:53:19,1,3,2.209499
52,2022-01-02-10:53:21,3,5,2.125973
53,2022-01-02-10:53:24,5,6,3.068167
54,2022-01-02-10:53:28,6,3,3.607614
55,2022-01-02-10:53:30,3,7,2.094322
56,2022-01-02-10:53:32,7,0,1.900748
57,2022-01-02-10:53:34,0,3,2.335240
58,2022-01-02-10:53:37,3,0,2.331909
59,2022-01-02-10:53:38,0,2,1.686976
60,2022-01-02-10:53:41,2,7,2.544438
61,2022-01-02-10:53:43,7,0,1.899627
62,2022-01-02-10:53:45,0,7,1.885232
63,2022-01-02-10:53:47,7,5,2.571281
64,2022-01-02-10:53:49,5,0,1.881137
65,2022-01-02-10:53:51,0,3,2.357048
66,2022-01-02-10:53:53,3,5,2.145871
67,2022-01-02-10:53:55,5,0,1.844326
68,2022-01-02-10:53:57,0,2,1.728857
69,2022-01-02-10:53:59,2,0,1.689718
70,2022-01-02-10:54:02,0,6,3.443897
71,2022-01-02-10:54:06,6,7,3.994258
72,2022-01-02-10:54:10,7,6,3.997456
73,2022-01-02-10:54:14,6,4,3.425737
74,2022-01-02-10:54:15,4,0,1.514218
75,2022-01-02-10:54:17,0,3,2.351782
76,2022-01-02-10:54:21,3,6,3.621664
77,2022-01-02-10:54:25,6,0,3.432336
78,2022-01-02-10:54:26,0,7,1.930107
79,2022-01-02-10:54:28,7,0,1.916259
80,2022-01-02-10:54:31,0,3,2.339172
81,2022-01-02-10:54:33,3,7,2.124494
82,2022-01-02-10:54:34,7,1,1.635833
83,2022-01-02-10:54:36,1,2,1.934368
84,2022-01-02-10:54:40,2,6,3.091719
85,2022-01-02-10:54:43,6,0,3.395854
86,2022-01-02-10:54:44,0,1,1.028193
87,2022-01-02-10:54:45,1,0,1.013364
88,2022-01-02-10:54:47,0,7,1.883213
89,2022-01-02-10:54:48,7,1,1.638929
90,2022-01-02-10:54:50,1,4,1.318491
91,2022-01-02-10:54:52,4,3,2.082715
92,2022-01-02-10:54:54,3,7,2.118214
93,2022-01-02-10:54:57,7,5,2.627871
94,2022-01-02-10:54:58,5,4,1.743013
95,2022-01-02-10:55:00,4,3,2.094064
96,2022-01-02-10:55:03,3,2,2.552876
97,2022-01-02-10:55:06,2,6,3.061467
98,2022-01-02-10:55:09,6,0,3.422215
99,2022-01-02-10:55:11,0,4,1.487239
100,2022-01-02-10:55:13,4,2,1.718681
101,2022-01-02-10:55:15,2,3,2.559381
102,2022-01-02-10:55:17,3,1,2.224823
103,2022-01-02-10:55:19,1,4,1.333547
104,2022-01-02-10:55:20,4,0,1.481790
105,2022-01-02-10:55:21,0,1,1.028401
106,2022-01-02-10:55:22,1,0,0.986650
107,2022-01-02-10:55:24,0,7,1.916264
108,2022-01-02-10:55:26,7,4,1.835087
109,2022-01-02-10:55:28,4,5,1.738840
110,2022-01-02-10:55:31,5,6,3.130793
111,2022-01-02-10:55:34,6,1,3.533148
112,2022-01-02-10:55:36,1,7,1.623316
113,2022-01-02-10:55:38,7,3,2.123806
114,2022-01-02-10:55:40,3,5,2.131420
115,2022-01-02-10:55:43,5,6,3.060695
116,2022-01-02-10:55:47,6,1,3.523688
117,2022-01-02-10:55:51,1,6,3.577202
118,2022-01-02-10:55:54,6,3,3.599699
119,2022-01-02-10:55:57,3,2,2.531574
120,2022-01-02-10:56:00,2,6,3.035239
121,2022-01-02-10:56:03,6,2,3.047271
122,2022-01-02-10:56:05,2,7,2.562449
123,2022-01-02-10:56:09,7,6,3.988578
124,2022-01-02-10:56:13,6,7,3.972913
125,2022-01-02-10:56:17,7,6,3.941546
126,2022-01-02-10:56:21,6,7,3.965665
127,2022-01-02-10:56:23,7,3,2.119055
128,2022-01-02-10:56:25,3,5,2.158333
129,2022-01-02-10:56:28,5,6,3.070318
130,2022-01-02-10:56:32,6,4,3.441081
131,2022-01-02-10:56:34,4,3,2.057460
132,2022-01-02-10:56:38,3,6,3.633480
133,2022-01-02-10:56:41,6,3,3.583112
134,2022-01-02-10:56:43,3,5,2.159815
135,2022-01-02-10:56:45,5,4,1.761858
136,2022-01-02-10:56:47,4,5,1.755668
137,2022-01-02-10:56:48,5,2,1.522658
138,2022-01-02-10:56:50,2,0,1.827475
139,2022-01-02-10:56:52,0,5,1.842373
140,2022-01-02-10:56:54,5,1,1.894137
141,2022-01-02-10:56:56,1,2,1.956194
142,2022-01-02-10:56:59,2,6,3.030645
143,2022-01-02-10:57:02,6,0,3.394463
144,2022-01-02-10:57:04,0,7,1.923788
145,2022-01-02-10:57:06,7,4,1.862108
146,2022-01-02-10:57:08,4,5,1.753622
147,2022-01-02-10:57:10,5,0,1.856941
148,2022-01-02-10:57:12,0,5,1.942450
149,2022-01-02-10:57:13,5,4,1.756391
150,2022-01-02-10:57:15,4,5,1.739229
151,2022-01-02-10:57:18,5,6,3.073589
152,2022-01-02-10:57:21,6,2,3.096894
153,2022-01-02-10:57:23,2,1,1.934026
154,2022-01-02-10:57:25,1,7,1.634759
155,2022-01-02-10:57:27,7,0,1.919694
156,2022-01-02-10:57:28,0,4,1.515506
157,2022-01-02-10:57:30,4,7,1.823398
158,2022-01-02-10:57:32,7,0,1.902350
159,2022-01-02-10:57:34,0,5,1.849411
160,2022-01-02-10:57:36,5,0,1.844456
161,2022-01-02-10:57:38,0,3,2.362756
162,2022-01-02-10:57:40,3,4,2.119482
163,2022-01-02-10:57:44,4,6,3.437156
164,2022-01-02-10:57:47,6,0,3.429485
165,2022-01-02-10:57:49,0,5,1.846103
166,2022-01-02-10:57:51,5,1,1.946322
167,2022-01-02-10:57:53,1,3,2.205526
168,2022-01-02-10:57:55,3,7,2.121599
169,2022-01-02-10:57:59,7,6,3.933882
170,2022-01-02-10:58:03,6,0,3.391539
171,2022-01-02-10:58:06,0,6,3.455968
172,2022-01-02-10:58:09,6,0,3.424607
173,2022-01-02-10:58:13,0,6,3.429458
174,2022-01-02-10:58:17,6,7,4.003929
175,2022-01-02-10:58:19,7,5,2.545970
176,2022-01-02-10:58:23,5,6,3.080524
177,2022-01-02-10:58:26,6,4,3.434515
178,2022-01-02-10:58:28,4,5,1.741342
179,2022-01-02-10:58:30,5,0,1.838828
180,2022-01-02-10:58:31,0,4,1.482824
181,2022-01-02-10:58:33,4,7,1.849994
182,2022-01-02-10:58:35,7,3,2.067459
183,2022-01-02-10:58:37,3,5,2.187591
184,2022-01-02-10:58:39,5,1,1.929247
185,2022-01-02-10:58:41,1,3,2.189445
186,2022-01-02-10:58:43,3,4,2.033781
187,2022-01-02-10:58:47,4,6,3.437840
188,2022-01-02-10:58:50,6,2,3.104904
189,2022-01-02-10:58:52,2,3,2.559273
190,2022-01-02-10:58:55,3,1,2.187684
191,2022-01-02-10:58:56,1,4,1.322300
192,2022-01-02-10:58:58,4,7,1.850235
193,2022-01-02-10:59:00,7,3,2.117825
194,2022-01-02-10:59:02,3,5,2.153801
195,2022-01-02-10:59:04,5,4,1.732092
196,2022-01-02-10:59:05,4,1,1.291705
197,2022-01-02-10:59:07,1,5,1.893027
198,2022-01-02-10:59:09,5,1,1.913075
199,2022-01-02-10:59:10,1,4,1.326123
200,2022-01-02-10:59:12,4,7,1.850298
201,2022-01-02-10:59:15,7,2,2.555486
202,2022-01-02-10:59:16,2,5,1.551874
203,2022-01-02-10:59:18,5,2,1.493186
204,2022-01-02-10:59:19,2,5,1.523806
205,2022-01-02-10:59:21,5,1,1.882506
206,2022-01-02-10:59:22,1,4,1.322013
207,2022-01-02-10:59:26,4,6,3.457765
208,2022-01-02-10:59:29,6,1,3.528703
209,2022-01-02-10:59:31,1,2,1.990666
210,2022-01-02-10:59:33,2,1,1.951946
211,2022-01-02-10:59:35,1,5,1.886127
212,2022-01-02-10:59:38,5,6,3.068696
213,2022-01-02-10:59:42,6,4,3.440294
214,2022-01-02-10:59:44,4,3,2.090251
215,2022-01-02-10:59:46,3,2,2.543550
216,2022-01-02-10:59:48,2,1,1.959097
217,2022-01-02-10:59:50,1,7,1.690767
218,2022-01-02-10:59:52,7,3,2.121237
219,2022-01-02-10:59:54,3,5,2.152848
220,2022-01-02-10:59:56,5,2,1.521938
221,2022-01-02-10:59:58,2,1,1.955043
222,2022-01-02-10:59:59,1,0,1.038353
223,2022-01-02-11:00:00,0,2,1.700865
224,2022-01-02-11:00:03,2,3,2.545666
225,2022-01-02-11:00:05,3,4,2.111932
226,2022-01-02-11:00:07,4,5,1.728515
227,2022-01-02-11:00:09,5,7,2.565009
228,2022-01-02-11:00:13,7,6,3.961151
229,2022-01-02-11:00:16,6,5,3.063075
230,2022-01-02-11:00:20,5,6,3.065387
231,2022-01-02-11:00:23,6,4,3.440104
232,2022-01-02-11:00:25,4,3,2.122622
233,2022-01-02-11:00:27,3,7,2.137297
234,2022-01-02-11:00:29,7,3,2.128033
235,2022-01-02-11:00:33,3,6,3.632287
236,2022-01-02-11:00:37,6,3,3.623879
237,2022-01-02-11:00:40,3,6,3.598969
238,2022-01-02-11:00:44,6,0,3.427131
239,2022-01-02-11:00:45,0,4,1.497614
240,2022-01-02-11:00:47,4,7,1.847541
241,2022-01-02-11:00:49,7,3,2.125686
242,2022-01-02-11:00:53,3,6,3.593687
243,2022-01-02-11:00:56,6,5,3.075352
244,2022-01-02-11:00:58,5,0,1.831438
245,2022-01-02-11:00:59,0,2,1.682297
246,2022-01-02-11:01:02,2,7,2.540245
247,2022-01-02-11:01:04,7,5,2.560541
248,2022-01-02-11:01:06,5,4,1.731852
249,2022-01-02-11:01:10,4,6,3.427238
250,2022-01-02-11:01:13,6,2,3.063421
251,2022-01-02-11:01:15,2,1,1.927615
252,2022-01-02-11:01:17,1,3,2.193316
253,2022-01-02-11:01:19,3,7,2.101376
254,2022-01-02-11:01:20,7,1,1.648041
255,2022-01-02-11:01:23,1,3,2.216704
256,2022-01-02-11:01:25,3,2,2.593032
257,2022-01-02-11:01:27,2,0,1.730546
258,2022-01-02-11:01:29,0,7,1.923835
259,2022-01-02-11:01:31,7,2,2.545040
260,2022-01-02-11:01:35,2,6,3.071807
261,2022-01-02-11:01:38,6,1,3.536793
262,2022-01-02-11:01:40,1,3,2.192380
263,2022-01-02-11:01:43,3,0,2.333583
264,2022-01-02-11:01:44,0,4,1.521698
265,2022-01-02-11:01:46,4,3,2.131569
266,2022-01-02-11:01:48,3,1,2.207417
267,2022-01-02-11:01:50,1,5,1.887569
268,2022-01-02-11:01:52,5,0,1.852659
269,2022-01-02-11:01:54,0,7,1.959906
270,2022-01-02-11:01:56,7,3,2.123498
271,2022-01-02-11:01:58,3,4,2.032514
272,2022-01-02-11:02:00,4,3,2.064586
273,2022-01-02-11:02:03,3,0,2.354621
274,2022-01-02-11:02:05,0,5,1.861400
275,2022-01-02-11:02:07,5,3,2.152495
276,2022-01-02-11:02:09,3,2,2.534794
277,2022-01-02-11:02:11,2,4,1.742414
278,2022-01-02-11:02:14,4,6,3.436399
279,2022-01-02-11:02:18,6,4,3.417221
280,2022-01-02-11:02:21,4,6,3.434031
281,2022-01-02-11:02:25,6,0,3.436828
282,2022-01-02-11:02:27,0,5,1.842874
283,2022-01-02-11:02:28,5,4,1.758850
284,2022-01-02-11:02:30,4,5,1.758645
285,2022-01-02-11:02:32,5,1,1.899936
286,2022-01-02-11:02:36,1,6,3.542550
287,2022-01-02-11:02:39,6,2,3.051930
288,2022-01-02-11:02:41,2,7,2.625486
289,2022-01-02-11:02:43,7,0,1.883260
290,2022-01-02-11:02:45,0,4,1.528873
291,2022-01-02-11:02:46,4,0,1.523932
292,2022-01-02-11:02:47,0,1,1.027710
293,2022-01-02-11:02:49,1,5,1.884571
294,2022-01-02-11:02:51,5,3,2.144839
295,2022-01-02-11:02:53,3,1,2.199340
296,2022-01-02-11:02:55,1,4,1.288562
297,2022-01-02-11:02:57,4,3,2.123274
298,2022-01-02-11:02:59,3,2,2.556293
299,2022-01-02-11:03:01,2,0,1.693742
300,2022-01-02-11:03:03,0,3,2.361186
301,2022-01-02-11:03:06,3,2,2.549008
302,2022-01-02-11:03:09,2,6,3.080597
303,2022-01-02-11:03:13,6,7,3.962930
304,2022-01-02-11:03:16,7,5,2.539208
305,2022-01-02-11:03:17,5,2,1.487511
306,2022-01-02-11:03:20,2,3,2.549382
307,2022-01-02-11:03:22,3,5,2.154326
308,2022-01-02-11:03:24,5,1,1.914752
309,2022-01-02-11:03:27,1,6,3.546917
310,2022-01-02-11:03:31,6,0,3.431276
311,2022-01-02-11:03:33,0,7,1.889666
312,2022-01-02-11:03:34,7,4,1.850467
313,2022-01-02-11:03:38,4,6,3.445084
314,2022-01-02-11:03:41,6,4,3.433213
315,2022-01-02-11:03:45,4,6,3.450647
316,2022-01-02-11:03:48,6,3,3.654814
317,2022-01-02-11:03:51,3,0,2.347502
318,2022-01-02-11:03:52,0,1,1.037826
319,2022-01-02-11:03:54,1,5,1.888131
320,2022-01-02-11:03:56,5,7,2.561675
321,2022-01-02-11:03:58,7,1,1.633286
322,2022-01-02-11:04:00,1,3,2.194258
323,2022-01-02-11:04:04,3,6,3.641786
324,2022-01-02-11:04:07,6,2,3.094543
325,2022-01-02-11:04:09,2,1,1.956513
326,2022-01-02-11:04:12,1,6,3.548195
327,2022-01-02-11:04:16,6,0,3.425911
328,2022-01-02-11:04:17,0,2,1.725022
329,2022-01-02-11:04:19,2,4,1.747415
330,2022-01-02-11:04:21,4,3,2.066885
331,2022-01-02-11:04:23,3,7,2.113950
332,2022-01-02-11:04:26,7,3,2.131098
333,2022-01-02-11:04:28,3,1,2.228311
334,2022-01-02-11:04:31,1,6,3.542695
335,2022-01-02-11:04:35,6,0,3.439485
336,2022-01-02-11:04:36,0,2,1.699961
337,2022-01-02-11:04:40,2,6,3.094939
338,2022-01-02-11:04:43,6,2,3.054366
339,2022-01-02-11:04:45,2,3,2.571603
340,2022-01-02-11:04:48,3,0,2.356430
341,2022-01-02-11:04:49,0,2,1.698350
342,2022-01-02-11:04:52,2,7,2.552593
343,2022-01-02-11:04:56,7,6,4.004274
344,2022-01-02-11:04:59,6,0,3.446243
345,2022-01-02-11:05:01,0,7,1.886694
346,2022-01-02-11:05:03,7,3,2.132251
347,2022-01-02-11:05:05,3,1,2.193706
348,2022-01-02-11:05:07,1,2,1.944579
349,2022-01-02-11:05:10,2,7,2.562878
350,2022-01-02-11:05:12,7,1,1.636550
351,2022-01-02-11:05:15,1,6,3.547929
352,2022-01-02-11:05:19,6,7,4.033087
353,2022-01-02-11:05:23,7,6,3.956001
354,2022-01-02-11:05:27,6,7,4.013988
355,2022-01-02-11:05:29,7,0,1.933206
356,2022-01-02-11:05:31,0,5,1.857436
357,2022-01-02-11:05:33,5,7,2.576059
358,2022-01-02-11:05:35,7,4,1.862792
359,2022-01-02-11:05:37,4,0,1.493828
360,2022-01-02-11:05:39,0,2,1.719498
361,2022-01-02-11:05:41,2,3,2.551007
362,2022-01-02-11:05:43,3,5,2.145440
363,2022-01-02-11:05:45,5,1,1.921708
364,2022-01-02-11:05:46,1,0,1.008260
365,2022-01-02-11:05:48,0,5,1.882241
366,2022-01-02-11:05:51,5,7,2.535513
367,2022-01-02-11:05:53,7,3,2.128967
368,2022-01-02-11:05:55,3,5,2.155319
369,2022-01-02-11:05:58,5,6,3.102315
370,2022-01-02-11:06:01,6,0,3.436413
371,2022-01-02-11:06:03,0,5,1.832032
372,2022-01-02-11:06:05,5,3,2.150277
373,2022-01-02-11:06:09,3,6,3.635095
374,2022-01-02-11:06:13,6,1,3.531851
375,2022-01-02-11:06:14,1,7,1.652006
376,2022-01-02-11:06:18,7,6,3.996113
377,2022-01-02-11:06:22,6,7,3.974602
378,2022-01-02-11:06:24,7,1,1.652946
379,2022-01-02-11:06:25,1,4,1.320054
380,2022-01-02-11:06:27,4,7,1.888043
381,2022-01-02-11:06:29,7,4,1.856257
382,2022-01-02-11:06:31,4,5,1.804341
383,2022-01-02-11:06:33,5,0,1.838821
384,2022-01-02-11:06:34,0,5,1.859894
385,2022-01-02-11:06:36,5,0,1.837450
386,2022-01-02-11:06:38,0,4,1.484390
387,2022-01-02-11:06:39,4,0,1.489968
388,2022-01-02-11:06:41,0,2,1.696285
389,2022-01-02-11:06:43,2,0,1.727111
390,2022-01-02-11:06:44,0,2,1.686233
391,2022-01-02-11:06:46,2,1,1.935735
392,2022-01-02-11:06:48,1,5,1.929809
393,2022-01-02-11:06:50,5,4,1.740760
394,2022-01-02-11:06:53,4,6,3.443107
395,2022-01-02-11:06:56,6,5,3.070845
396,2022-01-02-11:06:58,5,4,1.737473
397,2022-01-02-11:07:02,4,6,3.407240
398,2022-01-02-11:07:05,6,3,3.630688
399,2022-01-02-11:07:08,3,0,2.359463
400,2022-01-02-11:07:09,0,1,0.985292
401,2022-01-02-11:07:10,1,4,1.314770
402,2022-01-02-11:07:12,4,3,2.127514
403,2022-01-02-11:07:14,3,0,2.348985
404,2022-01-02-11:07:15,0,1,1.036738
405,2022-01-02-11:07:19,1,6,3.528800
406,2022-01-02-11:07:22,6,2,3.077276
407,2022-01-02-11:07:25,2,7,2.552126
408,2022-01-02-11:07:26,7,4,1.839453
409,2022-01-02-11:07:28,4,5,1.733003
410,2022-01-02-11:07:30,5,1,1.894365
411,2022-01-02-11:07:32,1,7,1.750002
412,2022-01-02-11:07:34,7,3,2.135176
413,2022-01-02-11:07:36,3,1,2.227573
414,2022-01-02-11:07:37,1,0,1.039318
415,2022-01-02-11:07:41,0,6,3.434286
416,2022-01-02-11:07:44,6,2,3.051512
417,2022-01-02-11:07:46,2,7,2.627147
418,2022-01-02-11:07:48,7,1,1.652489
419,2022-01-02-11:07:50,1,7,1.658530
420,2022-01-02-11:07:54,7,6,3.966943
421,2022-01-02-11:07:57,6,3,3.619925
422,2022-01-02-11:08:00,3,2,2.541257
423,2022-01-02-11:08:01,2,5,1.485486
424,2022-01-02-11:08:04,5,7,2.567099
425,2022-01-02-11:08:06,7,0,1.924131
426,2022-01-02-11:08:07,0,2,1.733667
427,2022-01-02-11:08:09,2,4,1.765733
428,2022-01-02-11:08:13,4,6,3.445973
429,2022-01-02-11:08:17,6,7,3.995640
430,2022-01-02-11:08:21,7,6,3.949937
431,2022-01-02-11:08:24,6,0,3.448334
432,2022-01-02-11:08:28,0,6,3.442888
433,2022-01-02-11:08:31,6,1,3.540959
434,2022-01-02-11:08:33,1,3,2.217043
435,2022-01-02-11:08:36,3,0,2.422626
436,2022-01-02-11:08:38,0,3,2.364680
437,2022-01-02-11:08:40,3,7,2.124234
438,2022-01-02-11:08:43,7,2,2.565615
439,2022-01-02-11:08:44,2,0,1.730798
440,2022-01-02-11:08:46,0,5,1.931129
441,2022-01-02-11:08:48,5,2,1.522007
442,2022-01-02-11:08:50,2,0,1.682739
443,2022-01-02-11:08:51,0,1,1.041397
444,2022-01-02-11:08:52,1,7,1.650275
445,2022-01-02-11:08:54,7,3,2.135112
446,2022-01-02-11:08:57,3,5,2.140560
447,2022-01-02-11:08:58,5,2,1.487398
448,2022-01-02-11:09:01,2,3,2.562038
449,2022-01-02-11:09:04,3,6,3.630794
450,2022-01-02-11:09:07,6,5,3.092864
451,2022-01-02-11:09:10,5,7,2.572018
452,2022-01-02-11:09:12,7,4,1.865436
453,2022-01-02-11:09:15,4,6,3.435916
454,2022-01-02-11:09:19,6,1,3.528998
455,2022-01-02-11:09:21,1,5,1.921736
456,2022-01-02-11:09:22,5,4,1.758057
457,2022-01-02-11:09:24,4,1,1.321752
458,2022-01-02-11:09:26,1,3,2.204559
459,2022-01-02-11:09:28,3,7,2.136038
460,2022-01-02-11:09:30,7,0,1.936247
461,2022-01-02-11:09:32,0,7,1.925802
462,2022-01-02-11:09:34,7,3,2.098408
463,2022-01-02-11:09:36,3,4,2.151119
464,2022-01-02-11:09:38,4,2,1.791664
465,2022-01-02-11:09:40,2,0,1.725071
466,2022-01-02-11:09:42,0,5,1.856508
467,2022-01-02-11:09:43,5,1,1.894904
468,2022-01-02-11:09:45,1,4,1.323556
469,2022-01-02-11:09:47,4,2,1.802900
470,2022-01-02-11:09:48,2,0,1.722130
471,2022-01-02-11:09:51,0,3,2.365060
472,2022-01-02-11:09:53,3,7,2.127682
473,2022-01-02-11:09:55,7,4,1.894421
474,2022-01-02-11:09:57,4,7,1.925393
475,2022-01-02-11:09:59,7,3,2.131552
476,2022-01-02-11:10:02,3,6,3.627093
477,2022-01-02-11:10:06,6,4,3.450986
478,2022-01-02-11:10:07,4,0,1.548424
479,2022-01-02-11:10:09,0,7,1.917371
480,2022-01-02-11:10:12,7,5,2.608571
481,2022-01-02-11:10:14,5,4,1.764710
482,2022-01-02-11:10:16,4,3,2.119073
483,2022-01-02-11:10:18,3,0,2.394730
484,2022-01-02-11:10:22,0,6,3.439282
485,2022-01-02-11:10:25,6,0,3.433999
486,2022-01-02-11:10:29,0,6,3.439137
487,2022-01-02-11:10:32,6,2,3.067081
488,2022-01-02-11:10:34,2,3,2.601897
489,2022-01-02-11:10:38,3,6,3.627936
490,2022-01-02-11:10:41,6,2,3.083139
491,2022-01-02-11:10:43,2,1,1.948426
492,2022-01-02-11:10:44,1,4,1.325442
493,2022-01-02-11:10:46,4,2,1.796588
494,2022-01-02-11:10:49,2,7,2.570083
495,2022-01-02-11:10:50,7,0,1.925518
496,2022-01-02-11:10:53,0,3,2.385045
497,2022-01-02-11:10:57,3,6,3.668055
498,2022-01-02-11:11:00,6,1,3.549745
499,2022-01-02-11:11:04,1,6,3.506012
500,2022-01-02-11:11:07,6,4,3.441237
501,2022-01-02-11:11:10,4,6,3.437486
502,2022-01-02-11:11:14,6,4,3.436167
503,2022-01-02-11:11:16,4,5,1.785187
504,2022-01-02-11:11:18,5,1,1.896800
505,2022-01-02-11:11:21,1,6,3.536850
506,2022-01-02-11:11:25,6,1,3.548806
507,2022-01-02-11:11:26,1,4,1.326707
508,2022-01-02-11:11:27,4,1,1.319704
509,2022-01-02-11:11:29,1,7,1.665560
510,2022-01-02-11:11:31,7,3,2.089522
511,2022-01-02-11:11:33,3,5,2.192270
512,2022-01-02-11:11:35,5,4,1.754644
513,2022-01-02-11:11:37,4,5,1.762756
514,2022-01-02-11:11:39,5,1,1.942894
515,2022-01-02-11:11:42,1,6,3.540132
516,2022-01-02-11:11:46,6,3,3.643853
517,2022-01-02-11:11:48,3,5,2.149598
518,2022-01-02-11:11:51,5,7,2.557027
519,2022-01-02-11:11:53,7,5,2.554320
520,2022-01-02-11:11:56,5,6,3.078032
521,2022-01-02-11:12:00,6,3,3.618286
522,2022-01-02-11:12:02,3,7,2.139687
523,2022-01-02-11:12:04,7,3,2.139421
524,2022-01-02-11:12:07,3,0,2.404440
525,2022-01-02-11:12:08,0,2,1.739685
526,2022-01-02-11:12:11,2,3,2.620594
527,2022-01-02-11:12:13,3,0,2.424535
528,2022-01-02-11:12:15,0,4,1.523231
529,2022-01-02-11:12:16,4,1,1.324890
530,2022-01-02-11:12:18,1,7,1.656274
531,2022-01-02-11:12:20,7,0,1.973410
532,2022-01-02-11:12:22,0,2,1.739477
533,2022-01-02-11:12:23,2,0,1.702309
534,2022-01-02-11:12:26,0,3,2.397122
535,2022-01-02-11:12:28,3,0,2.351072
536,2022-01-02-11:12:30,0,4,1.532999
537,2022-01-02-11:12:31,4,1,1.322288
538,2022-01-02-11:12:32,1,0,1.029205
539,2022-01-02-11:12:34,0,2,1.696768
540,2022-01-02-11:12:35,2,0,1.726014
541,2022-01-02-11:12:37,0,2,1.766079
542,2022-01-02-11:12:40,2,7,2.573541
543,2022-01-02-11:12:42,7,2,2.534142
544,2022-01-02-11:12:44,2,5,1.531677
545,2022-01-02-11:12:46,5,3,2.196378
546,2022-01-02-11:12:48,3,5,2.194529
547,2022-01-02-11:12:50,5,1,1.910947
548,2022-01-02-11:12:51,1,0,1.027673
549,2022-01-02-11:12:53,0,3,2.393186
550,2022-01-02-11:12:56,3,0,2.421111
551,2022-01-02-11:12:58,0,3,2.293329
552,2022-01-02-11:13:00,3,4,2.138960
553,2022-01-02-11:13:02,4,1,1.316074
554,2022-01-02-11:13:04,1,5,1.929263
555,2022-01-02-11:13:05,5,4,1.723051
556,2022-01-02-11:13:07,4,2,1.726470
557,2022-01-02-11:13:09,2,4,1.798466
558,2022-01-02-11:13:10,4,0,1.523251
559,2022-01-02-11:13:12,0,4,1.525435
560,2022-01-02-11:13:13,4,1,1.280984
561,2022-01-02-11:13:15,1,7,1.695863
562,2022-01-02-11:13:17,7,4,1.857943
563,2022-01-02-11:13:18,4,1,1.321679
564,2022-01-02-11:13:19,1,0,1.041262
565,2022-01-02-11:13:20,0,1,1.016815
566,2022-01-02-11:13:22,1,2,1.968393
567,2022-01-02-11:13:24,2,1,1.963911
568,2022-01-02-11:13:26,1,7,1.707352
569,2022-01-02-11:13:28,7,2,2.630728
570,2022-01-02-11:13:31,2,3,2.568563
571,2022-01-02-11:13:34,3,2,2.595603
572,2022-01-02-11:13:35,2,1,1.939427
573,2022-01-02-11:13:37,1,5,1.932051
574,2022-01-02-11:13:40,5,6,3.069299
575,2022-01-02-11:13:44,6,4,3.407233
576,2022-01-02-11:13:45,4,1,1.283671
577,2022-01-02-11:13:49,1,6,3.557688
578,2022-01-02-11:13:52,6,0,3.443451
579,2022-01-02-11:13:54,0,5,1.900308
580,2022-01-02-11:13:56,5,3,2.194812
581,2022-01-02-11:13:58,3,1,2.207652
582,2022-01-02-11:14:00,1,7,1.707723
583,2022-01-02-11:14:02,7,0,1.903183
584,2022-01-02-11:14:04,0,2,1.726950
585,2022-01-02-11:14:05,2,5,1.482320
586,2022-01-02-11:14:07,5,0,1.851883
587,2022-01-02-11:14:11,0,6,3.442329
588,2022-01-02-11:14:14,6,0,3.427190
589,2022-01-02-11:14:15,0,1,1.061572
590,2022-01-02-11:14:17,1,7,1.681359
591,2022-01-02-11:14:19,7,0,1.925336
592,2022-01-02-11:14:22,0,6,3.437246
593,2022-01-02-11:14:26,6,1,3.561253
594,2022-01-02-11:14:28,1,3,2.232830
595,2022-01-02-11:14:30,3,2,2.580647
596,2022-01-02-11:14:32,2,5,1.527131
597,2022-01-02-11:14:34,5,1,1.930793
598,2022-01-02-11:14:36,1,2,1.997486
599,2022-01-02-11:14:39,2,3,2.646707
600,2022-01-02-11:14:41,3,7,2.116501
601,2022-01-02-11:14:43,7,3,2.157807
602,2022-01-02-11:14:45,3,5,2.174118
603,2022-01-02-11:14:48,5,6,3.111608
604,2022-01-02-11:14:51,6,5,3.100495
605,2022-01-02-11:14:54,5,6,3.102925
606,2022-01-02-11:14:58,6,3,3.656709
607,2022-01-02-11:15:00,3,5,2.213209
608,2022-01-02-11:15:02,5,0,1.855113
609,2022-01-02-11:15:03,0,1,1.021770
610,2022-01-02-11:15:04,1,0,1.122891
611,2022-01-02-11:15:08,0,6,3.433271
612,2022-01-02-11:15:11,6,1,3.548461
613,2022-01-02-11:15:13,1,3,2.234248
614,2022-01-02-11:15:16,3,2,2.581676
615,2022-01-02-11:15:18,2,1,2.023580
616,2022-01-02-11:15:20,1,3,2.233191
617,2022-01-02-11:15:22,3,4,2.137841
618,2022-01-02-11:15:24,4,5,1.767930
619,2022-01-02-11:15:27,5,7,2.602692
620,2022-01-02-11:15:29,7,4,1.900058
621,2022-01-02-11:15:30,4,1,1.288964
622,2022-01-02-11:15:32,1,3,2.232730
623,2022-01-02-11:15:35,3,2,2.594747
624,2022-01-02-11:15:36,2,5,1.532443
625,2022-01-02-11:15:38,5,1,1.936233
626,2022-01-02-11:15:40,1,3,2.201013
627,2022-01-02-11:15:43,3,1,2.235613
628,2022-01-02-11:15:44,1,7,1.630728
629,2022-01-02-11:15:46,7,1,1.698812
630,2022-01-02-11:15:47,1,4,1.330212
631,2022-01-02-11:15:49,4,2,1.781122
632,2022-01-02-11:15:51,2,4,1.828234
633,2022-01-02-11:15:53,4,0,1.535794
634,2022-01-02-11:15:56,0,6,3.453154
635,2022-01-02-11:15:59,6,2,3.033477
636,2022-01-02-11:16:02,2,3,2.615337
637,2022-01-02-11:16:04,3,4,2.107355
638,2022-01-02-11:16:06,4,7,1.932211
639,2022-01-02-11:16:07,7,4,1.831348
640,2022-01-02-11:16:09,4,0,1.541193
641,2022-01-02-11:16:10,0,1,1.036734
642,2022-01-02-11:16:14,1,6,3.507087
643,2022-01-02-11:16:17,6,0,3.419193
644,2022-01-02-11:16:20,0,6,3.413937
645,2022-01-02-11:16:23,6,2,3.061338
646,2022-01-02-11:16:27,2,6,3.104951
647,2022-01-02-11:16:30,6,3,3.646553
648,2022-01-02-11:16:32,3,7,2.126235
649,2022-01-02-11:16:34,7,3,2.127455
650,2022-01-02-11:16:37,3,1,2.229213
651,2022-01-02-11:16:39,1,2,1.992338
652,2022-01-02-11:16:40,2,4,1.763255
653,2022-01-02-11:16:42,4,1,1.330457
654,2022-01-02-11:16:44,1,5,1.905303
655,2022-01-02-11:16:47,5,6,3.081451
656,2022-01-02-11:16:50,6,0,3.488212
657,2022-01-02-11:16:52,0,7,1.902626
658,2022-01-02-11:16:55,7,2,2.536519
659,2022-01-02-11:16:56,2,4,1.797940
660,2022-01-02-11:16:58,4,7,1.838315
661,2022-01-02-11:17:01,7,5,2.601110
662,2022-01-02-11:17:04,5,7,2.567585
663,2022-01-02-11:17:06,7,5,2.586483
664,2022-01-02-11:17:09,5,7,2.652673
665,2022-01-02-11:17:13,7,6,4.044411
666,2022-01-02-11:17:16,6,4,3.496155
667,2022-01-02-11:17:18,4,1,1.435197
668,2022-01-02-11:17:20,1,5,1.924994
669,2022-01-02-11:17:23,5,6,3.084614
670,2022-01-02-11:17:26,6,0,3.457577
671,2022-01-02-11:17:30,0,6,3.493077
672,2022-01-02-11:17:33,6,3,3.683447
673,2022-01-02-11:17:36,3,1,2.234011
674,2022-01-02-11:17:37,1,0,1.043746
675,2022-01-02-11:17:40,0,6,3.524426
676,2022-01-02-11:17:44,6,3,3.627317
677,2022-01-02-11:17:46,3,0,2.378439
678,2022-01-02-11:17:47,0,1,1.018716
679,2022-01-02-11:17:48,1,0,0.992394
680,2022-01-02-11:17:50,0,2,1.725854
681,2022-01-02-11:17:52,2,1,1.970585
682,2022-01-02-11:17:54,1,3,2.249255
683,2022-01-02-11:17:56,3,0,2.352927
684,2022-01-02-11:17:58,0,5,1.889914
685,2022-01-02-11:18:01,5,7,2.611441
686,2022-01-02-11:18:04,7,5,2.582848
687,2022-01-02-11:18:05,5,0,1.835941
688,2022-01-02-11:18:07,0,7,1.908764
689,2022-01-02-11:18:11,7,6,4.016406
690,2022-01-02-11:18:15,6,7,4.026891
691,2022-01-02-11:18:17,7,3,2.127901
692,2022-01-02-11:18:20,3,4,2.159886
693,2022-01-02-11:18:22,4,7,1.914718
694,2022-01-02-11:18:24,7,2,2.596738
695,2022-01-02-11:18:26,2,0,1.727036
696,2022-01-02-11:18:27,0,4,1.531329
697,2022-01-02-11:18:31,4,6,3.445372
698,2022-01-02-11:18:34,6,0,3.445381
699,2022-01-02-11:18:36,0,7,1.931180
700,2022-01-02-11:18:38,7,0,1.929756
701,2022-01-02-11:18:40,0,5,1.913577
702,2022-01-02-11:18:43,5,6,3.105449
703,2022-01-02-11:18:47,6,7,4.039837
704,2022-01-02-11:18:50,7,2,2.598689
705,2022-01-02-11:18:52,2,4,1.747590
706,2022-01-02-11:18:53,4,0,1.543164
707,2022-01-02-11:18:55,0,5,1.890008
708,2022-01-02-11:18:58,5,7,2.619843
709,2022-01-02-11:19:00,7,0,1.929484
710,2022-01-02-11:19:01,0,7,1.923001
711,2022-01-02-11:19:04,7,5,2.573702
712,2022-01-02-11:19:07,5,6,3.088122
713,2022-01-02-11:19:11,6,3,3.634069
714,2022-01-02-11:19:13,3,5,2.211260
715,2022-01-02-11:19:16,5,7,2.552706
716,2022-01-02-11:19:18,7,3,2.134251
717,2022-01-02-11:19:20,3,2,2.539598
718,2022-01-02-11:19:23,2,3,2.553608
719,2022-01-02-11:19:25,3,4,2.133940
720,2022-01-02-11:19:26,4,1,1.339298
721,2022-01-02-11:19:27,1,0,1.019507
722,2022-01-02-11:19:28,0,1,1.014783
723,2022-01-02-11:19:31,1,3,2.230072
724,2022-01-02-11:19:34,3,6,3.659767
725,2022-01-02-11:19:38,6,3,3.646251
726,2022-01-02-11:19:40,3,5,2.155862
727,2022-01-02-11:19:42,5,3,2.161707
728,2022-01-02-11:19:44,3,4,2.129603
729,2022-01-02-11:19:46,4,7,1.844792
730,2022-01-02-11:19:48,7,1,1.697853
731,2022-01-02-11:19:50,1,5,1.922757
732,2022-01-02-11:19:51,5,2,1.537098
733,2022-01-02-11:19:53,2,4,1.823215
734,2022-01-02-11:19:55,4,7,1.868512
735,2022-01-02-11:19:57,7,0,1.948625
736,2022-01-02-11:19:59,0,2,1.762351
737,2022-01-02-11:20:01,2,7,2.592680
738,2022-01-02-11:20:03,7,1,1.662016
739,2022-01-02-11:20:05,1,3,2.281416
740,2022-01-02-11:20:07,3,1,2.235919
741,2022-01-02-11:20:09,1,5,1.970981
742,2022-01-02-11:20:12,5,7,2.546224
743,2022-01-02-11:20:15,7,5,2.595058
744,2022-01-02-11:20:16,5,2,1.517597
745,2022-01-02-11:20:19,2,6,3.101792
746,2022-01-02-11:20:22,6,2,3.045095
747,2022-01-02-11:20:24,2,1,2.002181
748,2022-01-02-11:20:26,1,4,1.287855
749,2022-01-02-11:20:27,4,1,1.331369
750,2022-01-02-11:20:30,1,6,3.541746
751,2022-01-02-11:20:34,6,3,3.611163
752,2022-01-02-11:20:38,3,6,3.609568
753,2022-01-02-11:20:41,6,5,3.133403
754,2022-01-02-11:20:43,5,7,2.613093
755,2022-01-02-11:20:45,7,1,1.685877
756,2022-01-02-11:20:46,1,4,1.329438
757,2022-01-02-11:20:48,4,1,1.315947
758,2022-01-02-11:20:49,1,4,1.321895
759,2022-01-02-11:20:51,4,2,1.796703
760,2022-01-02-11:20:52,2,5,1.532493
761,2022-01-02-11:20:55,5,6,3.104505
762,2022-01-02-11:20:59,6,7,4.004449
763,2022-01-02-11:21:02,7,5,2.605108
764,2022-01-02-11:21:04,5,1,1.919765
765,2022-01-02-11:21:06,1,2,1.945194
766,2022-01-02-11:21:08,2,7,2.527010
767,2022-01-02-11:21:11,7,5,2.583407
768,2022-01-02-11:21:13,5,0,1.935410
769,2022-01-02-11:21:15,0,5,1.837931
770,2022-01-02-11:21:16,5,2,1.539689
771,2022-01-02-11:21:19,2,6,3.096289
772,2022-01-02-11:21:23,6,0,3.450027
773,2022-01-02-11:21:26,0,6,3.534401
774,2022-01-02-11:21:30,6,2,3.088149
775,2022-01-02-11:21:32,2,7,2.555268
776,2022-01-02-11:21:35,7,2,2.594783
777,2022-01-02-11:21:38,2,6,3.078041
778,2022-01-02-11:21:41,6,3,3.656015
779,2022-01-02-11:21:44,3,7,2.142820
780,2022-01-02-11:21:46,7,3,2.152655
781,2022-01-02-11:21:48,3,5,2.182860
782,2022-01-02-11:21:50,5,7,2.572598
783,2022-01-02-11:21:52,7,0,1.964618
784,2022-01-02-11:21:54,0,4,1.529308
785,2022-01-02-11:21:56,4,7,1.871385
786,2022-01-02-11:21:58,7,4,1.864330
787,2022-01-02-11:21:59,4,5,1.756612
788,2022-01-02-11:22:03,5,6,3.144133
789,2022-01-02-11:22:06,6,3,3.644026
790,2022-01-02-11:22:09,3,0,2.428210
791,2022-01-02-11:22:12,0,6,3.438713
792,2022-01-02-11:22:16,6,3,3.659929
793,2022-01-02-11:22:18,3,5,2.181271
794,2022-01-02-11:22:20,5,0,1.869913
795,2022-01-02-11:22:22,0,7,1.927595
796,2022-01-02-11:22:24,7,3,2.131666
797,2022-01-02-11:22:26,3,1,2.214004
798,2022-01-02-11:22:28,1,2,1.984051
799,2022-01-02-11:22:31,2,3,2.574845
800,2022-01-02-11:22:33,3,5,2.162438
801,2022-01-02-11:22:36,5,6,3.072794
802,2022-01-02-11:22:39,6,0,3.438417
803,2022-01-02-11:22:41,0,4,1.534622
804,2022-01-02-11:22:44,4,6,3.486591
805,2022-01-02-11:22:47,6,2,3.113127
806,2022-01-02-11:22:49,2,0,1.723270
807,2022-01-02-11:22:51,0,4,1.547737
808,2022-01-02-11:22:52,4,1,1.327657
809,2022-01-02-11:22:54,1,5,1.923889
810,2022-01-02-11:22:56,5,0,1.890859
811,2022-01-02-11:22:58,0,7,1.936169
812,2022-01-02-11:23:00,7,5,2.605388
813,2022-01-02-11:23:02,5,1,1.904342
814,2022-01-02-11:23:04,1,4,1.323152
815,2022-01-02-11:23:05,4,2,1.762800
816,2022-01-02-11:23:08,2,3,2.567088
817,2022-01-02-11:23:12,3,6,3.625966
818,2022-01-02-11:23:15,6,4,3.471174
819,2022-01-02-11:23:17,4,5,1.744192
820,2022-01-02-11:23:19,5,4,1.775266
821,2022-01-02-11:23:20,4,0,1.529179
822,2022-01-02-11:23:22,0,7,1.926113
823,2022-01-02-11:23:24,7,1,1.638408
824,2022-01-02-11:23:27,1,6,3.544528
825,2022-01-02-11:23:31,6,4,3.444803
826,2022-01-02-11:23:34,4,6,3.452456
827,2022-01-02-11:23:38,6,1,3.536421
828,2022-01-02-11:23:40,1,5,1.976142
829,2022-01-02-11:23:42,5,7,2.623404
830,2022-01-02-11:23:45,7,2,2.563757
831,2022-01-02-11:23:48,2,6,3.102972
832,2022-01-02-11:23:52,6,3,3.664412
833,2022-01-02-11:23:54,3,4,2.145394
834,2022-01-02-11:23:56,4,5,1.846215
835,2022-01-02-11:23:57,5,0,1.895601
836,2022-01-02-11:23:59,0,7,1.910052
837,2022-01-02-11:24:02,7,3,2.131640
838,2022-01-02-11:24:04,3,0,2.409935
839,2022-01-02-11:24:05,0,4,1.536588
840,2022-01-02-11:24:08,4,3,2.107993
841,2022-01-02-11:24:10,3,2,2.610694
842,2022-01-02-11:24:12,2,4,1.738618
843,2022-01-02-11:24:13,4,0,1.511062
844,2022-01-02-11:24:15,0,5,1.888530
845,2022-01-02-11:24:17,5,2,1.527742
846,2022-01-02-11:24:18,2,5,1.539723
847,2022-01-02-11:24:20,5,2,1.550431
848,2022-01-02-11:24:23,2,7,2.619089
849,2022-01-02-11:24:27,7,6,4.031191
850,2022-01-02-11:24:30,6,4,3.436197
851,2022-01-02-11:24:32,4,2,1.815722
852,2022-01-02-11:24:34,2,1,1.961398
853,2022-01-02-11:24:35,1,4,1.316918
854,2022-01-02-11:24:37,4,3,2.141138
855,2022-01-02-11:24:41,3,6,3.680088
856,2022-01-02-11:24:44,6,0,3.461638
857,2022-01-02-11:24:46,0,4,1.536573
858,2022-01-02-11:24:47,4,0,1.539388
859,2022-01-02-11:24:49,0,4,1.499335
860,2022-01-02-11:24:51,4,3,2.083850
861,2022-01-02-11:24:53,3,0,2.389939
862,2022-01-02-11:24:55,0,2,1.724716
863,2022-01-02-11:24:57,2,0,1.746538
864,2022-01-02-11:24:59,0,2,1.730784
865,2022-01-02-11:25:02,2,6,3.046568
866,2022-01-02-11:25:05,6,2,3.097379
867,2022-01-02-11:25:08,2,6,3.084197
868,2022-01-02-11:25:11,6,2,3.091108
869,2022-01-02-11:25:14,2,7,2.647868
870,2022-01-02-11:25:16,7,0,1.969731
871,2022-01-02-11:25:17,0,4,1.497562
872,2022-01-02-11:25:19,4,0,1.573267
873,2022-01-02-11:25:21,0,5,1.863979
874,2022-01-02-11:25:22,5,1,1.953946
875,2022-01-02-11:25:24,1,2,1.988130
876,2022-01-02-11:25:27,2,7,2.728247
877,2022-01-02-11:25:30,7,2,2.695935
878,2022-01-02-11:25:33,2,3,2.687815
879,2022-01-02-11:25:35,3,0,2.438392
880,2022-01-02-11:25:37,0,5,1.890837
881,2022-01-02-11:25:39,5,4,1.861170
882,2022-01-02-11:25:41,4,2,1.744449
883,2022-01-02-11:25:42,2,5,1.574182
884,2022-01-02-11:25:44,5,4,1.772365
885,2022-01-02-11:25:46,4,7,1.878242
886,2022-01-02-11:25:48,7,5,2.595165
887,2022-01-02-11:25:50,5,0,1.858891
888,2022-01-02-11:25:51,0,1,1.034289
889,2022-01-02-11:25:53,1,4,1.300120
890,2022-01-02-11:25:56,4,6,3.429645
891,2022-01-02-11:25:59,6,5,3.068249
892,2022-01-02-11:26:01,5,2,1.563611
893,2022-01-02-11:26:03,2,7,2.593275
894,2022-01-02-11:26:05,7,0,1.889857
895,2022-01-02-11:26:07,0,7,1.922525
896,2022-01-02-11:26:11,7,6,3.938581
897,2022-01-02-11:26:15,6,1,3.568251
898,2022-01-02-11:26:18,1,6,3.570579
899,2022-01-02-11:26:22,6,4,3.493387
900,2022-01-02-11:26:24,4,3,2.106544
901,2022-01-02-11:26:26,3,1,2.235794
902,2022-01-02-11:26:28,1,7,1.687701
903,2022-01-02-11:26:30,7,3,2.125026
904,2022-01-02-11:26:33,3,6,3.653849
905,2022-01-02-11:26:37,6,0,3.414279
906,2022-01-02-11:26:38,0,4,1.523828
907,2022-01-02-11:26:40,4,0,1.523353
908,2022-01-02-11:26:41,0,1,1.017034
909,2022-01-02-11:26:43,1,5,1.930965
910,2022-01-02-11:26:45,5,4,1.766606
911,2022-01-02-11:26:47,4,3,2.120351
912,2022-01-02-11:26:49,3,0,2.399994
913,2022-01-02-11:26:53,0,6,3.452063
914,2022-01-02-11:26:56,6,5,3.118171
915,2022-01-02-11:26:58,5,0,1.891033
916,2022-01-02-11:26:59,0,2,1.735481
917,2022-01-02-11:27:01,2,4,1.759871
918,2022-01-02-11:27:03,4,2,1.758452
919,2022-01-02-11:27:05,2,3,2.600896
920,2022-01-02-11:27:08,3,1,2.239029
921,2022-01-02-11:27:11,1,6,3.503744
922,2022-01-02-11:27:14,6,2,3.075737
923,2022-01-02-11:27:17,2,7,2.564868
924,2022-01-02-11:27:19,7,3,2.132198
925,2022-01-02-11:27:21,3,7,2.102760
926,2022-01-02-11:27:23,7,0,1.928907
927,2022-01-02-11:27:24,0,1,1.015322
928,2022-01-02-11:27:28,1,6,3.540997
929,2022-01-02-11:27:31,6,1,3.533986
930,2022-01-02-11:27:32,1,0,1.019872
931,2022-01-02-11:27:34,0,3,2.361952
932,2022-01-02-11:27:38,3,6,3.567621
933,2022-01-02-11:27:41,6,5,3.076880
934,2022-01-02-11:27:43,5,4,1.751255
935,2022-01-02-11:27:45,4,3,2.122129
936,2022-01-02-11:27:48,3,2,2.589552
937,2022-01-02-11:27:50,2,3,2.574547
938,2022-01-02-11:27:53,3,2,2.589685
939,2022-01-02-11:27:54,2,4,1.763325
940,2022-01-02-11:27:56,4,7,1.925672
941,2022-01-02-11:27:59,7,5,2.543172
942,2022-01-02-11:28:02,5,7,2.601826
943,2022-01-02-11:28:03,7,1,1.663688
944,2022-01-02-11:28:05,1,4,1.317491
945,2022-01-02-11:28:06,4,2,1.755248
946,2022-01-02-11:28:09,2,7,2.614095
947,2022-01-02-11:28:12,7,2,2.626959
948,2022-01-02-11:28:13,2,4,1.803094
949,2022-01-02-11:28:15,4,1,1.324608
950,2022-01-02-11:28:16,1,0,1.048571
951,2022-01-02-11:28:18,0,7,1.930945
952,2022-01-02-11:28:20,7,2,2.576273
953,2022-01-02-11:28:23,2,7,2.605043
954,2022-01-02-11:28:25,7,0,1.927978
955,2022-01-02-11:28:26,0,1,1.024751
956,2022-01-02-11:28:27,1,0,0.982050
957,2022-01-02-11:28:28,0,4,1.530103
958,2022-01-02-11:28:30,4,2,1.757511
959,2022-01-02-11:28:32,2,1,1.962923
960,2022-01-02-11:28:34,1,7,1.666077
961,2022-01-02-11:28:38,7,6,3.949686
962,2022-01-02-11:28:41,6,3,3.614291
963,2022-01-02-11:28:43,3,5,2.141875
964,2022-01-02-11:28:45,5,1,1.934961
965,2022-01-02-11:28:47,1,5,1.939163
966,2022-01-02-11:28:50,5,6,3.125367
967,2022-01-02-11:28:54,6,3,3.652043
968,2022-01-02-11:28:56,3,5,2.202936
969,2022-01-02-11:28:58,5,2,1.532964
970,2022-01-02-11:28:59,2,0,1.731716
971,2022-01-02-11:29:01,0,2,1.729056
972,2022-01-02-11:29:03,2,1,1.968228
973,2022-01-02-11:29:05,1,5,1.962906
974,2022-01-02-11:29:07,5,2,1.549899
975,2022-01-02-11:29:10,2,6,3.084815
976,2022-01-02-11:29:13,6,4,3.423399
977,2022-01-02-11:29:15,4,1,1.349098
978,2022-01-02-11:29:16,1,4,1.329940
979,2022-01-02-11:29:18,4,3,2.184064
980,2022-01-02-11:29:20,3,4,2.124361
981,2022-01-02-11:29:22,4,7,1.846481
982,2022-01-02-11:29:25,7,5,2.530519
983,2022-01-02-11:29:28,5,6,3.066292
984,2022-01-02-11:29:31,6,5,3.132151
985,2022-01-02-11:29:32,5,2,1.487866
986,2022-01-02-11:29:34,2,0,1.713649
987,2022-01-02-11:29:35,0,4,1.514267
988,2022-01-02-11:29:37,4,0,1.486667
989,2022-01-02-11:29:39,0,7,1.960212
990,2022-01-02-11:29:42,7,5,2.608056
991,2022-01-02-11:29:44,5,3,2.215735
992,2022-01-02-11:29:46,3,1,2.231911
993,2022-01-02-11:29:47,1,4,1.315613
994,2022-01-02-11:29:49,4,0,1.495897
995,2022-01-02-11:29:51,0,2,1.729895
996,2022-01-02-11:29:53,2,3,2.591549
997,2022-01-02-11:29:55,3,7,2.133040
998,2022-01-02-11:29:57,7,0,1.939492
999,2022-01-02-11:30:01,0,6,3.442975
1000,2022-01-02-11:30:04,6,1,3.525825
1001,2022-01-02-11:30:05,1,4,1.324820
1002,2022-01-02-11:30:09,4,6,3.405249
1003,2022-01-02-11:30:12,6,3,3.602523
1004,2022-01-02-11:30:15,3,5,2.276859
1005,2022-01-02-11:30:18,5,6,3.105356
1006,2022-01-02-11:30:21,6,2,3.076095
1007,2022-01-02-11:30:23,2,1,1.925347
1008,2022-01-02-11:30:25,1,7,1.675329
1009,2022-01-02-11:30:27,7,5,2.627058
1010,2022-01-02-11:30:29,5,1,1.929889
1011,2022-01-02-11:30:30,1,0,1.145876
1012,2022-01-02-11:30:33,0,3,2.341094
1013,2022-01-02-11:30:35,3,5,2.179139
1014,2022-01-02-11:30:38,5,6,3.054757
1015,2022-01-02-11:30:41,6,0,3.457434
1016,2022-01-02-11:30:45,0,6,3.466789
1017,2022-01-02-11:30:48,6,1,3.568169
1018,2022-01-02-11:30:50,1,4,1.339035
1019,2022-01-02-11:30:52,4,7,1.924624
1020,2022-01-02-11:30:54,7,3,2.130777
1021,2022-01-02-11:30:56,3,2,2.614620
1022,2022-01-02-11:30:58,2,4,1.773064
1023,2022-01-02-11:31:00,4,0,1.531140
1024,2022-01-02-11:31:03,0,6,3.436744
1025,2022-01-02-11:31:06,6,2,3.187471
1026,2022-01-02-11:31:08,2,4,1.858130
1027,2022-01-02-11:31:10,4,2,1.799171
1028,2022-01-02-11:31:11,2,5,1.501800
1029,2022-01-02-11:31:13,5,0,1.847857
1030,2022-01-02-11:31:15,0,2,1.730391
1031,2022-01-02-11:31:17,2,4,1.795025
1032,2022-01-02-11:31:19,4,5,1.735510
1033,2022-01-02-11:31:20,5,1,1.898685
1034,2022-01-02-11:31:22,1,2,1.997293
1035,2022-01-02-11:31:26,2,6,3.119730
1036,2022-01-02-11:31:29,6,4,3.428438
1037,2022-01-02-11:31:32,4,6,3.446172
1038,2022-01-02-11:31:36,6,5,3.116002
1039,2022-01-02-11:31:37,5,1,1.924488
1040,2022-01-02-11:31:41,1,6,3.583668
1041,2022-01-02-11:31:45,6,0,3.447508
1042,2022-01-02-11:31:46,0,1,1.079254
1043,2022-01-02-11:31:49,1,6,3.547598
1044,2022-01-02-11:31:53,6,7,3.993036
1045,2022-01-02-11:31:56,7,5,2.567185
1046,2022-01-02-11:31:59,5,6,3.096368
1047,2022-01-02-11:32:02,6,2,3.112464
1048,2022-01-02-11:32:05,2,3,2.605006
1049,2022-01-02-11:32:08,3,6,3.606741
1050,2022-01-02-11:32:12,6,3,3.643827
1051,2022-01-02-11:32:14,3,0,2.343447
1052,2022-01-02-11:32:16,0,2,1.746642
1053,2022-01-02-11:32:18,2,0,1.722432
1054,2022-01-02-11:32:19,0,2,1.772885
1055,2022-01-02-11:32:21,2,1,1.987310
1056,2022-01-02-11:32:23,1,2,2.049946
