--- Start
Calibration finished !

Learning mode activated? 
False
iteration,date,init_position,final_position,time
0,2022-01-02-04:55:17,-1,2,3.838756
1,2022-01-02-04:55:19,2,4,1.792103
2,2022-01-02-04:55:22,4,2,3.530283
3,2022-01-02-04:55:25,2,6,3.024687
4,2022-01-02-04:55:27,6,3,1.987373
5,2022-01-02-04:55:32,3,2,4.289598
6,2022-01-02-04:55:35,2,7,2.986371
7,2022-01-02-04:55:37,7,6,2.541144
8,2022-01-02-04:55:40,6,5,3.137109
9,2022-01-02-04:55:42,5,1,1.943513
10,2022-01-02-04:55:45,1,3,2.320814
11,2022-01-02-04:55:47,3,1,2.290175
12,2022-01-02-04:55:50,1,6,3.563646
13,2022-01-02-04:55:54,6,0,3.615383
14,2022-01-02-04:55:57,0,6,3.438075
15,2022-01-02-04:56:01,6,1,3.546614
16,2022-01-02-04:56:03,1,2,1.990573
17,2022-01-02-04:56:05,2,5,1.530446
18,2022-01-02-04:56:06,5,4,1.843823
19,2022-01-02-04:56:08,4,0,1.530685
20,2022-01-02-04:56:10,0,2,1.736707
21,2022-01-02-04:56:11,2,0,1.726066
22,2022-01-02-04:56:13,0,4,1.488821
23,2022-01-02-04:56:15,4,2,2.083803
24,2022-01-02-04:56:17,2,1,1.949204
25,2022-01-02-04:56:19,1,2,1.952447
26,2022-01-02-04:56:21,2,7,2.606311
27,2022-01-02-04:56:25,7,1,3.261350
28,2022-01-02-04:56:26,1,7,1.648670
29,2022-01-02-04:56:28,7,1,1.691530
30,2022-01-02-04:56:32,1,6,3.545426
31,2022-01-02-04:56:35,6,1,3.713191
32,2022-01-02-04:56:37,1,5,2.022438
33,2022-01-02-04:56:39,5,0,1.999008
34,2022-01-02-04:56:41,0,2,1.690289
35,2022-01-02-04:56:44,2,3,2.660959
36,2022-01-02-04:56:46,3,6,1.978434
37,2022-01-02-04:56:48,6,5,2.741835
38,2022-01-02-04:56:50,5,0,1.925150
39,2022-01-02-04:56:52,0,4,1.532546
40,2022-01-02-04:56:53,4,0,1.527808
41,2022-01-02-04:56:54,0,1,1.051930
42,2022-01-02-04:56:57,1,3,2.333248
43,2022-01-02-04:57:01,3,2,4.204641
44,2022-01-02-04:57:03,2,4,1.730298
45,2022-01-02-04:57:07,4,7,4.036040
46,2022-01-02-04:57:11,7,6,4.290889
47,2022-01-02-04:57:14,6,4,3.221906
48,2022-01-02-04:57:18,4,6,3.324080
49,2022-01-02-04:57:21,6,1,3.651923
50,2022-01-02-04:57:23,1,5,1.922869
51,2022-01-02-04:57:26,5,7,2.660686
52,2022-01-02-04:57:29,7,4,3.132297
53,2022-01-02-04:57:31,4,3,2.198936
54,2022-01-02-04:57:35,3,7,3.833867
55,2022-01-02-04:57:37,7,1,1.688650
56,2022-01-02-04:57:39,1,6,2.724514
57,2022-01-02-04:57:42,6,1,2.685642
58,2022-01-02-04:57:43,1,4,1.318463
59,2022-01-02-04:57:45,4,0,1.475363
60,2022-01-02-04:57:48,0,3,3.313730
61,2022-01-02-04:57:52,3,0,3.359068
62,2022-01-02-04:57:53,0,7,1.915289
63,2022-01-02-04:57:58,7,4,4.056261
64,2022-01-02-04:58:01,4,6,3.723909
65,2022-01-02-04:58:04,6,5,2.693891
66,2022-01-02-04:58:06,5,1,1.955233
67,2022-01-02-04:58:07,1,0,1.021751
68,2022-01-02-04:58:09,0,2,1.793267
69,2022-01-02-04:58:11,2,3,2.587584
70,2022-01-02-04:58:14,3,5,2.221040
71,2022-01-02-04:58:16,5,6,2.635337
72,2022-01-02-04:58:20,6,4,3.753147
73,2022-01-02-04:58:24,4,0,3.644672
74,2022-01-02-04:58:25,0,2,1.709423
75,2022-01-02-04:58:27,2,5,1.522011
76,2022-01-02-04:58:29,5,7,2.645444
77,2022-01-02-04:58:32,7,0,3.074180
78,2022-01-02-04:58:35,0,5,2.188398
79,2022-01-02-04:58:38,5,3,3.030905
80,2022-01-02-04:58:41,3,2,3.099297
81,2022-01-02-04:58:44,2,6,3.066295
82,2022-01-02-04:58:47,6,2,3.061827
83,2022-01-02-04:58:49,2,1,1.932906
84,2022-01-02-04:58:50,1,4,1.327426
85,2022-01-02-04:58:52,4,5,1.750705
86,2022-01-02-04:58:54,5,1,2.045379
87,2022-01-02-04:58:55,1,4,1.318688
88,2022-01-02-04:58:57,4,2,2.048960
89,2022-01-02-04:59:01,2,6,3.148892
90,2022-01-02-04:59:04,6,0,3.534380
91,2022-01-02-04:59:08,0,6,3.520409
92,2022-01-02-04:59:11,6,3,3.731989
93,2022-01-02-04:59:14,3,1,2.549043
94,2022-01-02-04:59:16,1,2,1.942195
95,2022-01-02-04:59:17,2,5,1.481916
96,2022-01-02-04:59:19,5,4,1.863025
97,2022-01-02-04:59:21,4,0,1.486374
98,2022-01-02-04:59:22,0,1,1.031674
99,2022-01-02-04:59:23,1,0,1.023104
100,2022-01-02-04:59:24,0,4,1.517091
101,2022-01-02-04:59:26,4,5,1.726371
102,2022-01-02-04:59:28,5,0,2.125878
103,2022-01-02-04:59:32,0,6,3.549134
104,2022-01-02-04:59:35,6,4,3.263219
105,2022-01-02-04:59:38,4,6,3.184408
106,2022-01-02-04:59:42,6,1,3.592663
107,2022-01-02-04:59:43,1,4,1.331628
108,2022-01-02-04:59:45,4,7,1.895376
109,2022-01-02-04:59:47,7,3,2.133120
110,2022-01-02-04:59:49,3,4,2.087366
111,2022-01-02-04:59:51,4,0,1.482811
112,2022-01-02-04:59:52,0,1,1.114647
113,2022-01-02-04:59:54,1,2,1.927460
114,2022-01-02-04:59:57,2,6,3.230794
115,2022-01-02-05:00:01,6,3,4.015759
116,2022-01-02-05:00:03,3,5,2.192127
117,2022-01-02-05:00:05,5,3,2.304250
118,2022-01-02-05:00:07,3,4,2.124496
119,2022-01-02-05:00:09,4,0,1.533560
120,2022-01-02-05:00:11,0,4,1.495158
121,2022-01-02-05:00:13,4,3,2.050082
122,2022-01-02-05:00:15,3,5,2.325510
123,2022-01-02-05:00:17,5,3,2.319627
124,2022-01-02-05:00:20,3,0,2.328962
125,2022-01-02-05:00:21,0,4,1.514501
126,2022-01-02-05:00:23,4,5,1.725801
127,2022-01-02-05:00:26,5,6,3.025717
128,2022-01-02-05:00:29,6,1,3.527408
129,2022-01-02-05:00:30,1,0,1.025977
130,2022-01-02-05:00:31,0,1,1.030812
131,2022-01-02-05:00:33,1,7,1.725006
132,2022-01-02-05:00:35,7,4,1.925216
133,2022-01-02-05:00:37,4,0,1.538521
134,2022-01-02-05:00:40,0,6,2.934909
135,2022-01-02-05:00:42,6,5,2.732242
136,2022-01-02-05:00:45,5,6,3.166039
137,2022-01-02-05:00:49,6,1,3.522411
138,2022-01-02-05:00:51,1,7,1.685063
139,2022-01-02-05:00:53,7,3,2.146213
140,2022-01-02-05:00:55,3,5,2.306921
141,2022-01-02-05:00:57,5,0,2.081282
142,2022-01-02-05:01:00,0,6,2.789039
143,2022-01-02-05:01:03,6,7,2.625395
144,2022-01-02-05:01:05,7,4,1.966024
145,2022-01-02-05:01:06,4,0,1.523624
146,2022-01-02-05:01:08,0,5,2.156977
147,2022-01-02-05:01:11,5,6,3.123652
148,2022-01-02-05:01:15,6,1,3.638910
149,2022-01-02-05:01:19,1,6,3.563768
150,2022-01-02-05:01:22,6,4,3.417943
151,2022-01-02-05:01:23,4,0,1.515903
152,2022-01-02-05:01:25,0,1,1.066830
153,2022-01-02-05:01:26,1,4,1.276505
154,2022-01-02-05:01:28,4,5,1.724449
155,2022-01-02-05:01:29,5,4,1.822429
156,2022-01-02-05:01:31,4,0,1.488209
157,2022-01-02-05:01:33,0,3,2.390546
158,2022-01-02-05:01:35,3,4,2.036464
159,2022-01-02-05:01:37,4,1,1.278471
160,2022-01-02-05:01:38,1,7,1.690310
161,2022-01-02-05:01:42,7,3,3.858618
162,2022-01-02-05:01:45,3,0,3.326661
163,2022-01-02-05:01:47,0,4,1.485695
164,2022-01-02-05:01:49,4,7,1.853265
165,2022-01-02-05:01:50,7,1,1.655126
166,2022-01-02-05:01:52,1,5,1.929014
167,2022-01-02-05:01:54,5,4,1.882394
168,2022-01-02-05:01:56,4,3,2.059628
169,2022-01-02-05:01:59,3,1,2.288874
170,2022-01-02-05:02:01,1,2,1.954781
171,2022-01-02-05:02:02,2,1,1.928341
172,2022-01-02-05:02:05,1,6,2.623558
173,2022-01-02-05:02:08,6,4,2.584789
174,2022-01-02-05:02:10,4,7,1.863899
175,2022-01-02-05:02:12,7,6,2.594833
176,2022-01-02-05:02:14,6,3,1.981739
177,2022-01-02-05:02:17,3,7,3.229538
178,2022-01-02-05:02:20,7,6,2.551650
179,2022-01-02-05:02:23,6,5,3.132928
180,2022-01-02-05:02:25,5,2,1.538378
181,2022-01-02-05:02:27,2,7,2.590278
182,2022-01-02-05:02:29,7,4,1.891409
183,2022-01-02-05:02:30,4,1,1.277905
184,2022-01-02-05:02:33,1,3,2.316770
185,2022-01-02-05:02:36,3,7,3.255669
186,2022-01-02-05:02:39,7,3,3.196233
187,2022-01-02-05:02:43,3,2,4.367744
188,2022-01-02-05:02:45,2,4,1.827085
189,2022-01-02-05:02:49,4,7,4.064060
190,2022-01-02-05:02:51,7,0,1.989977
191,2022-01-02-05:02:53,0,5,1.957760
192,2022-01-02-05:02:56,5,6,3.073020
193,2022-01-02-05:03:00,6,5,3.124649
194,2022-01-02-05:03:02,5,7,2.586496
195,2022-01-02-05:03:05,7,4,3.064501
196,2022-01-02-05:03:07,4,3,2.057965
197,2022-01-02-05:03:11,3,7,3.276793
198,2022-01-02-05:03:13,7,6,2.537817
199,2022-01-02-05:03:17,6,1,3.659260
200,2022-01-02-05:03:18,1,0,1.035134
201,2022-01-02-05:03:20,0,5,1.947711
202,2022-01-02-05:03:21,5,2,1.592490
203,2022-01-02-05:03:23,2,0,1.714038
204,2022-01-02-05:03:26,0,6,3.440301
205,2022-01-02-05:03:30,6,2,3.094053
206,2022-01-02-05:03:31,2,5,1.495248
207,2022-01-02-05:03:35,5,4,3.732559
208,2022-01-02-05:03:38,4,7,3.227054
209,2022-01-02-05:03:41,7,6,2.591963
210,2022-01-02-05:03:44,6,5,3.172343
211,2022-01-02-05:03:46,5,4,1.853222
212,2022-01-02-05:03:48,4,6,2.563349
213,2022-01-02-05:03:51,6,5,2.682993
214,2022-01-02-05:03:53,5,1,1.884092
215,2022-01-02-05:03:55,1,6,2.631101
216,2022-01-02-05:03:58,6,0,2.757742
217,2022-01-02-05:04:01,0,6,2.818686
218,2022-01-02-05:04:03,6,3,2.014086
219,2022-01-02-05:04:05,3,1,2.225401
220,2022-01-02-05:04:07,1,2,1.932569
221,2022-01-02-05:04:09,2,4,1.726378
222,2022-01-02-05:04:10,4,0,1.493396
223,2022-01-02-05:04:11,0,1,1.017879
224,2022-01-02-05:04:13,1,2,1.926992
225,2022-01-02-05:04:16,2,6,3.052086
226,2022-01-02-05:04:20,6,4,3.743018
227,2022-01-02-05:04:24,4,0,3.727805
228,2022-01-02-05:04:26,0,5,1.960753
229,2022-01-02-05:04:29,5,6,2.755567
230,2022-01-02-05:04:31,6,4,2.661654
231,2022-01-02-05:04:33,4,0,1.487335
232,2022-01-02-05:04:35,0,7,1.882299
233,2022-01-02-05:04:38,7,3,3.760970
234,2022-01-02-05:04:42,3,7,3.735003
235,2022-01-02-05:04:46,7,3,3.835217
236,2022-01-02-05:04:49,3,5,2.994971
237,2022-01-02-05:04:51,5,0,1.946959
238,2022-01-02-05:04:52,0,4,1.524453
239,2022-01-02-05:04:54,4,2,1.952394
240,2022-01-02-05:04:57,2,6,3.132822
241,2022-01-02-05:05:01,6,3,3.134527
242,2022-01-02-05:05:04,3,5,3.063050
243,2022-01-02-05:05:05,5,4,1.824919
244,2022-01-02-05:05:07,4,0,1.512409
245,2022-01-02-05:05:09,0,5,1.977156
246,2022-01-02-05:05:11,5,0,1.918797
247,2022-01-02-05:05:13,0,5,1.886252
248,2022-01-02-05:05:16,5,6,3.049798
249,2022-01-02-05:05:19,6,2,3.059792
250,2022-01-02-05:05:21,2,4,1.807010
251,2022-01-02-05:05:22,4,5,1.729433
252,2022-01-02-05:05:24,5,1,1.989580
253,2022-01-02-05:05:26,1,2,1.993680
254,2022-01-02-05:05:29,2,7,2.591531
255,2022-01-02-05:05:32,7,6,2.627844
256,2022-01-02-05:05:35,6,1,3.685449
257,2022-01-02-05:05:37,1,4,1.314669
258,2022-01-02-05:05:39,4,3,2.063461
259,2022-01-02-05:05:41,3,1,2.331661
260,2022-01-02-05:05:42,1,0,1.030305
261,2022-01-02-05:05:43,0,1,1.023303
262,2022-01-02-05:05:45,1,5,2.024638
263,2022-01-02-05:05:49,5,4,3.442227
264,2022-01-02-05:05:52,4,2,3.196671
265,2022-01-02-05:05:54,2,3,2.619917
266,2022-01-02-05:05:56,3,6,2.016312
267,2022-01-02-05:05:59,6,1,2.717714
268,2022-01-02-05:06:02,1,3,3.398713
269,2022-01-02-05:06:06,3,5,3.052076
270,2022-01-02-05:06:08,5,1,2.084675
271,2022-01-02-05:06:10,1,6,2.629656
272,2022-01-02-05:06:14,6,7,3.331955
273,2022-01-02-05:06:17,7,2,2.988710
274,2022-01-02-05:06:19,2,3,2.592739
275,2022-01-02-05:06:23,3,7,3.751692
276,2022-01-02-05:06:26,7,5,2.627787
277,2022-01-02-05:06:29,5,4,3.332014
278,2022-01-02-05:06:31,4,2,2.076319
279,2022-01-02-05:06:34,2,7,3.018460
280,2022-01-02-05:06:37,7,6,2.593750
281,2022-01-02-05:06:40,6,2,3.175747
282,2022-01-02-05:06:41,2,0,1.753743
283,2022-01-02-05:06:43,0,4,1.527425
284,2022-01-02-05:06:45,4,3,2.052429
285,2022-01-02-05:06:48,3,0,2.525038
286,2022-01-02-05:06:51,0,6,2.952886
287,2022-01-02-05:06:54,6,7,3.344872
288,2022-01-02-05:06:57,7,4,3.310370
289,2022-01-02-05:06:58,4,1,1.299396
290,2022-01-02-05:07:00,1,4,1.286055
291,2022-01-02-05:07:02,4,7,1.929807
292,2022-01-02-05:07:04,7,6,2.595177
293,2022-01-02-05:07:07,6,0,2.826525
294,2022-01-02-05:07:09,0,2,1.715897
295,2022-01-02-05:07:12,2,3,2.670196
296,2022-01-02-05:07:14,3,6,2.036123
297,2022-01-02-05:07:16,6,1,2.725305
298,2022-01-02-05:07:20,1,3,3.528617
299,2022-01-02-05:07:23,3,2,3.066302
300,2022-01-02-05:07:25,2,1,1.931728
301,2022-01-02-05:07:27,1,2,1.924972
302,2022-01-02-05:07:29,2,7,2.534984
303,2022-01-02-05:07:32,7,5,2.929731
304,2022-01-02-05:07:34,5,2,1.486931
305,2022-01-02-05:07:37,2,3,3.360765
306,2022-01-02-05:07:41,3,4,3.533340
307,2022-01-02-05:07:43,4,3,2.055114
308,2022-01-02-05:07:45,3,6,2.018037
309,2022-01-02-05:07:47,6,4,2.630578
310,2022-01-02-05:07:51,4,2,4.012234
311,2022-01-02-05:07:53,2,4,1.824744
312,2022-01-02-05:07:55,4,3,2.085416
313,2022-01-02-05:07:58,3,2,2.790043
314,2022-01-02-05:08:02,2,5,3.637793
315,2022-01-02-05:08:05,5,6,3.063246
316,2022-01-02-05:08:08,6,0,3.529445
317,2022-01-02-05:08:12,0,6,3.534206
318,2022-01-02-05:08:15,6,4,3.521237
319,2022-01-02-05:08:17,4,5,1.749575
320,2022-01-02-05:08:20,5,7,2.589768
321,2022-01-02-05:08:23,7,0,3.045265
322,2022-01-02-05:08:25,0,3,2.499354
323,2022-01-02-05:08:27,3,6,2.032350
324,2022-01-02-05:08:30,6,1,2.689129
325,2022-01-02-05:08:32,1,5,1.993415
326,2022-01-02-05:08:33,5,2,1.599703
327,2022-01-02-05:08:35,2,5,1.496083
328,2022-01-02-05:08:38,5,7,2.550040
329,2022-01-02-05:08:41,7,2,2.991116
330,2022-01-02-05:08:45,2,3,4.237809
331,2022-01-02-05:08:47,3,6,2.017626
332,2022-01-02-05:08:50,6,5,2.735174
333,2022-01-02-05:08:53,5,2,3.706939
334,2022-01-02-05:08:57,2,5,3.735111
335,2022-01-02-05:08:59,5,1,2.012031
336,2022-01-02-05:09:01,1,2,1.936844
337,2022-01-02-05:09:03,2,1,1.968536
338,2022-01-02-05:09:06,1,6,2.729110
339,2022-01-02-05:09:08,6,3,1.939064
340,2022-01-02-05:09:10,3,1,2.227623
341,2022-01-02-05:09:13,1,6,3.561063
342,2022-01-02-05:09:16,6,2,3.099508
343,2022-01-02-05:09:19,2,7,2.593612
344,2022-01-02-05:09:22,7,4,3.091365
345,2022-01-02-05:09:24,4,0,1.487466
346,2022-01-02-05:09:26,0,5,2.113450
347,2022-01-02-05:09:27,5,4,1.761938
348,2022-01-02-05:09:32,4,2,4.158793
349,2022-01-02-05:09:35,2,7,3.128990
350,2022-01-02-05:09:38,7,4,3.537263
351,2022-01-02-05:09:40,4,5,1.761037
352,2022-01-02-05:09:43,5,6,3.182895
353,2022-01-02-05:09:46,6,3,3.177417
354,2022-01-02-05:09:50,3,0,3.309879
355,2022-01-02-05:09:53,0,6,3.507745
356,2022-01-02-05:09:57,6,1,3.530210
357,2022-01-02-05:09:58,1,4,1.291020
358,2022-01-02-05:10:00,4,0,1.493593
359,2022-01-02-05:10:03,0,3,3.618747
360,2022-01-02-05:10:06,3,5,3.045499
361,2022-01-02-05:10:09,5,3,2.444514
362,2022-01-02-05:10:11,3,0,2.392847
363,2022-01-02-05:10:13,0,3,2.375759
364,2022-01-02-05:10:16,3,1,2.258263
365,2022-01-02-05:10:18,1,6,2.697547
366,2022-01-02-05:10:21,6,5,2.685580
367,2022-01-02-05:10:25,5,2,3.663809
368,2022-01-02-05:10:27,2,3,2.662231
369,2022-01-02-05:10:31,3,1,3.467100
370,2022-01-02-05:10:33,1,3,2.442768
371,2022-01-02-05:10:36,3,2,2.719538
372,2022-01-02-05:10:38,2,4,1.733640
373,2022-01-02-05:10:40,4,3,2.075829
374,2022-01-02-05:10:42,3,6,2.007206
375,2022-01-02-05:10:45,6,7,2.744249
376,2022-01-02-05:10:47,7,6,2.623511
377,2022-01-02-05:10:50,6,7,2.645119
378,2022-01-02-05:10:54,7,6,4.066638
379,2022-01-02-05:10:57,6,2,3.128053
380,2022-01-02-05:11:01,2,3,4.274622
381,2022-01-02-05:11:03,3,6,1.999722
382,2022-01-02-05:11:06,6,1,2.787682
383,2022-01-02-05:11:07,1,4,1.321987
384,2022-01-02-05:11:11,4,6,3.437562
385,2022-01-02-05:11:14,6,5,3.137166
386,2022-01-02-05:11:16,5,4,1.786042
387,2022-01-02-05:11:18,4,7,1.863355
388,2022-01-02-05:11:20,7,0,1.939794
389,2022-01-02-05:11:21,0,4,1.520908
390,2022-01-02-05:11:23,4,7,1.857641
391,2022-01-02-05:11:26,7,5,2.686842
392,2022-01-02-05:11:28,5,6,2.660851
393,2022-01-02-05:11:30,6,3,2.018447
394,2022-01-02-05:11:33,3,1,2.361653
395,2022-01-02-05:11:34,1,4,1.313115
396,2022-01-02-05:11:36,4,7,1.833953
397,2022-01-02-05:11:39,7,6,2.720230
398,2022-01-02-05:11:41,6,1,2.628758
399,2022-01-02-05:11:43,1,5,1.983052
400,2022-01-02-05:11:45,5,2,1.555992
401,2022-01-02-05:11:47,2,1,1.955305
402,2022-01-02-05:11:49,1,3,2.221167
403,2022-01-02-05:11:53,3,2,4.253890
404,2022-01-02-05:11:57,2,6,4.042535
405,2022-01-02-05:12:00,6,7,2.633755
406,2022-01-02-05:12:02,7,1,1.755736
407,2022-01-02-05:12:03,1,4,1.288469
408,2022-01-02-05:12:05,4,7,1.889068
409,2022-01-02-05:12:07,7,4,2.015357
410,2022-01-02-05:12:10,4,6,3.549362
411,2022-01-02-05:12:14,6,0,3.504667
412,2022-01-02-05:12:16,0,5,1.897750
413,2022-01-02-05:12:17,5,2,1.529779
414,2022-01-02-05:12:19,2,1,1.963442
415,2022-01-02-05:12:21,1,2,1.951194
416,2022-01-02-05:12:23,2,1,1.937997
417,2022-01-02-05:12:27,1,6,3.675398
418,2022-01-02-05:12:30,6,5,3.169167
419,2022-01-02-05:12:34,5,2,3.933119
420,2022-01-02-05:12:38,2,5,3.698180
421,2022-01-02-05:12:41,5,6,3.061782
422,2022-01-02-05:12:44,6,2,3.097684
423,2022-01-02-05:12:45,2,0,1.685677
424,2022-01-02-05:12:48,0,3,2.593071
425,2022-01-02-05:12:50,3,6,2.088631
426,2022-01-02-05:12:53,6,1,2.648331
427,2022-01-02-05:12:54,1,0,1.079451
428,2022-01-02-05:12:55,0,4,1.490362
429,2022-01-02-05:12:59,4,6,3.439025
430,2022-01-02-05:13:02,6,2,3.126964
431,2022-01-02-05:13:05,2,7,3.135221
432,2022-01-02-05:13:08,7,5,2.764532
433,2022-01-02-05:13:10,5,1,1.931170
434,2022-01-02-05:13:11,1,4,1.318437
435,2022-01-02-05:13:12,4,1,1.320500
436,2022-01-02-05:13:14,1,4,1.281906
437,2022-01-02-05:13:16,4,5,1.836260
438,2022-01-02-05:13:18,5,7,2.551359
439,2022-01-02-05:13:21,7,6,2.567832
440,2022-01-02-05:13:24,6,4,3.454510
441,2022-01-02-05:13:26,4,3,2.060149
442,2022-01-02-05:13:30,3,2,4.324230
443,2022-01-02-05:13:34,2,0,3.972999
444,2022-01-02-05:13:36,0,4,1.522062
445,2022-01-02-05:13:38,4,7,1.890236
446,2022-01-02-05:13:42,7,6,4.047158
447,2022-01-02-05:13:45,6,2,3.131671
448,2022-01-02-05:13:47,2,5,1.521966
449,2022-01-02-05:13:49,5,6,2.740256
450,2022-01-02-05:13:52,6,1,2.804334
451,2022-01-02-05:13:55,1,6,2.673265
452,2022-01-02-05:13:57,6,3,2.017235
453,2022-01-02-05:14:01,3,2,4.314798
454,2022-01-02-05:14:05,2,5,3.732028
455,2022-01-02-05:14:08,5,4,3.366026
456,2022-01-02-05:14:10,4,3,2.131197
457,2022-01-02-05:14:13,3,2,2.601220
458,2022-01-02-05:14:17,2,5,3.747153
459,2022-01-02-05:14:20,5,3,3.248850
460,2022-01-02-05:14:23,3,0,3.300002
461,2022-01-02-05:14:25,0,2,1.711475
462,2022-01-02-05:14:27,2,1,1.955206
463,2022-01-02-05:14:28,1,4,1.279484
464,2022-01-02-05:14:30,4,5,1.743828
465,2022-01-02-05:14:32,5,1,2.085988
466,2022-01-02-05:14:33,1,4,1.278771
467,2022-01-02-05:14:37,4,6,3.424844
468,2022-01-02-05:14:40,6,0,3.466841
469,2022-01-02-05:14:43,0,6,2.802372
470,2022-01-02-05:14:45,6,3,2.030325
471,2022-01-02-05:14:47,3,1,2.241019
472,2022-01-02-05:14:49,1,4,1.299057
473,2022-01-02-05:14:50,4,0,1.537079
474,2022-01-02-05:14:53,0,3,3.234101
475,2022-01-02-05:14:57,3,0,3.249421
476,2022-01-02-05:14:58,0,4,1.521741
477,2022-01-02-05:15:00,4,5,1.740258
478,2022-01-02-05:15:02,5,1,1.932723
479,2022-01-02-05:15:04,1,5,1.894565
480,2022-01-02-05:15:06,5,1,2.027424
481,2022-01-02-05:15:08,1,3,2.367312
482,2022-01-02-05:15:11,3,2,2.592828
483,2022-01-02-05:15:13,2,3,2.571427
484,2022-01-02-05:15:16,3,7,3.196535
485,2022-01-02-05:15:19,7,5,2.705467
486,2022-01-02-05:15:22,5,6,3.082557
487,2022-01-02-05:15:26,6,7,4.034561
488,2022-01-02-05:15:29,7,6,2.628018
489,2022-01-02-05:15:32,6,5,2.839732
490,2022-01-02-05:15:34,5,3,2.200807
491,2022-01-02-05:15:36,3,4,2.058203
492,2022-01-02-05:15:37,4,1,1.285032
493,2022-01-02-05:15:39,1,5,1.955546
494,2022-01-02-05:15:42,5,1,2.322139
495,2022-01-02-05:15:43,1,4,1.316705
496,2022-01-02-05:15:45,4,5,1.748977
497,2022-01-02-05:15:47,5,1,1.964557
498,2022-01-02-05:15:49,1,3,2.210237
499,2022-01-02-05:15:51,3,6,1.982591
500,2022-01-02-05:15:53,6,3,2.019418
501,2022-01-02-05:15:55,3,1,2.385987
502,2022-01-02-05:15:59,1,6,3.530431
503,2022-01-02-05:16:03,6,3,4.057308
504,2022-01-02-05:16:05,3,0,2.325902
505,2022-01-02-05:16:06,0,1,1.048350
506,2022-01-02-05:16:07,1,4,1.293452
507,2022-01-02-05:16:09,4,1,1.323923
508,2022-01-02-05:16:11,1,2,1.961240
509,2022-01-02-05:16:14,2,3,3.055618
510,2022-01-02-05:16:18,3,7,3.847410
511,2022-01-02-05:16:20,7,2,2.586976
512,2022-01-02-05:16:23,2,6,3.077802
513,2022-01-02-05:16:26,6,4,2.763914
514,2022-01-02-05:16:28,4,7,1.862714
515,2022-01-02-05:16:30,7,0,2.023598
516,2022-01-02-05:16:33,0,6,2.758379
517,2022-01-02-05:16:36,6,1,2.830133
518,2022-01-02-05:16:38,1,3,2.260278
519,2022-01-02-05:16:41,3,0,2.921078
520,2022-01-02-05:16:44,0,6,3.454155
521,2022-01-02-05:16:48,6,0,3.562558
522,2022-01-02-05:16:49,0,1,1.116756
523,2022-01-02-05:16:51,1,7,1.664858
524,2022-01-02-05:16:52,7,1,1.763446
525,2022-01-02-05:16:54,1,2,1.944911
526,2022-01-02-05:16:57,2,6,3.134886
527,2022-01-02-05:16:59,6,3,2.000359
528,2022-01-02-05:17:02,3,7,2.241240
529,2022-01-02-05:17:03,7,4,1.883093
530,2022-01-02-05:17:08,4,2,4.145274
531,2022-01-02-05:17:11,2,5,3.798268
532,2022-01-02-05:17:13,5,0,1.909776
533,2022-01-02-05:17:17,0,3,3.329006
534,2022-01-02-05:17:19,3,4,2.221961
535,2022-01-02-05:17:21,4,2,1.821804
536,2022-01-02-05:17:25,2,1,4.555071
537,2022-01-02-05:17:28,1,3,2.399064
538,2022-01-02-05:17:30,3,1,2.325995
539,2022-01-02-05:17:34,1,3,3.513957
540,2022-01-02-05:17:36,3,2,2.592261
541,2022-01-02-05:17:41,2,7,4.415148
542,2022-01-02-05:17:43,7,3,2.153078
543,2022-01-02-05:17:45,3,1,2.293877
544,2022-01-02-05:17:48,1,6,2.643488
545,2022-01-02-05:17:52,6,4,3.930843
546,2022-01-02-05:17:55,4,6,3.201171
547,2022-01-02-05:17:58,6,0,3.510869
548,2022-01-02-05:18:01,0,3,2.403827
549,2022-01-02-05:18:03,3,1,2.261553
550,2022-01-02-05:18:04,1,0,1.048511
551,2022-01-02-05:18:05,0,1,1.027644
552,2022-01-02-05:18:07,1,7,1.690740
553,2022-01-02-05:18:08,7,1,1.692083
554,2022-01-02-05:18:10,1,5,1.903881
555,2022-01-02-05:18:13,5,7,2.568585
556,2022-01-02-05:18:15,7,6,2.556956
557,2022-01-02-05:18:19,6,7,4.047085
558,2022-01-02-05:18:21,7,0,1.929289
559,2022-01-02-05:18:23,0,4,1.518345
560,2022-01-02-05:18:25,4,3,2.116035
561,2022-01-02-05:18:28,3,7,3.230748
562,2022-01-02-05:18:32,7,1,3.304684
563,2022-01-02-05:18:33,1,4,1.319993
564,2022-01-02-05:18:35,4,5,1.755454
565,2022-01-02-05:18:37,5,7,2.556670
566,2022-01-02-05:18:40,7,6,2.530142
567,2022-01-02-05:18:43,6,0,3.440137
568,2022-01-02-05:18:45,0,2,1.689141
569,2022-01-02-05:18:47,2,4,1.749482
570,2022-01-02-05:18:48,4,1,1.313669
571,2022-01-02-05:18:50,1,2,2.035260
572,2022-01-02-05:18:51,2,5,1.514532
573,2022-01-02-05:18:53,5,2,1.602477
574,2022-01-02-05:18:56,2,7,2.577011
575,2022-01-02-05:18:58,7,5,2.664957
576,2022-01-02-05:19:00,5,0,2.039971
577,2022-01-02-05:19:03,0,3,2.335227
578,2022-01-02-05:19:05,3,5,2.664345
579,2022-01-02-05:19:08,5,6,2.706527
580,2022-01-02-05:19:12,6,4,3.712679
581,2022-01-02-05:19:15,4,2,3.190424
582,2022-01-02-05:19:17,2,4,1.785139
583,2022-01-02-05:19:18,4,1,1.301559
584,2022-01-02-05:19:19,1,4,1.323298
585,2022-01-02-05:19:21,4,3,2.036773
586,2022-01-02-05:19:24,3,5,2.386145
587,2022-01-02-05:19:25,5,2,1.541768
588,2022-01-02-05:19:28,2,3,2.626906
589,2022-01-02-05:19:30,3,0,2.341497
590,2022-01-02-05:19:33,0,3,2.316903
591,2022-01-02-05:19:35,3,6,2.035253
592,2022-01-02-05:19:38,6,7,3.324819
593,2022-01-02-05:19:41,7,6,2.558355
594,2022-01-02-05:19:44,6,0,3.546916
595,2022-01-02-05:19:46,0,4,1.525602
596,2022-01-02-05:19:49,4,6,3.442649
597,2022-01-02-05:19:53,6,3,3.824784
598,2022-01-02-05:19:55,3,1,2.322181
599,2022-01-02-05:19:56,1,0,1.064042
600,2022-01-02-05:19:57,0,1,1.091860
601,2022-01-02-05:19:59,1,5,1.996069
602,2022-01-02-05:20:02,5,6,3.097090
603,2022-01-02-05:20:06,6,5,3.261216
604,2022-01-02-05:20:08,5,1,1.928856
605,2022-01-02-05:20:10,1,5,1.999807
606,2022-01-02-05:20:12,5,3,2.250990
607,2022-01-02-05:20:14,3,7,2.257209
608,2022-01-02-05:20:17,7,5,2.667963
609,2022-01-02-05:20:19,5,7,2.554445
610,2022-01-02-05:20:23,7,3,3.272665
611,2022-01-02-05:20:25,3,6,2.062900
612,2022-01-02-05:20:27,6,1,2.716879
613,2022-01-02-05:20:29,1,0,1.100187
614,2022-01-02-05:20:31,0,3,2.406886
615,2022-01-02-05:20:33,3,6,2.020028
616,2022-01-02-05:20:36,6,7,2.625664
617,2022-01-02-05:20:38,7,2,2.714993
618,2022-01-02-05:20:41,2,7,2.634551
619,2022-01-02-05:20:43,7,4,1.917577
620,2022-01-02-05:20:44,4,1,1.319900
621,2022-01-02-05:20:46,1,7,1.642743
622,2022-01-02-05:20:50,7,6,4.155299
623,2022-01-02-05:20:53,6,2,3.125226
624,2022-01-02-05:20:55,2,1,1.921867
625,2022-01-02-05:20:56,1,4,1.295199
626,2022-01-02-05:20:58,4,3,2.049686
627,2022-01-02-05:21:00,3,4,2.057007
628,2022-01-02-05:21:02,4,0,1.515758
629,2022-01-02-05:21:03,0,4,1.514223
630,2022-01-02-05:21:07,4,6,3.437517
631,2022-01-02-05:21:11,6,1,3.695397
632,2022-01-02-05:21:14,1,6,3.636480
633,2022-01-02-05:21:18,6,3,3.770304
634,2022-01-02-05:21:21,3,7,3.241406
635,2022-01-02-05:21:24,7,5,2.605742
636,2022-01-02-05:21:26,5,1,1.895253
637,2022-01-02-05:21:27,1,0,1.136744
638,2022-01-02-05:21:29,0,5,1.897210
639,2022-01-02-05:21:31,5,1,2.100961
640,2022-01-02-05:21:32,1,0,1.057373
641,2022-01-02-05:21:35,0,6,3.494570
642,2022-01-02-05:21:39,6,2,3.238580
643,2022-01-02-05:21:43,2,1,4.543238
644,2022-01-02-05:21:45,1,2,1.935699
645,2022-01-02-05:21:47,2,0,1.726042
646,2022-01-02-05:21:49,0,7,1.931113
647,2022-01-02-05:21:51,7,4,1.864193
648,2022-01-02-05:21:52,4,0,1.506137
649,2022-01-02-05:21:55,0,3,2.436248
650,2022-01-02-05:21:57,3,5,2.191639
651,2022-01-02-05:22:00,5,6,3.112105
652,2022-01-02-05:22:03,6,4,3.343543
653,2022-01-02-05:22:06,4,6,3.251415
654,2022-01-02-05:22:10,6,4,3.474984
655,2022-01-02-05:22:14,4,2,4.142940
656,2022-01-02-05:22:16,2,4,1.783297
657,2022-01-02-05:22:20,4,1,3.821025
658,2022-01-02-05:22:22,1,3,2.259558
659,2022-01-02-05:22:25,3,1,2.538218
660,2022-01-02-05:22:26,1,5,1.947625
661,2022-01-02-05:22:28,5,0,1.972328
662,2022-01-02-05:22:30,0,2,1.727085
663,2022-01-02-05:22:33,2,3,2.744631
664,2022-01-02-05:22:35,3,1,2.232606
665,2022-01-02-05:22:39,1,6,3.630115
666,2022-01-02-05:22:42,6,1,3.654605
667,2022-01-02-05:22:46,1,6,3.698711
668,2022-01-02-05:22:49,6,7,2.622676
669,2022-01-02-05:22:51,7,6,2.619416
670,2022-01-02-05:22:55,6,3,3.644993
671,2022-01-02-05:22:58,3,7,3.310403
672,2022-01-02-05:23:01,7,2,2.594993
673,2022-01-02-05:23:03,2,4,1.780658
674,2022-01-02-05:23:04,4,0,1.519449
675,2022-01-02-05:23:08,0,6,3.439331
676,2022-01-02-05:23:11,6,1,3.602603
677,2022-01-02-05:23:15,1,6,3.610817
678,2022-01-02-05:23:18,6,2,3.167374
679,2022-01-02-05:23:20,2,0,1.716264
680,2022-01-02-05:23:22,0,5,1.991360
681,2022-01-02-05:23:25,5,4,3.336585
682,2022-01-02-05:23:29,4,0,3.640337
683,2022-01-02-05:23:32,0,6,3.481636
684,2022-01-02-05:23:35,6,2,3.102549
685,2022-01-02-05:23:38,2,6,3.062108
686,2022-01-02-05:23:42,6,0,3.511296
687,2022-01-02-05:23:44,0,3,2.534831
688,2022-01-02-05:23:48,3,7,3.293012
689,2022-01-02-05:23:51,7,3,3.267430
690,2022-01-02-05:23:53,3,1,2.285925
691,2022-01-02-05:23:57,1,6,3.569062
692,2022-01-02-05:24:00,6,5,3.095541
693,2022-01-02-05:24:01,5,2,1.555028
694,2022-01-02-05:24:04,2,3,2.592420
695,2022-01-02-05:24:08,3,2,4.176409
696,2022-01-02-05:24:12,2,1,4.235168
697,2022-01-02-05:24:14,1,7,1.690828
698,2022-01-02-05:24:19,7,2,4.359256
699,2022-01-02-05:24:20,2,4,1.829739
700,2022-01-02-05:24:24,4,0,3.691225
701,2022-01-02-05:24:26,0,7,1.926795
702,2022-01-02-05:24:29,7,2,2.558078
703,2022-01-02-05:24:31,2,3,2.582513
704,2022-01-02-05:24:33,3,5,2.193665
705,2022-01-02-05:24:36,5,3,3.002103
706,2022-01-02-05:24:40,3,6,3.397953
707,2022-01-02-05:24:42,6,7,2.630704
708,2022-01-02-05:24:45,7,5,2.621917
709,2022-01-02-05:24:48,5,7,2.570126
710,2022-01-02-05:24:51,7,1,3.331365
711,2022-01-02-05:24:53,1,3,2.302254
712,2022-01-02-05:24:55,3,4,2.101408
713,2022-01-02-05:24:57,4,5,1.797299
714,2022-01-02-05:25:00,5,6,3.096995
715,2022-01-02-05:25:04,6,0,3.520673
716,2022-01-02-05:25:05,0,4,1.501448
717,2022-01-02-05:25:07,4,3,2.076880
718,2022-01-02-05:25:10,3,2,2.630226
719,2022-01-02-05:25:13,2,6,3.031776
720,2022-01-02-05:25:17,6,4,3.710564
721,2022-01-02-05:25:20,4,6,3.842827
722,2022-01-02-05:25:25,6,2,4.206158
723,2022-01-02-05:25:29,2,7,4.377870
724,2022-01-02-05:25:32,7,6,2.645083
725,2022-01-02-05:25:35,6,1,2.825873
726,2022-01-02-05:25:36,1,5,1.947033
727,2022-01-02-05:25:39,5,3,2.432817
728,2022-01-02-05:25:41,3,1,2.397720
729,2022-01-02-05:25:43,1,5,1.996410
730,2022-01-02-05:25:46,5,7,2.558262
731,2022-01-02-05:25:49,7,4,3.176068
732,2022-01-02-05:25:52,4,6,3.251407
733,2022-01-02-05:25:55,6,7,2.656786
734,2022-01-02-05:25:58,7,5,2.673806
735,2022-01-02-05:26:01,5,2,3.780964
736,2022-01-02-05:26:05,2,5,3.727507
737,2022-01-02-05:26:08,5,6,3.057314
738,2022-01-02-05:26:11,6,3,3.165446
739,2022-01-02-05:26:15,3,0,3.271465
740,2022-01-02-05:26:16,0,1,1.066758
741,2022-01-02-05:26:18,1,2,1.989623
742,2022-01-02-05:26:21,2,3,2.886903
743,2022-01-02-05:26:23,3,5,2.218564
744,2022-01-02-05:26:25,5,1,1.941836
745,2022-01-02-05:26:26,1,4,1.321111
746,2022-01-02-05:26:28,4,2,1.909979
747,2022-01-02-05:26:31,2,3,2.636259
748,2022-01-02-05:26:33,3,1,2.461200
749,2022-01-02-05:26:34,1,0,1.060055
750,2022-01-02-05:26:35,0,1,1.044875
751,2022-01-02-05:26:38,1,6,2.673172
752,2022-01-02-05:26:41,6,2,3.076695
753,2022-01-02-05:26:44,2,6,3.060602
754,2022-01-02-05:26:47,6,2,3.094735
755,2022-01-02-05:26:50,2,6,3.297422
756,2022-01-02-05:26:54,6,1,3.642208
757,2022-01-02-05:26:55,1,4,1.330259
758,2022-01-02-05:27:00,4,2,4.222338
759,2022-01-02-05:27:04,2,3,4.308124
760,2022-01-02-05:27:08,3,2,4.303856
761,2022-01-02-05:27:12,2,1,4.186920
762,2022-01-02-05:27:16,1,6,3.577846
763,2022-01-02-05:27:20,6,3,3.729723
764,2022-01-02-05:27:22,3,5,2.176839
765,2022-01-02-05:27:25,5,3,3.055093
766,2022-01-02-05:27:29,3,7,3.851424
767,2022-01-02-05:27:31,7,3,2.239100
768,2022-01-02-05:27:33,3,7,2.120604
769,2022-01-02-05:27:35,7,1,1.723016
770,2022-01-02-05:27:37,1,5,2.083421
771,2022-01-02-05:27:39,5,0,2.219745
772,2022-01-02-05:27:43,0,6,3.500627
773,2022-01-02-05:27:45,6,7,2.711958
774,2022-01-02-05:27:48,7,2,2.572229
775,2022-01-02-05:27:51,2,6,3.163796
776,2022-01-02-05:27:55,6,1,3.520575
777,2022-01-02-05:27:57,1,3,2.221823
778,2022-01-02-05:27:59,3,0,2.427767
779,2022-01-02-05:28:01,0,7,1.926167
780,2022-01-02-05:28:05,7,4,4.039611
781,2022-01-02-05:28:08,4,7,3.166548
782,2022-01-02-05:28:12,7,3,3.301830
783,2022-01-02-05:28:14,3,5,2.213508
784,2022-01-02-05:28:16,5,0,2.033775
785,2022-01-02-05:28:17,0,1,1.043636
786,2022-01-02-05:28:21,1,6,3.554009
787,2022-01-02-05:28:24,6,1,3.581493
788,2022-01-02-05:28:26,1,7,1.728845
789,2022-01-02-05:28:28,7,4,1.927201
790,2022-01-02-05:28:30,4,2,1.824712
791,2022-01-02-05:28:32,2,3,2.628264
792,2022-01-02-05:28:35,3,5,2.427210
793,2022-01-02-05:28:36,5,2,1.502265
794,2022-01-02-05:28:38,2,1,1.988658
795,2022-01-02-05:28:41,1,6,2.706408
796,2022-01-02-05:28:44,6,1,2.808453
797,2022-01-02-05:28:46,1,3,2.203769
798,2022-01-02-05:28:48,3,0,2.408654
799,2022-01-02-05:28:51,0,6,2.896680
800,2022-01-02-05:28:54,6,1,2.726916
801,2022-01-02-05:28:55,1,0,1.051860
802,2022-01-02-05:28:57,0,5,1.879387
803,2022-01-02-05:28:59,5,1,1.932411
804,2022-01-02-05:29:01,1,5,1.988529
805,2022-01-02-05:29:03,5,0,1.952739
806,2022-01-02-05:29:04,0,2,1.778794
807,2022-01-02-05:29:06,2,4,1.796632
808,2022-01-02-05:29:08,4,5,1.748496
809,2022-01-02-05:29:11,5,7,2.607265
810,2022-01-02-05:29:14,7,0,3.096228
811,2022-01-02-05:29:15,0,4,1.493227
812,2022-01-02-05:29:17,4,1,1.323753
813,2022-01-02-05:29:19,1,3,2.227818
814,2022-01-02-05:29:21,3,4,2.088826
815,2022-01-02-05:29:22,4,1,1.314681
816,2022-01-02-05:29:23,1,0,1.087289
817,2022-01-02-05:29:25,0,4,1.534314
818,2022-01-02-05:29:27,4,5,1.741056
819,2022-01-02-05:29:30,5,4,3.283996
820,2022-01-02-05:29:34,4,1,3.992762
821,2022-01-02-05:29:36,1,7,1.723034
822,2022-01-02-05:29:38,7,5,2.816920
