--- Start
Calibration finished !

Learning mode activated? 
False
iteration,date,init_position,final_position,time
0,2022-01-02-08:14:53,-1,2,2.523204
1,2022-01-02-08:14:54,2,4,1.719951
2,2022-01-02-08:14:56,4,2,1.828127
3,2022-01-02-08:15:00,2,6,3.343989
4,2022-01-02-08:15:03,6,3,3.697786
5,2022-01-02-08:15:08,3,2,4.171330
6,2022-01-02-08:15:12,2,7,4.536832
7,2022-01-02-08:15:16,7,6,3.989669
8,2022-01-02-08:15:19,6,5,3.225150
9,2022-01-02-08:15:21,5,1,1.884866
10,2022-01-02-08:15:23,1,3,2.252746
11,2022-01-02-08:15:26,3,1,2.387194
12,2022-01-02-08:15:28,1,6,2.654121
13,2022-01-02-08:15:31,6,0,2.828891
14,2022-01-02-08:15:35,0,6,3.519423
15,2022-01-02-08:15:38,6,1,3.528659
16,2022-01-02-08:15:40,1,2,1.964748
17,2022-01-02-08:15:42,2,5,1.483878
18,2022-01-02-08:15:44,5,4,1.852677
19,2022-01-02-08:15:45,4,0,1.480305
20,2022-01-02-08:15:47,0,2,1.684339
21,2022-01-02-08:15:48,2,0,1.684986
22,2022-01-02-08:15:50,0,4,1.481518
23,2022-01-02-08:15:54,4,2,4.235677
24,2022-01-02-08:15:58,2,1,4.244433
25,2022-01-02-08:16:00,1,2,1.960892
26,2022-01-02-08:16:03,2,7,2.522334
27,2022-01-02-08:16:06,7,1,3.212906
28,2022-01-02-08:16:08,1,7,1.717399
29,2022-01-02-08:16:10,7,1,1.657831
30,2022-01-02-08:16:13,1,6,3.596895
31,2022-01-02-08:16:17,6,1,3.631285
32,2022-01-02-08:16:19,1,5,1.906357
33,2022-01-02-08:16:21,5,0,2.254016
34,2022-01-02-08:16:23,0,2,1.689256
35,2022-01-02-08:16:26,2,3,2.991903
36,2022-01-02-08:16:29,3,6,3.107451
37,2022-01-02-08:16:32,6,5,3.119058
38,2022-01-02-08:16:34,5,0,1.892021
39,2022-01-02-08:16:35,0,4,1.498818
40,2022-01-02-08:16:37,4,0,1.477103
41,2022-01-02-08:16:38,0,1,1.013268
42,2022-01-02-08:16:41,1,3,3.438829
43,2022-01-02-08:16:44,3,2,2.953982
44,2022-01-02-08:16:46,2,4,1.733110
45,2022-01-02-08:16:48,4,7,1.832482
46,2022-01-02-08:16:52,7,6,3.968441
47,2022-01-02-08:16:55,6,4,3.563769
48,2022-01-02-08:16:59,4,6,3.394724
49,2022-01-02-08:17:02,6,1,3.560401
50,2022-01-02-08:17:04,1,5,1.941389
51,2022-01-02-08:17:07,5,7,2.561279
52,2022-01-02-08:17:10,7,4,3.060674
53,2022-01-02-08:17:12,4,3,2.095135
54,2022-01-02-08:17:14,3,7,2.091401
55,2022-01-02-08:17:16,7,1,1.635451
56,2022-01-02-08:17:18,1,6,2.644738
57,2022-01-02-08:17:21,6,1,2.694565
58,2022-01-02-08:17:22,1,4,1.278939
59,2022-01-02-08:17:24,4,0,1.520084
60,2022-01-02-08:17:26,0,3,2.387672
61,2022-01-02-08:17:28,3,0,2.343882
62,2022-01-02-08:17:30,0,7,1.950308
63,2022-01-02-08:17:32,7,4,1.830717
64,2022-01-02-08:17:36,4,6,3.467078
65,2022-01-02-08:17:39,6,5,3.185083
66,2022-01-02-08:17:41,5,1,2.017048
67,2022-01-02-08:17:42,1,0,1.023391
68,2022-01-02-08:17:44,0,2,1.718634
69,2022-01-02-08:17:47,2,3,2.987973
70,2022-01-02-08:17:50,3,5,3.006256
71,2022-01-02-08:17:53,5,6,3.089473
72,2022-01-02-08:17:56,6,4,3.256303
73,2022-01-02-08:18:00,4,0,3.632090
74,2022-01-02-08:18:01,0,2,1.725078
75,2022-01-02-08:18:03,2,5,1.490438
76,2022-01-02-08:18:05,5,7,2.590215
77,2022-01-02-08:18:08,7,0,3.055531
78,2022-01-02-08:18:10,0,5,2.039234
79,2022-01-02-08:18:13,5,3,2.754560
80,2022-01-02-08:18:18,3,2,4.340852
81,2022-01-02-08:18:21,2,6,3.125816
82,2022-01-02-08:18:24,6,2,3.224512
83,2022-01-02-08:18:26,2,1,1.945568
84,2022-01-02-08:18:27,1,4,1.292039
85,2022-01-02-08:18:29,4,5,1.766376
86,2022-01-02-08:18:31,5,1,2.072007
87,2022-01-02-08:18:32,1,4,1.280298
88,2022-01-02-08:18:34,4,2,1.753110
89,2022-01-02-08:18:37,2,6,3.103546
90,2022-01-02-08:18:41,6,0,3.430848
91,2022-01-02-08:18:44,0,6,3.501054
92,2022-01-02-08:18:48,6,3,3.634743
93,2022-01-02-08:18:50,3,1,2.267380
94,2022-01-02-08:18:52,1,2,1.955917
95,2022-01-02-08:18:53,2,5,1.515773
96,2022-01-02-08:18:55,5,4,1.781801
97,2022-01-02-08:18:57,4,0,1.488470
98,2022-01-02-08:18:58,0,1,1.039992
99,2022-01-02-08:18:59,1,0,1.028811
100,2022-01-02-08:19:00,0,4,1.488892
101,2022-01-02-08:19:02,4,5,1.744206
102,2022-01-02-08:19:04,5,0,2.039306
103,2022-01-02-08:19:08,0,6,3.464103
104,2022-01-02-08:19:11,6,4,3.492654
105,2022-01-02-08:19:14,4,6,2.561845
106,2022-01-02-08:19:16,6,1,2.894087
107,2022-01-02-08:19:18,1,4,1.316989
108,2022-01-02-08:19:20,4,7,1.864094
109,2022-01-02-08:19:23,7,3,3.794565
110,2022-01-02-08:19:27,3,4,3.659941
111,2022-01-02-08:19:29,4,0,1.513382
112,2022-01-02-08:19:30,0,1,1.032078
113,2022-01-02-08:19:32,1,2,1.956857
114,2022-01-02-08:19:35,2,6,3.056203
115,2022-01-02-08:19:38,6,3,3.695472
116,2022-01-02-08:19:41,3,5,2.160471
117,2022-01-02-08:19:43,5,3,2.146297
118,2022-01-02-08:19:45,3,4,2.027995
119,2022-01-02-08:19:46,4,0,1.488742
120,2022-01-02-08:19:48,0,4,1.487224
121,2022-01-02-08:19:50,4,3,2.055426
122,2022-01-02-08:19:52,3,5,2.188745
123,2022-01-02-08:19:55,5,3,3.154000
124,2022-01-02-08:19:58,3,0,3.277779
125,2022-01-02-08:20:00,0,4,1.521419
126,2022-01-02-08:20:02,4,5,1.730526
127,2022-01-02-08:20:05,5,6,3.133480
128,2022-01-02-08:20:08,6,1,3.680133
129,2022-01-02-08:20:09,1,0,1.049866
130,2022-01-02-08:20:10,0,1,1.030581
131,2022-01-02-08:20:12,1,7,1.639643
132,2022-01-02-08:20:14,7,4,1.931200
133,2022-01-02-08:20:16,4,0,1.479638
134,2022-01-02-08:20:19,0,6,3.546728
135,2022-01-02-08:20:22,6,5,3.152732
136,2022-01-02-08:20:25,5,6,3.096289
137,2022-01-02-08:20:29,6,1,3.538338
138,2022-01-02-08:20:30,1,7,1.636735
139,2022-01-02-08:20:33,7,3,2.224607
140,2022-01-02-08:20:35,3,5,2.190052
141,2022-01-02-08:20:37,5,0,1.922292
142,2022-01-02-08:20:40,0,6,3.518687
143,2022-01-02-08:20:44,6,7,3.963465
144,2022-01-02-08:20:46,7,4,1.934641
145,2022-01-02-08:20:48,4,0,1.517080
146,2022-01-02-08:20:50,0,5,2.121998
147,2022-01-02-08:20:53,5,6,3.120870
148,2022-01-02-08:20:57,6,1,3.664196
149,2022-01-02-08:20:59,1,6,2.651839
150,2022-01-02-08:21:02,6,4,2.885786
151,2022-01-02-08:21:04,4,0,1.511811
152,2022-01-02-08:21:05,0,1,1.033028
153,2022-01-02-08:21:06,1,4,1.314825
154,2022-01-02-08:21:08,4,5,1.751012
155,2022-01-02-08:21:10,5,4,1.918774
156,2022-01-02-08:21:11,4,0,1.515893
157,2022-01-02-08:21:14,0,3,2.682091
158,2022-01-02-08:21:16,3,4,2.047774
159,2022-01-02-08:21:17,4,1,1.313150
160,2022-01-02-08:21:19,1,7,1.634265
161,2022-01-02-08:21:21,7,3,2.485381
162,2022-01-02-08:21:24,3,0,2.485958
163,2022-01-02-08:21:25,0,4,1.522892
164,2022-01-02-08:21:27,4,7,1.849371
165,2022-01-02-08:21:29,7,1,1.628887
166,2022-01-02-08:21:31,1,5,1.947165
167,2022-01-02-08:21:33,5,4,1.882991
168,2022-01-02-08:21:35,4,3,2.035242
169,2022-01-02-08:21:37,3,1,2.327883
170,2022-01-02-08:21:39,1,2,1.950692
171,2022-01-02-08:21:41,2,1,1.968016
172,2022-01-02-08:21:45,1,6,3.680572
173,2022-01-02-08:21:48,6,4,3.442005
174,2022-01-02-08:21:50,4,7,1.888783
175,2022-01-02-08:21:54,7,6,3.985218
176,2022-01-02-08:21:58,6,3,3.721579
177,2022-01-02-08:22:01,3,7,3.285314
178,2022-01-02-08:22:04,7,6,2.602934
179,2022-01-02-08:22:07,6,5,3.326599
180,2022-01-02-08:22:09,5,2,1.619607
181,2022-01-02-08:22:11,2,7,2.543531
182,2022-01-02-08:22:14,7,4,3.030815
183,2022-01-02-08:22:15,4,1,1.312568
184,2022-01-02-08:22:18,1,3,2.319377
185,2022-01-02-08:22:21,3,7,3.356565
186,2022-01-02-08:22:24,7,3,3.201334
187,2022-01-02-08:22:29,3,2,4.345133
188,2022-01-02-08:22:31,2,4,1.823795
189,2022-01-02-08:22:34,4,7,3.391461
190,2022-01-02-08:22:37,7,0,3.048797
191,2022-01-02-08:22:39,0,5,1.927997
192,2022-01-02-08:22:42,5,6,2.726793
193,2022-01-02-08:22:44,6,5,2.691125
194,2022-01-02-08:22:47,5,7,2.561722
195,2022-01-02-08:22:50,7,4,3.202283
196,2022-01-02-08:22:52,4,3,2.117708
197,2022-01-02-08:22:56,3,7,3.760040
198,2022-01-02-08:23:00,7,6,4.030691
199,2022-01-02-08:23:04,6,1,3.709714
200,2022-01-02-08:23:05,1,0,1.053797
201,2022-01-02-08:23:07,0,5,1.884370
202,2022-01-02-08:23:08,5,2,1.509988
203,2022-01-02-08:23:10,2,0,1.698662
204,2022-01-02-08:23:13,0,6,2.791058
205,2022-01-02-08:23:17,6,2,4.105993
206,2022-01-02-08:23:20,2,5,3.763279
207,2022-01-02-08:23:23,5,4,2.034488
208,2022-01-02-08:23:24,4,7,1.848402
209,2022-01-02-08:23:28,7,6,4.037521
210,2022-01-02-08:23:32,6,5,3.404261
211,2022-01-02-08:23:34,5,4,1.929916
212,2022-01-02-08:23:37,4,6,3.431824
213,2022-01-02-08:23:40,6,5,3.201181
214,2022-01-02-08:23:42,5,1,1.891626
215,2022-01-02-08:23:46,1,6,3.606451
216,2022-01-02-08:23:49,6,0,3.449564
217,2022-01-02-08:23:53,0,6,3.490529
218,2022-01-02-08:23:56,6,3,3.640511
219,2022-01-02-08:23:59,3,1,2.323670
220,2022-01-02-08:24:01,1,2,1.934812
221,2022-01-02-08:24:02,2,4,1.724870
222,2022-01-02-08:24:04,4,0,1.488212
223,2022-01-02-08:24:05,0,1,1.065749
224,2022-01-02-08:24:07,1,2,1.947500
225,2022-01-02-08:24:10,2,6,3.106406
226,2022-01-02-08:24:13,6,4,3.428598
227,2022-01-02-08:24:15,4,0,1.521286
228,2022-01-02-08:24:17,0,5,2.181648
229,2022-01-02-08:24:20,5,6,3.060606
230,2022-01-02-08:24:24,6,4,3.954547
231,2022-01-02-08:24:26,4,0,1.522112
232,2022-01-02-08:24:28,0,7,1.891906
233,2022-01-02-08:24:30,7,3,2.191727
234,2022-01-02-08:24:32,3,7,2.123910
235,2022-01-02-08:24:36,7,3,4.136803
236,2022-01-02-08:24:40,3,5,3.518187
237,2022-01-02-08:24:41,5,0,1.893070
238,2022-01-02-08:24:43,0,4,1.488841
239,2022-01-02-08:24:47,4,2,4.135216
240,2022-01-02-08:24:50,2,6,3.091387
241,2022-01-02-08:24:54,6,3,3.671257
242,2022-01-02-08:24:57,3,5,3.098626
243,2022-01-02-08:25:00,5,4,3.497355
244,2022-01-02-08:25:04,4,0,3.701169
245,2022-01-02-08:25:06,0,5,1.992547
246,2022-01-02-08:25:08,5,0,1.853514
247,2022-01-02-08:25:10,0,5,2.087218
248,2022-01-02-08:25:13,5,6,3.127700
249,2022-01-02-08:25:16,6,2,3.136866
250,2022-01-02-08:25:18,2,4,1.788430
251,2022-01-02-08:25:21,4,5,3.268330
252,2022-01-02-08:25:23,5,1,1.891149
253,2022-01-02-08:25:25,1,2,1.939659
254,2022-01-02-08:25:28,2,7,2.526945
255,2022-01-02-08:25:30,7,6,2.527058
256,2022-01-02-08:25:34,6,1,3.637956
257,2022-01-02-08:25:35,1,4,1.283869
258,2022-01-02-08:25:37,4,3,2.066082
259,2022-01-02-08:25:40,3,1,2.422053
260,2022-01-02-08:25:41,1,0,1.025601
261,2022-01-02-08:25:42,0,1,1.093493
262,2022-01-02-08:25:44,1,5,1.993651
263,2022-01-02-08:25:46,5,4,1.833257
264,2022-01-02-08:25:47,4,2,1.822894
265,2022-01-02-08:25:51,2,3,3.042882
266,2022-01-02-08:25:54,3,6,3.118663
267,2022-01-02-08:25:57,6,1,3.743283
268,2022-01-02-08:26:00,1,3,2.249106
269,2022-01-02-08:26:02,3,5,2.253830
270,2022-01-02-08:26:04,5,1,1.884701
271,2022-01-02-08:26:06,1,6,2.688731
272,2022-01-02-08:26:09,6,7,2.620737
273,2022-01-02-08:26:12,7,2,2.737681
274,2022-01-02-08:26:14,2,3,2.586233
275,2022-01-02-08:26:17,3,7,2.134785
276,2022-01-02-08:26:19,7,5,2.616640
277,2022-01-02-08:26:21,5,4,1.925132
278,2022-01-02-08:26:23,4,2,1.857858
279,2022-01-02-08:26:26,2,7,2.596457
280,2022-01-02-08:26:28,7,6,2.586753
281,2022-01-02-08:26:32,6,2,4.170532
282,2022-01-02-08:26:36,2,0,4.036027
283,2022-01-02-08:26:38,0,4,1.532106
284,2022-01-02-08:26:40,4,3,2.038461
285,2022-01-02-08:26:42,3,0,2.496830
286,2022-01-02-08:26:46,0,6,3.448656
287,2022-01-02-08:26:50,6,7,4.040360
288,2022-01-02-08:26:52,7,4,2.128699
289,2022-01-02-08:26:53,4,1,1.315768
290,2022-01-02-08:26:55,1,4,1.318822
291,2022-01-02-08:26:57,4,7,1.857474
292,2022-01-02-08:27:01,7,6,4.244535
293,2022-01-02-08:27:04,6,0,3.689273
294,2022-01-02-08:27:06,0,2,1.723367
295,2022-01-02-08:27:09,2,3,2.736408
296,2022-01-02-08:27:11,3,6,2.016210
297,2022-01-02-08:27:14,6,1,2.761880
298,2022-01-02-08:27:16,1,3,2.256722
299,2022-01-02-08:27:19,3,2,2.593309
300,2022-01-02-08:27:21,2,1,1.992438
301,2022-01-02-08:27:22,1,2,1.953171
302,2022-01-02-08:27:25,2,7,2.591402
303,2022-01-02-08:27:28,7,5,2.627636
304,2022-01-02-08:27:29,5,2,1.518438
305,2022-01-02-08:27:32,2,3,2.996583
306,2022-01-02-08:27:36,3,4,3.445295
307,2022-01-02-08:27:38,4,3,2.057188
308,2022-01-02-08:27:40,3,6,1.982587
309,2022-01-02-08:27:44,6,4,3.830132
310,2022-01-02-08:27:46,4,2,2.347063
311,2022-01-02-08:27:48,2,4,1.833706
312,2022-01-02-08:27:50,4,3,2.126669
313,2022-01-02-08:27:53,3,2,2.752921
314,2022-01-02-08:27:56,2,5,3.801656
315,2022-01-02-08:27:59,5,6,2.689928
316,2022-01-02-08:28:02,6,0,2.834587
317,2022-01-02-08:28:05,0,6,3.490874
318,2022-01-02-08:28:09,6,4,3.598290
319,2022-01-02-08:28:11,4,5,1.782848
320,2022-01-02-08:28:13,5,7,2.566043
321,2022-01-02-08:28:16,7,0,3.060407
322,2022-01-02-08:28:19,0,3,2.529458
323,2022-01-02-08:28:21,3,6,1.988798
324,2022-01-02-08:28:24,6,1,2.644209
325,2022-01-02-08:28:26,1,5,2.087424
326,2022-01-02-08:28:27,5,2,1.491809
327,2022-01-02-08:28:29,2,5,1.507072
328,2022-01-02-08:28:31,5,7,2.562355
329,2022-01-02-08:28:34,7,2,3.117588
330,2022-01-02-08:28:37,2,3,2.789233
331,2022-01-02-08:28:41,3,6,3.446932
332,2022-01-02-08:28:43,6,5,2.701140
333,2022-01-02-08:28:45,5,2,1.524216
334,2022-01-02-08:28:46,2,5,1.488959
335,2022-01-02-08:28:48,5,1,1.957813
336,2022-01-02-08:28:50,1,2,1.940104
337,2022-01-02-08:28:52,2,1,1.933438
338,2022-01-02-08:28:56,1,6,3.556325
339,2022-01-02-08:28:59,6,3,3.137613
340,2022-01-02-08:29:02,3,1,3.462227
341,2022-01-02-08:29:06,1,6,3.591971
342,2022-01-02-08:29:09,6,2,3.197801
343,2022-01-02-08:29:12,2,7,2.997027
344,2022-01-02-08:29:15,7,4,3.269792
345,2022-01-02-08:29:19,4,0,3.631497
346,2022-01-02-08:29:21,0,5,2.134551
347,2022-01-02-08:29:25,5,4,3.534425
348,2022-01-02-08:29:27,4,2,2.018126
349,2022-01-02-08:29:30,2,7,3.128579
350,2022-01-02-08:29:33,7,4,3.325410
351,2022-01-02-08:29:35,4,5,1.754632
352,2022-01-02-08:29:38,5,6,3.143375
353,2022-01-02-08:29:42,6,3,3.919104
354,2022-01-02-08:29:45,3,0,2.590266
355,2022-01-02-08:29:48,0,6,3.427087
356,2022-01-02-08:29:52,6,1,3.602657
357,2022-01-02-08:29:53,1,4,1.279912
358,2022-01-02-08:29:54,4,0,1.527413
359,2022-01-02-08:29:57,0,3,2.407159
360,2022-01-02-08:29:59,3,5,2.188914
361,2022-01-02-08:30:01,5,3,2.356852
362,2022-01-02-08:30:04,3,0,2.361070
363,2022-01-02-08:30:06,0,3,2.490667
364,2022-01-02-08:30:08,3,1,2.231774
365,2022-01-02-08:30:11,1,6,2.726464
366,2022-01-02-08:30:14,6,5,2.939306
367,2022-01-02-08:30:18,5,2,3.596580
368,2022-01-02-08:30:22,2,3,4.548221
369,2022-01-02-08:30:25,3,1,2.711701
370,2022-01-02-08:30:27,1,3,2.241380
371,2022-01-02-08:30:30,3,2,2.657871
372,2022-01-02-08:30:32,2,4,1.749140
373,2022-01-02-08:30:34,4,3,2.130063
374,2022-01-02-08:30:36,3,6,2.027695
375,2022-01-02-08:30:39,6,7,3.312671
376,2022-01-02-08:30:42,7,6,2.552737
377,2022-01-02-08:30:44,6,7,2.589497
378,2022-01-02-08:30:47,7,6,2.560975
379,2022-01-02-08:30:50,6,2,3.093289
380,2022-01-02-08:30:53,2,3,2.935146
381,2022-01-02-08:30:55,3,6,2.019201
382,2022-01-02-08:30:57,6,1,2.688052
383,2022-01-02-08:30:59,1,4,1.292798
384,2022-01-02-08:31:02,4,6,3.428962
385,2022-01-02-08:31:05,6,5,3.250721
386,2022-01-02-08:31:09,5,4,3.393418
387,2022-01-02-08:31:12,4,7,3.131303
388,2022-01-02-08:31:15,7,0,3.091964
389,2022-01-02-08:31:17,0,4,1.522350
390,2022-01-02-08:31:18,4,7,1.854612
391,2022-01-02-08:31:21,7,5,2.837225
392,2022-01-02-08:31:24,5,6,3.067369
393,2022-01-02-08:31:28,6,3,3.215372
394,2022-01-02-08:31:31,3,1,3.434521
395,2022-01-02-08:31:32,1,4,1.294752
396,2022-01-02-08:31:34,4,7,1.858843
397,2022-01-02-08:31:38,7,6,4.148821
398,2022-01-02-08:31:42,6,1,3.669805
399,2022-01-02-08:31:44,1,5,2.117341
400,2022-01-02-08:31:48,5,2,3.554873
401,2022-01-02-08:31:52,2,1,4.144592
402,2022-01-02-08:31:54,1,3,2.246656
403,2022-01-02-08:31:58,3,2,4.331551
404,2022-01-02-08:32:01,2,6,3.039260
405,2022-01-02-08:32:04,6,7,2.600231
406,2022-01-02-08:32:07,7,1,3.304096
407,2022-01-02-08:32:09,1,4,1.283107
408,2022-01-02-08:32:10,4,7,1.866512
409,2022-01-02-08:32:12,7,4,1.852413
410,2022-01-02-08:32:16,4,6,3.432552
411,2022-01-02-08:32:19,6,0,3.467182
412,2022-01-02-08:32:21,0,5,1.897347
413,2022-01-02-08:32:25,5,2,3.768454
414,2022-01-02-08:32:29,2,1,4.373531
415,2022-01-02-08:32:31,1,2,2.024700
416,2022-01-02-08:32:33,2,1,1.926656
417,2022-01-02-08:32:37,1,6,3.545665
418,2022-01-02-08:32:40,6,5,3.100728
419,2022-01-02-08:32:41,5,2,1.524832
420,2022-01-02-08:32:43,2,5,1.498709
421,2022-01-02-08:32:46,5,6,2.661093
422,2022-01-02-08:32:50,6,2,4.205439
423,2022-01-02-08:32:54,2,0,4.039157
424,2022-01-02-08:32:56,0,3,2.390474
425,2022-01-02-08:32:58,3,6,1.998143
426,2022-01-02-08:33:01,6,1,2.656185
427,2022-01-02-08:33:02,1,0,1.022570
428,2022-01-02-08:33:03,0,4,1.492802
429,2022-01-02-08:33:07,4,6,3.440992
430,2022-01-02-08:33:10,6,2,3.059089
431,2022-01-02-08:33:13,2,7,2.630748
432,2022-01-02-08:33:15,7,5,2.626899
433,2022-01-02-08:33:17,5,1,1.970659
434,2022-01-02-08:33:18,1,4,1.322377
435,2022-01-02-08:33:20,4,1,1.330721
436,2022-01-02-08:33:21,1,4,1.317239
437,2022-01-02-08:33:23,4,5,1.755004
438,2022-01-02-08:33:25,5,7,2.571891
439,2022-01-02-08:33:28,7,6,2.585607
440,2022-01-02-08:33:32,6,4,3.594915
441,2022-01-02-08:33:34,4,3,2.050102
442,2022-01-02-08:33:38,3,2,4.509854
443,2022-01-02-08:33:42,2,0,4.102981
444,2022-01-02-08:33:44,0,4,1.515768
445,2022-01-02-08:33:46,4,7,1.872253
446,2022-01-02-08:33:48,7,6,2.634512
447,2022-01-02-08:33:52,6,2,4.234278
448,2022-01-02-08:33:57,2,5,4.171100
449,2022-01-02-08:34:00,5,6,3.103149
450,2022-01-02-08:34:04,6,1,4.158859
451,2022-01-02-08:34:07,1,6,2.830314
452,2022-01-02-08:34:09,6,3,1.949948
453,2022-01-02-08:34:13,3,2,4.253324
454,2022-01-02-08:34:17,2,5,3.741771
455,2022-01-02-08:34:20,5,4,3.259394
456,2022-01-02-08:34:22,4,3,2.128177
457,2022-01-02-08:34:25,3,2,3.091906
458,2022-01-02-08:34:27,2,5,1.524023
459,2022-01-02-08:34:29,5,3,2.197228
460,2022-01-02-08:34:31,3,0,2.403123
461,2022-01-02-08:34:33,0,2,1.721293
462,2022-01-02-08:34:35,2,1,2.008607
463,2022-01-02-08:34:36,1,4,1.285284
464,2022-01-02-08:34:38,4,5,1.740584
465,2022-01-02-08:34:40,5,1,1.905009
466,2022-01-02-08:34:41,1,4,1.293358
467,2022-01-02-08:34:45,4,6,3.447954
468,2022-01-02-08:34:48,6,0,3.470427
469,2022-01-02-08:34:51,0,6,2.787787
470,2022-01-02-08:34:53,6,3,1.988320
471,2022-01-02-08:34:55,3,1,2.366268
472,2022-01-02-08:34:57,1,4,1.315644
473,2022-01-02-08:34:58,4,0,1.544005
474,2022-01-02-08:35:02,0,3,3.349635
475,2022-01-02-08:35:05,3,0,3.357360
476,2022-01-02-08:35:06,0,4,1.513519
477,2022-01-02-08:35:08,4,5,1.826683
478,2022-01-02-08:35:10,5,1,1.896531
479,2022-01-02-08:35:12,1,5,1.921498
480,2022-01-02-08:35:14,5,1,1.893485
481,2022-01-02-08:35:16,1,3,2.427683
482,2022-01-02-08:35:19,3,2,2.590623
483,2022-01-02-08:35:22,2,3,2.595832
484,2022-01-02-08:35:25,3,7,3.308127
485,2022-01-02-08:35:28,7,5,2.664956
486,2022-01-02-08:35:30,5,6,2.692157
487,2022-01-02-08:35:33,6,7,2.642282
488,2022-01-02-08:35:37,7,6,4.029990
489,2022-01-02-08:35:40,6,5,3.169394
490,2022-01-02-08:35:43,5,3,3.046793
491,2022-01-02-08:35:46,3,4,3.364623
492,2022-01-02-08:35:48,4,1,1.302601
493,2022-01-02-08:35:50,1,5,2.087015
494,2022-01-02-08:35:52,5,1,1.928970
495,2022-01-02-08:35:53,1,4,1.340502
496,2022-01-02-08:35:55,4,5,1.759066
497,2022-01-02-08:35:57,5,1,1.984013
498,2022-01-02-08:35:59,1,3,2.249978
499,2022-01-02-08:36:01,3,6,1.997919
500,2022-01-02-08:36:03,6,3,1.955606
501,2022-01-02-08:36:06,3,1,2.407103
502,2022-01-02-08:36:08,1,6,2.636341
503,2022-01-02-08:36:10,6,3,2.030214
504,2022-01-02-08:36:13,3,0,2.687571
505,2022-01-02-08:36:14,0,1,1.046400
506,2022-01-02-08:36:15,1,4,1.289110
507,2022-01-02-08:36:17,4,1,1.320832
508,2022-01-02-08:36:18,1,2,1.930514
509,2022-01-02-08:36:21,2,3,2.605586
510,2022-01-02-08:36:24,3,7,3.288961
511,2022-01-02-08:36:27,7,2,3.063128
512,2022-01-02-08:36:31,2,6,4.093376
513,2022-01-02-08:36:35,6,4,3.784734
514,2022-01-02-08:36:39,4,7,3.276097
515,2022-01-02-08:36:42,7,0,3.061932
516,2022-01-02-08:36:44,0,6,2.836769
517,2022-01-02-08:36:47,6,1,2.827084
518,2022-01-02-08:36:50,1,3,2.328020
519,2022-01-02-08:36:52,3,0,2.318358
520,2022-01-02-08:36:55,0,6,3.451989
521,2022-01-02-08:36:59,6,0,3.549216
522,2022-01-02-08:37:00,0,1,1.129047
523,2022-01-02-08:37:02,1,7,1.772872
524,2022-01-02-08:37:03,7,1,1.657881
525,2022-01-02-08:37:05,1,2,1.968405
526,2022-01-02-08:37:09,2,6,3.428973
527,2022-01-02-08:37:13,6,3,3.650280
528,2022-01-02-08:37:16,3,7,3.299237
529,2022-01-02-08:37:19,7,4,3.227658
530,2022-01-02-08:37:23,4,2,3.448716
531,2022-01-02-08:37:24,2,5,1.498805
532,2022-01-02-08:37:26,5,0,2.118770
533,2022-01-02-08:37:30,0,3,3.447783
534,2022-01-02-08:37:33,3,4,3.435507
535,2022-01-02-08:37:37,4,2,4.102367
536,2022-01-02-08:37:41,2,1,4.275724
537,2022-01-02-08:37:44,1,3,2.340050
538,2022-01-02-08:37:46,3,1,2.426359
539,2022-01-02-08:37:50,1,3,3.501214
540,2022-01-02-08:37:53,3,2,3.036181
541,2022-01-02-08:37:55,2,7,2.588826
542,2022-01-02-08:37:59,7,3,4.113536
543,2022-01-02-08:38:03,3,1,3.775926
544,2022-01-02-08:38:07,1,6,3.575629
545,2022-01-02-08:38:10,6,4,3.512689
546,2022-01-02-08:38:14,4,6,3.769797
547,2022-01-02-08:38:17,6,0,2.850169
548,2022-01-02-08:38:19,0,3,2.600113
549,2022-01-02-08:38:22,3,1,2.252540
550,2022-01-02-08:38:23,1,0,1.054304
551,2022-01-02-08:38:24,0,1,1.044339
552,2022-01-02-08:38:26,1,7,1.660925
553,2022-01-02-08:38:27,7,1,1.724683
554,2022-01-02-08:38:29,1,5,2.095254
555,2022-01-02-08:38:32,5,7,2.575083
556,2022-01-02-08:38:34,7,6,2.547960
557,2022-01-02-08:38:37,6,7,2.639777
558,2022-01-02-08:38:40,7,0,3.059512
559,2022-01-02-08:38:42,0,4,1.524282
560,2022-01-02-08:38:44,4,3,2.070008
561,2022-01-02-08:38:47,3,7,3.335597
562,2022-01-02-08:38:50,7,1,3.259112
563,2022-01-02-08:38:52,1,4,1.319395
564,2022-01-02-08:38:53,4,5,1.751559
565,2022-01-02-08:38:56,5,7,2.548802
566,2022-01-02-08:38:59,7,6,2.609927
567,2022-01-02-08:39:02,6,0,3.554743
568,2022-01-02-08:39:04,0,2,1.690306
569,2022-01-02-08:39:06,2,4,1.754223
570,2022-01-02-08:39:07,4,1,1.321970
571,2022-01-02-08:39:09,1,2,1.957422
572,2022-01-02-08:39:10,2,5,1.514745
573,2022-01-02-08:39:14,5,2,3.736679
574,2022-01-02-08:39:19,2,7,4.461427
575,2022-01-02-08:39:21,7,5,2.627442
576,2022-01-02-08:39:23,5,0,2.026595
577,2022-01-02-08:39:26,0,3,2.540878
578,2022-01-02-08:39:28,3,5,2.209497
579,2022-01-02-08:39:31,5,6,3.066902
580,2022-01-02-08:39:35,6,4,3.486347
581,2022-01-02-08:39:37,4,2,2.169536
582,2022-01-02-08:39:38,2,4,1.796570
583,2022-01-02-08:39:40,4,1,1.326296
584,2022-01-02-08:39:41,1,4,1.350758
585,2022-01-02-08:39:43,4,3,2.041697
586,2022-01-02-08:39:46,3,5,2.818565
587,2022-01-02-08:39:50,5,2,4.027048
588,2022-01-02-08:39:54,2,3,4.266497
589,2022-01-02-08:39:57,3,0,2.567189
590,2022-01-02-08:40:00,0,3,3.498001
591,2022-01-02-08:40:04,3,6,3.588691
592,2022-01-02-08:40:07,6,7,2.735227
593,2022-01-02-08:40:11,7,6,4.061452
594,2022-01-02-08:40:14,6,0,3.448535
595,2022-01-02-08:40:16,0,4,1.539714
596,2022-01-02-08:40:19,4,6,3.446972
597,2022-01-02-08:40:22,6,3,3.202801
598,2022-01-02-08:40:27,3,1,4.157123
599,2022-01-02-08:40:28,1,0,1.053811
600,2022-01-02-08:40:29,0,1,1.077799
601,2022-01-02-08:40:31,1,5,1.928420
602,2022-01-02-08:40:34,5,6,3.096807
603,2022-01-02-08:40:37,6,5,3.132632
604,2022-01-02-08:40:39,5,1,1.915322
605,2022-01-02-08:40:41,1,5,1.983657
606,2022-01-02-08:40:43,5,3,2.324571
607,2022-01-02-08:40:46,3,7,3.342284
608,2022-01-02-08:40:49,7,5,2.787361
609,2022-01-02-08:40:52,5,7,2.635002
610,2022-01-02-08:40:55,7,3,3.267093
611,2022-01-02-08:40:57,3,6,2.029412
612,2022-01-02-08:41:00,6,1,3.100549
613,2022-01-02-08:41:01,1,0,1.054395
614,2022-01-02-08:41:04,0,3,2.395674
615,2022-01-02-08:41:06,3,6,1.989718
616,2022-01-02-08:41:09,6,7,3.317597
617,2022-01-02-08:41:12,7,2,3.041678
618,2022-01-02-08:41:16,2,7,4.426765
619,2022-01-02-08:41:18,7,4,1.902229
620,2022-01-02-08:41:20,4,1,1.321387
621,2022-01-02-08:41:21,1,7,1.681328
622,2022-01-02-08:41:24,7,6,2.636438
623,2022-01-02-08:41:28,6,2,4.118750
624,2022-01-02-08:41:32,2,1,4.180088
625,2022-01-02-08:41:34,1,4,1.339044
626,2022-01-02-08:41:36,4,3,2.039016
627,2022-01-02-08:41:38,3,4,2.043445
628,2022-01-02-08:41:39,4,0,1.570895
629,2022-01-02-08:41:41,0,4,1.521448
630,2022-01-02-08:41:44,4,6,3.457018
631,2022-01-02-08:41:48,6,1,3.566906
632,2022-01-02-08:41:51,1,6,2.903303
633,2022-01-02-08:41:53,6,3,2.032032
634,2022-01-02-08:41:56,3,7,3.240833
635,2022-01-02-08:41:59,7,5,2.744039
636,2022-01-02-08:42:01,5,1,2.054623
637,2022-01-02-08:42:02,1,0,1.116563
638,2022-01-02-08:42:04,0,5,1.893806
639,2022-01-02-08:42:06,5,1,2.148948
640,2022-01-02-08:42:07,1,0,1.060528
641,2022-01-02-08:42:11,0,6,3.476512
642,2022-01-02-08:42:14,6,2,3.112683
643,2022-01-02-08:42:18,2,1,4.141201
644,2022-01-02-08:42:20,1,2,1.898625
645,2022-01-02-08:42:21,2,0,1.746563
646,2022-01-02-08:42:23,0,7,1.930089
647,2022-01-02-08:42:25,7,4,1.911750
648,2022-01-02-08:42:27,4,0,1.516916
649,2022-01-02-08:42:29,0,3,2.342378
650,2022-01-02-08:42:31,3,5,2.342669
651,2022-01-02-08:42:35,5,6,3.134924
652,2022-01-02-08:42:38,6,4,3.460727
653,2022-01-02-08:42:42,4,6,3.462021
654,2022-01-02-08:42:45,6,4,3.204348
655,2022-01-02-08:42:47,4,2,2.054870
656,2022-01-02-08:42:49,2,4,1.790041
657,2022-01-02-08:42:53,4,1,4.277589
658,2022-01-02-08:42:55,1,3,2.373993
659,2022-01-02-08:42:57,3,1,2.268988
660,2022-01-02-08:43:00,1,5,2.135573
661,2022-01-02-08:43:02,5,0,1.925234
662,2022-01-02-08:43:03,0,2,1.719231
663,2022-01-02-08:43:06,2,3,3.052965
664,2022-01-02-08:43:10,3,1,3.434874
665,2022-01-02-08:43:13,1,6,3.551409
666,2022-01-02-08:43:17,6,1,3.705004
667,2022-01-02-08:43:21,1,6,3.556086
668,2022-01-02-08:43:25,6,7,3.994418
669,2022-01-02-08:43:27,7,6,2.649925
670,2022-01-02-08:43:29,6,3,1.977536
671,2022-01-02-08:43:31,3,7,2.142238
672,2022-01-02-08:43:34,7,2,2.604516
673,2022-01-02-08:43:36,2,4,1.762283
674,2022-01-02-08:43:37,4,0,1.538075
675,2022-01-02-08:43:40,0,6,2.818534
676,2022-01-02-08:43:43,6,1,2.622505
677,2022-01-02-08:43:46,1,6,3.643435
678,2022-01-02-08:43:49,6,2,3.108927
679,2022-01-02-08:43:53,2,0,3.917005
680,2022-01-02-08:43:55,0,5,1.902656
681,2022-01-02-08:43:59,5,4,3.656577
682,2022-01-02-08:44:03,4,0,3.978645
683,2022-01-02-08:44:06,0,6,3.582854
684,2022-01-02-08:44:10,6,2,3.166559
685,2022-01-02-08:44:13,2,6,3.141543
686,2022-01-02-08:44:16,6,0,2.795263
687,2022-01-02-08:44:18,0,3,2.393325
688,2022-01-02-08:44:21,3,7,3.315145
689,2022-01-02-08:44:25,7,3,3.220076
690,2022-01-02-08:44:27,3,1,2.335537
691,2022-01-02-08:44:30,1,6,2.748502
692,2022-01-02-08:44:33,6,5,3.133222
693,2022-01-02-08:44:34,5,2,1.541118
694,2022-01-02-08:44:37,2,3,3.206426
695,2022-01-02-08:44:40,3,2,2.653984
696,2022-01-02-08:44:44,2,1,4.255413
697,2022-01-02-08:44:46,1,7,1.695167
698,2022-01-02-08:44:49,7,2,2.608728
699,2022-01-02-08:44:51,2,4,1.812888
700,2022-01-02-08:44:52,4,0,1.519542
701,2022-01-02-08:44:54,0,7,1.893259
702,2022-01-02-08:44:57,7,2,2.636181
703,2022-01-02-08:45:00,2,3,3.044240
704,2022-01-02-08:45:03,3,5,3.124612
705,2022-01-02-08:45:05,5,3,2.187424
706,2022-01-02-08:45:07,3,6,2.050403
707,2022-01-02-08:45:10,6,7,2.597887
708,2022-01-02-08:45:12,7,5,2.752112
709,2022-01-02-08:45:15,5,7,2.634863
710,2022-01-02-08:45:19,7,1,3.664917
711,2022-01-02-08:45:21,1,3,2.338064
712,2022-01-02-08:45:23,3,4,2.046032
713,2022-01-02-08:45:25,4,5,1.747637
714,2022-01-02-08:45:27,5,6,2.663633
715,2022-01-02-08:45:30,6,0,3.038393
716,2022-01-02-08:45:32,0,4,1.519346
717,2022-01-02-08:45:34,4,3,2.076642
718,2022-01-02-08:45:39,3,2,4.508012
719,2022-01-02-08:45:42,2,6,3.137329
720,2022-01-02-08:45:45,6,4,3.494743
721,2022-01-02-08:45:49,4,6,3.444511
722,2022-01-02-08:45:52,6,2,3.302907
723,2022-01-02-08:45:57,2,7,4.601314
724,2022-01-02-08:45:59,7,6,2.642926
725,2022-01-02-08:46:02,6,1,3.190845
726,2022-01-02-08:46:05,1,5,2.146883
727,2022-01-02-08:46:07,5,3,2.473951
728,2022-01-02-08:46:09,3,1,2.280409
729,2022-01-02-08:46:11,1,5,1.931538
730,2022-01-02-08:46:14,5,7,2.642600
731,2022-01-02-08:46:17,7,4,3.316485
732,2022-01-02-08:46:21,4,6,3.753327
733,2022-01-02-08:46:24,6,7,3.331463
734,2022-01-02-08:46:27,7,5,2.630545
735,2022-01-02-08:46:28,5,2,1.546109
736,2022-01-02-08:46:30,2,5,1.599448
737,2022-01-02-08:46:33,5,6,3.079054
738,2022-01-02-08:46:36,6,3,3.142781
739,2022-01-02-08:46:40,3,0,3.279343
740,2022-01-02-08:46:41,0,1,1.048893
741,2022-01-02-08:46:43,1,2,2.007549
742,2022-01-02-08:46:46,2,3,3.450536
743,2022-01-02-08:46:50,3,5,3.539102
744,2022-01-02-08:46:52,5,1,1.935843
745,2022-01-02-08:46:53,1,4,1.296880
746,2022-01-02-08:46:55,4,2,1.830316
747,2022-01-02-08:46:57,2,3,2.652178
748,2022-01-02-08:47:00,3,1,2.345611
749,2022-01-02-08:47:01,1,0,1.044936
750,2022-01-02-08:47:02,0,1,1.037805
751,2022-01-02-08:47:05,1,6,3.610311
752,2022-01-02-08:47:09,6,2,3.194830
753,2022-01-02-08:47:13,2,6,4.097127
754,2022-01-02-08:47:17,6,2,4.165219
755,2022-01-02-08:47:21,2,6,4.074387
756,2022-01-02-08:47:24,6,1,2.723028
757,2022-01-02-08:47:25,1,4,1.321897
758,2022-01-02-08:47:29,4,2,4.194409
759,2022-01-02-08:47:32,2,3,2.764653
760,2022-01-02-08:47:35,3,2,3.115690
761,2022-01-02-08:47:37,2,1,1.967403
762,2022-01-02-08:47:40,1,6,2.730172
763,2022-01-02-08:47:42,6,3,2.052649
764,2022-01-02-08:47:44,3,5,2.205535
765,2022-01-02-08:47:47,5,3,3.150524
766,2022-01-02-08:47:51,3,7,3.872304
767,2022-01-02-08:47:54,7,3,2.805551
768,2022-01-02-08:47:57,3,7,3.309806
769,2022-01-02-08:48:01,7,1,3.593108
770,2022-01-02-08:48:03,1,5,2.009443
771,2022-01-02-08:48:05,5,0,2.059858
772,2022-01-02-08:48:08,0,6,3.511923
773,2022-01-02-08:48:12,6,7,4.008456
774,2022-01-02-08:48:15,7,2,2.673224
775,2022-01-02-08:48:18,2,6,3.367463
776,2022-01-02-08:48:22,6,1,3.862750
777,2022-01-02-08:48:24,1,3,2.260293
778,2022-01-02-08:48:27,3,0,2.650767
779,2022-01-02-08:48:29,0,7,1.965460
780,2022-01-02-08:48:31,7,4,1.997594
781,2022-01-02-08:48:33,4,7,1.875489
782,2022-01-02-08:48:35,7,3,2.533624
783,2022-01-02-08:48:38,3,5,2.556289
784,2022-01-02-08:48:40,5,0,2.010715
785,2022-01-02-08:48:41,0,1,1.105137
786,2022-01-02-08:48:44,1,6,2.749683
787,2022-01-02-08:48:47,6,1,2.852145
788,2022-01-02-08:48:48,1,7,1.658532
789,2022-01-02-08:48:50,7,4,1.991984
790,2022-01-02-08:48:52,4,2,1.917333
791,2022-01-02-08:48:55,2,3,2.878881
792,2022-01-02-08:48:58,3,5,2.317636
793,2022-01-02-08:49:01,5,2,3.692232
794,2022-01-02-08:49:05,2,1,4.100910
795,2022-01-02-08:49:09,1,6,3.860677
796,2022-01-02-08:49:13,6,1,3.773724
797,2022-01-02-08:49:15,1,3,2.399796
798,2022-01-02-08:49:18,3,0,2.562214
799,2022-01-02-08:49:21,0,6,2.860551
800,2022-01-02-08:49:24,6,1,2.841102
801,2022-01-02-08:49:25,1,0,1.071903
802,2022-01-02-08:49:27,0,5,2.036836
803,2022-01-02-08:49:29,5,1,2.057885
804,2022-01-02-08:49:31,1,5,1.997743
805,2022-01-02-08:49:33,5,0,1.922983
806,2022-01-02-08:49:34,0,2,1.736821
807,2022-01-02-08:49:36,2,4,1.752501
808,2022-01-02-08:49:38,4,5,1.768331
809,2022-01-02-08:49:41,5,7,2.606520
810,2022-01-02-08:49:44,7,0,3.069866
811,2022-01-02-08:49:45,0,4,1.591852
812,2022-01-02-08:49:47,4,1,1.329891
813,2022-01-02-08:49:49,1,3,2.225366
814,2022-01-02-08:49:51,3,4,2.095032
815,2022-01-02-08:49:52,4,1,1.329811
816,2022-01-02-08:49:53,1,0,1.097990
817,2022-01-02-08:49:55,0,4,1.530721
818,2022-01-02-08:49:57,4,5,1.766884
819,2022-01-02-08:49:58,5,4,1.799255
820,2022-01-02-08:50:00,4,1,1.318704
821,2022-01-02-08:50:01,1,7,1.660058
822,2022-01-02-08:50:04,7,5,2.548445
823,2022-01-02-08:50:06,5,4,1.924305
824,2022-01-02-08:50:08,4,3,2.058330
825,2022-01-02-08:50:10,3,1,2.426479
826,2022-01-02-08:50:12,1,4,1.314503
827,2022-01-02-08:50:14,4,7,1.867588
828,2022-01-02-08:50:16,7,5,2.600606
829,2022-01-02-08:50:19,5,3,3.101014
830,2022-01-02-08:50:22,3,2,3.027674
831,2022-01-02-08:50:24,2,5,1.519616
832,2022-01-02-08:50:27,5,4,3.427132
833,2022-01-02-08:50:29,4,3,2.114363
834,2022-01-02-08:50:32,3,6,3.128613
835,2022-01-02-08:50:36,6,4,3.614479
836,2022-01-02-08:50:38,4,0,1.538129
837,2022-01-02-08:50:41,0,6,3.466893
838,2022-01-02-08:50:45,6,1,3.553758
839,2022-01-02-08:50:48,1,3,3.432952
840,2022-01-02-08:50:52,3,7,3.784230
841,2022-01-02-08:50:54,7,0,2.536798
842,2022-01-02-08:50:56,0,5,1.823167
843,2022-01-02-08:50:59,5,6,2.707206
844,2022-01-02-08:51:02,6,1,2.702698
845,2022-01-02-08:51:05,1,6,3.539158
846,2022-01-02-08:51:09,6,4,3.434966
847,2022-01-02-08:51:12,4,5,3.387085
848,2022-01-02-08:51:14,5,3,2.229503
849,2022-01-02-08:51:17,3,2,2.677554
850,2022-01-02-08:51:19,2,0,1.721130
851,2022-01-02-08:51:20,0,4,1.491896
852,2022-01-02-08:51:22,4,2,1.887621
853,2022-01-02-08:51:24,2,4,1.781204
854,2022-01-02-08:51:26,4,3,2.068021
855,2022-01-02-08:51:29,3,7,3.346231
856,2022-01-02-08:51:32,7,6,2.630681
857,2022-01-02-08:51:35,6,2,3.201754
858,2022-01-02-08:51:37,2,1,1.971896
859,2022-01-02-08:51:39,1,5,2.024893
860,2022-01-02-08:51:41,5,1,1.924748
861,2022-01-02-08:51:42,1,0,1.036758
862,2022-01-02-08:51:44,0,7,1.926829
863,2022-01-02-08:51:47,7,5,2.712214
864,2022-01-02-08:51:50,5,6,3.139486
865,2022-01-02-08:51:54,6,3,3.812410
866,2022-01-02-08:51:56,3,0,2.401208
867,2022-01-02-08:51:59,0,3,3.313940
868,2022-01-02-08:52:03,3,0,3.311755
869,2022-01-02-08:52:05,0,7,1.980796
870,2022-01-02-08:52:06,7,4,1.929956
871,2022-01-02-08:52:08,4,0,1.525413
872,2022-01-02-08:52:11,0,3,2.529738
873,2022-01-02-08:52:13,3,4,2.051695
874,2022-01-02-08:52:15,4,7,1.919602
875,2022-01-02-08:52:16,7,4,1.869094
876,2022-01-02-08:52:18,4,0,1.498702
877,2022-01-02-08:52:21,0,6,3.443800
878,2022-01-02-08:52:25,6,0,3.729502
879,2022-01-02-08:52:27,0,2,1.722241
880,2022-01-02-08:52:29,2,4,1.783362
881,2022-01-02-08:52:30,4,5,1.745006
882,2022-01-02-08:52:32,5,4,1.830810
883,2022-01-02-08:52:34,4,3,2.166574
884,2022-01-02-08:52:39,3,2,4.397459
885,2022-01-02-08:52:42,2,5,3.650452
886,2022-01-02-08:52:45,5,6,3.136262
887,2022-01-02-08:52:49,6,3,3.647304
888,2022-01-02-08:52:51,3,6,2.022921
889,2022-01-02-08:52:53,6,3,2.031838
890,2022-01-02-08:52:55,3,4,2.130903
891,2022-01-02-08:52:57,4,5,1.738651
892,2022-01-02-08:52:59,5,0,1.935309
893,2022-01-02-08:53:00,0,4,1.493817
894,2022-01-02-08:53:02,4,0,1.491445
895,2022-01-02-08:53:05,0,6,3.493526
896,2022-01-02-08:53:09,6,4,3.485420
897,2022-01-02-08:53:12,4,6,3.438333
898,2022-01-02-08:53:16,6,4,3.526572
899,2022-01-02-08:53:18,4,7,1.858906
900,2022-01-02-08:53:19,7,1,1.669814
901,2022-01-02-08:53:21,1,2,2.018436
902,2022-01-02-08:53:23,2,1,2.003012
903,2022-01-02-08:53:25,1,5,1.927969
904,2022-01-02-08:53:28,5,3,2.391769
905,2022-01-02-08:53:30,3,4,2.083467
906,2022-01-02-08:53:33,4,6,3.449273
907,2022-01-02-08:53:37,6,4,3.446046
908,2022-01-02-08:53:40,4,6,3.448307
909,2022-01-02-08:53:44,6,4,3.722545
910,2022-01-02-08:53:45,4,1,1.351530
911,2022-01-02-08:53:49,1,6,3.710910
912,2022-01-02-08:53:52,6,7,2.653447
913,2022-01-02-08:53:54,7,5,2.670410
914,2022-01-02-08:53:58,5,2,3.605892
915,2022-01-02-08:54:01,2,6,3.106208
916,2022-01-02-08:54:05,6,7,4.076747
917,2022-01-02-08:54:07,7,4,1.881159
918,2022-01-02-08:54:09,4,7,1.860677
919,2022-01-02-08:54:11,7,2,2.609398
920,2022-01-02-08:54:13,2,0,1.758729
921,2022-01-02-08:54:15,0,4,1.523162
922,2022-01-02-08:54:17,4,2,1.796113
923,2022-01-02-08:54:19,2,3,2.623231
924,2022-01-02-08:54:21,3,6,2.023845
925,2022-01-02-08:54:24,6,4,2.653268
926,2022-01-02-08:54:27,4,6,3.472630
927,2022-01-02-08:54:31,6,0,3.451724
928,2022-01-02-08:54:33,0,3,2.376729
929,2022-01-02-08:54:35,3,1,2.255752
930,2022-01-02-08:54:39,1,6,3.568201
931,2022-01-02-08:54:43,6,4,3.546675
932,2022-01-02-08:54:44,4,7,1.897839
933,2022-01-02-08:54:47,7,6,2.602519
934,2022-01-02-08:54:50,6,4,2.597921
935,2022-01-02-08:54:53,4,6,3.419440
936,2022-01-02-08:54:57,6,0,3.601899
937,2022-01-02-08:55:00,0,6,3.548393
938,2022-01-02-08:55:04,6,4,3.609025
939,2022-01-02-08:55:06,4,5,1.777776
940,2022-01-02-08:55:08,5,7,2.613160
941,2022-01-02-08:55:11,7,2,2.553624
942,2022-01-02-08:55:13,2,1,1.942033
943,2022-01-02-08:55:16,1,3,3.380619
944,2022-01-02-08:55:19,3,5,3.164134
945,2022-01-02-08:55:23,5,4,3.298167
946,2022-01-02-08:55:26,4,7,3.205107
947,2022-01-02-08:55:29,7,0,3.106262
948,2022-01-02-08:55:30,0,4,1.521455
949,2022-01-02-08:55:32,4,5,1.757036
950,2022-01-02-08:55:34,5,0,1.882746
951,2022-01-02-08:55:35,0,1,1.033842
952,2022-01-02-08:55:36,1,4,1.302968
953,2022-01-02-08:55:38,4,3,2.036869
954,2022-01-02-08:55:41,3,1,2.251459
955,2022-01-02-08:55:42,1,7,1.698540
956,2022-01-02-08:55:45,7,3,2.213351
957,2022-01-02-08:55:47,3,6,1.958403
958,2022-01-02-08:55:49,6,5,2.760130
959,2022-01-02-08:55:51,5,2,1.554954
960,2022-01-02-08:55:52,2,5,1.523468
961,2022-01-02-08:55:54,5,1,1.930590
962,2022-01-02-08:55:57,1,3,2.346479
963,2022-01-02-08:56:01,3,2,4.231438
964,2022-01-02-08:56:05,2,7,4.457598
965,2022-01-02-08:56:09,7,6,4.171276
966,2022-01-02-08:56:13,6,5,3.111731
967,2022-01-02-08:56:15,5,0,1.935479
968,2022-01-02-08:56:16,0,7,1.937193
969,2022-01-02-08:56:18,7,1,1.744177
970,2022-01-02-08:56:20,1,3,2.205977
971,2022-01-02-08:56:23,3,4,2.107298
972,2022-01-02-08:56:24,4,5,1.784910
973,2022-01-02-08:56:26,5,0,1.960626
974,2022-01-02-08:56:28,0,5,1.903633
975,2022-01-02-08:56:32,5,4,3.349041
976,2022-01-02-08:56:35,4,5,3.226368
977,2022-01-02-08:56:38,5,6,3.124153
978,2022-01-02-08:56:41,6,5,3.131180
979,2022-01-02-08:56:43,5,4,1.798625
980,2022-01-02-08:56:45,4,5,1.754824
981,2022-01-02-08:56:47,5,0,2.045615
982,2022-01-02-08:56:48,0,1,1.055905
983,2022-01-02-08:56:50,1,6,2.766058
984,2022-01-02-08:56:53,6,0,2.853050
985,2022-01-02-08:56:56,0,6,2.890652
986,2022-01-02-08:56:59,6,5,2.656492
987,2022-01-02-08:57:01,5,0,2.214245
988,2022-01-02-08:57:03,0,2,1.702324
989,2022-01-02-08:57:05,2,1,1.945826
990,2022-01-02-08:57:08,1,6,3.678990
991,2022-01-02-08:57:12,6,4,3.544064
992,2022-01-02-08:57:14,4,3,2.098184
993,2022-01-02-08:57:16,3,5,2.294022
994,2022-01-02-08:57:18,5,0,2.010537
995,2022-01-02-08:57:20,0,7,1.933438
996,2022-01-02-08:57:23,7,5,2.729373
997,2022-01-02-08:57:25,5,0,1.934878
998,2022-01-02-08:57:27,0,7,2.014775
999,2022-01-02-08:57:29,7,3,2.140774
1000,2022-01-02-08:57:31,3,1,2.299557
1001,2022-01-02-08:57:33,1,2,1.972533
1002,2022-01-02-08:57:35,2,1,1.974369
1003,2022-01-02-08:57:39,1,6,3.563815
1004,2022-01-02-08:57:42,6,5,3.136952
1005,2022-01-02-08:57:46,5,2,3.743366
1006,2022-01-02-08:57:50,2,6,4.119143
1007,2022-01-02-08:57:53,6,0,2.874303
1008,2022-01-02-08:57:54,0,4,1.528092
1009,2022-01-02-08:57:56,4,3,2.034470
1010,2022-01-02-08:57:59,3,1,2.609910
1011,2022-01-02-08:58:01,1,5,1.937410
1012,2022-01-02-08:58:04,5,6,3.153798
1013,2022-01-02-08:58:07,6,4,3.212087
1014,2022-01-02-08:58:09,4,3,2.157509
1015,2022-01-02-08:58:13,3,6,3.162867
1016,2022-01-02-08:58:16,6,0,3.517782
1017,2022-01-02-08:58:17,0,1,1.094931
1018,2022-01-02-08:58:19,1,2,2.000008
1019,2022-01-02-08:58:21,2,1,1.985326
1020,2022-01-02-08:58:25,1,6,3.649972
1021,2022-01-02-08:58:28,6,2,3.094045
1022,2022-01-02-08:58:32,2,0,3.950145
1023,2022-01-02-08:58:35,0,6,2.796740
1024,2022-01-02-08:58:37,6,1,2.796732
1025,2022-01-02-08:58:40,1,6,2.703684
1026,2022-01-02-08:58:43,6,4,2.737367
1027,2022-01-02-08:58:45,4,7,1.962571
1028,2022-01-02-08:58:48,7,5,2.797996
1029,2022-01-02-08:58:50,5,1,1.925951
1030,2022-01-02-08:58:51,1,7,1.714538
1031,2022-01-02-08:58:55,7,6,4.069043
1032,2022-01-02-08:58:59,6,3,3.748714
1033,2022-01-02-08:59:02,3,1,2.397514
1034,2022-01-02-08:59:04,1,5,2.128275
1035,2022-01-02-08:59:06,5,1,1.980599
1036,2022-01-02-08:59:07,1,4,1.336990
1037,2022-01-02-08:59:10,4,6,3.443655
1038,2022-01-02-08:59:14,6,1,3.643167
1039,2022-01-02-08:59:16,1,5,1.993353
1040,2022-01-02-08:59:20,5,2,3.746082
1041,2022-01-02-08:59:24,2,5,3.840869
1042,2022-01-02-08:59:27,5,4,3.340199
1043,2022-01-02-08:59:30,4,6,3.327968
1044,2022-01-02-08:59:33,6,5,3.097612
1045,2022-01-02-08:59:35,5,0,1.983732
1046,2022-01-02-08:59:39,0,6,3.538108
1047,2022-01-02-08:59:43,6,1,3.620836
1048,2022-01-02-08:59:44,1,5,1.885921
1049,2022-01-02-08:59:47,5,7,2.567998
1050,2022-01-02-08:59:50,7,5,2.604794
1051,2022-01-02-08:59:52,5,0,2.059544
1052,2022-01-02-08:59:54,0,7,1.960409
1053,2022-01-02-08:59:56,7,0,1.959490
1054,2022-01-02-08:59:58,0,3,2.409711
1055,2022-01-02-09:00:00,3,6,2.097407
1056,2022-01-02-09:00:03,6,5,2.854157
1057,2022-01-02-09:00:06,5,6,3.111781
1058,2022-01-02-09:00:10,6,1,3.679332
1059,2022-01-02-09:00:11,1,0,1.088176
1060,2022-01-02-09:00:13,0,3,2.544024
1061,2022-01-02-09:00:16,3,2,2.642678
1062,2022-01-02-09:00:18,2,1,1.935467
1063,2022-01-02-09:00:19,1,4,1.327582
1064,2022-01-02-09:00:21,4,3,2.091688
1065,2022-01-02-09:00:25,3,7,3.274168
1066,2022-01-02-09:00:27,7,6,2.603838
1067,2022-01-02-09:00:31,6,2,3.361880
1068,2022-01-02-09:00:34,2,6,3.141671
1069,2022-01-02-09:00:37,6,0,3.533885
1070,2022-01-02-09:00:39,0,4,1.531965
1071,2022-01-02-09:00:40,4,0,1.521373
1072,2022-01-02-09:00:42,0,7,1.934845
1073,2022-01-02-09:00:46,7,6,4.062404
1074,2022-01-02-09:00:49,6,2,3.066453
1075,2022-01-02-09:00:52,2,7,2.551514
1076,2022-01-02-09:00:54,7,0,1.939263
1077,2022-01-02-09:00:55,0,4,1.584235
1078,2022-01-02-09:00:58,4,3,2.129854
1079,2022-01-02-09:01:02,3,2,4.252710
1080,2022-01-02-09:01:06,2,7,4.470986
1081,2022-01-02-09:01:08,7,0,1.985908
1082,2022-01-02-09:01:09,0,1,1.098940
1083,2022-01-02-09:01:11,1,0,1.160058
1084,2022-01-02-09:01:12,0,2,1.795577
1085,2022-01-02-09:01:15,2,3,2.614485
1086,2022-01-02-09:01:17,3,6,2.066855
1087,2022-01-02-09:01:19,6,3,2.015493
1088,2022-01-02-09:01:21,3,6,2.039588
1089,2022-01-02-09:01:24,6,7,2.634857
1090,2022-01-02-09:01:26,7,3,2.240084
1091,2022-01-02-09:01:28,3,4,2.087493
1092,2022-01-02-09:01:29,4,1,1.331120
1093,2022-01-02-09:01:31,1,4,1.369221
1094,2022-01-02-09:01:34,4,6,3.481037
1095,2022-01-02-09:01:38,6,1,3.605323
1096,2022-01-02-09:01:39,1,4,1.341160
1097,2022-01-02-09:01:43,4,6,3.450043
1098,2022-01-02-09:01:46,6,0,3.572582
1099,2022-01-02-09:01:48,0,5,1.955652
1100,2022-01-02-09:01:50,5,4,1.851987
1101,2022-01-02-09:01:53,4,6,3.451505
1102,2022-01-02-09:01:57,6,4,3.467778
1103,2022-01-02-09:01:59,4,2,1.814097
1104,2022-01-02-09:02:01,2,7,2.534521
1105,2022-01-02-09:02:04,7,2,3.093867
1106,2022-01-02-09:02:09,2,1,4.145600
1107,2022-01-02-09:02:10,1,7,1.743317
1108,2022-01-02-09:02:13,7,5,2.902131
1109,2022-01-02-09:02:15,5,0,2.008837
1110,2022-01-02-09:02:17,0,4,1.546026
1111,2022-01-02-09:02:19,4,7,1.893781
1112,2022-01-02-09:02:21,7,3,2.174278
1113,2022-01-02-09:02:23,3,1,2.312511
1114,2022-01-02-09:02:24,1,0,1.060736
1115,2022-01-02-09:02:25,0,1,1.052821
1116,2022-01-02-09:02:26,1,0,1.064197
1117,2022-01-02-09:02:28,0,2,1.750707
1118,2022-01-02-09:02:30,2,0,1.695388
1119,2022-01-02-09:02:33,0,3,3.391817
1120,2022-01-02-09:02:37,3,7,3.844190
1121,2022-01-02-09:02:42,7,2,4.521085
1122,2022-01-02-09:02:45,2,0,3.932617
1123,2022-01-02-09:02:48,0,3,2.464919
1124,2022-01-02-09:02:50,3,1,2.367380
1125,2022-01-02-09:02:52,1,5,2.033951
1126,2022-01-02-09:02:54,5,1,1.966571
1127,2022-01-02-09:02:56,1,5,2.110555
1128,2022-01-02-09:02:59,5,3,2.409230
1129,2022-01-02-09:03:01,3,0,2.375635
1130,2022-01-02-09:03:04,0,6,2.836545
1131,2022-01-02-09:03:08,6,4,3.785841
1132,2022-01-02-09:03:11,4,2,3.278338
1133,2022-01-02-09:03:13,2,0,1.721951
1134,2022-01-02-09:03:15,0,7,1.947511
1135,2022-01-02-09:03:17,7,4,1.932191
1136,2022-01-02-09:03:19,4,3,2.100793
1137,2022-01-02-09:03:21,3,1,2.274330
1138,2022-01-02-09:03:23,1,7,1.742713
1139,2022-01-02-09:03:27,7,6,4.195380
1140,2022-01-02-09:03:30,6,5,3.138512
1141,2022-01-02-09:03:32,5,1,2.080195
1142,2022-01-02-09:03:35,1,3,2.314784
1143,2022-01-02-09:03:37,3,4,2.114948
1144,2022-01-02-09:03:39,4,2,1.894235
1145,2022-01-02-09:03:42,2,6,3.142132
1146,2022-01-02-09:03:45,6,5,3.556134
1147,2022-01-02-09:03:48,5,6,2.704549
1148,2022-01-02-09:03:51,6,0,2.839477
1149,2022-01-02-09:03:53,0,5,2.221370
1150,2022-01-02-09:03:55,5,2,1.622813
1151,2022-01-02-09:03:57,2,7,2.604711
1152,2022-01-02-09:04:00,7,3,2.305826
1153,2022-01-02-09:04:02,3,6,2.071097
1154,2022-01-02-09:04:04,6,4,2.643720
1155,2022-01-02-09:04:06,4,5,1.793901
1156,2022-01-02-09:04:09,5,4,3.354895
1157,2022-01-02-09:04:12,4,3,2.137628
1158,2022-01-02-09:04:15,3,2,2.984642
1159,2022-01-02-09:04:17,2,1,2.018359
1160,2022-01-02-09:04:19,1,2,1.936688
1161,2022-01-02-09:04:22,2,3,3.147980
1162,2022-01-02-09:04:25,3,5,3.072014
1163,2022-01-02-09:04:28,5,4,3.547500
1164,2022-01-02-09:04:33,4,1,4.282615
1165,2022-01-02-09:04:35,1,5,2.050614
1166,2022-01-02-09:04:36,5,2,1.551734
1167,2022-01-02-09:04:38,2,5,1.526693
1168,2022-01-02-09:04:39,5,2,1.524578
1169,2022-01-02-09:04:42,2,7,2.633307
1170,2022-01-02-09:04:46,7,6,4.004834
1171,2022-01-02-09:04:49,6,5,3.375885
1172,2022-01-02-09:04:51,5,3,2.150369
1173,2022-01-02-09:04:55,3,4,3.818225
1174,2022-01-02-09:04:59,4,5,3.536209
1175,2022-01-02-09:05:02,5,6,3.158028
1176,2022-01-02-09:05:06,6,3,3.756856
1177,2022-01-02-09:05:08,3,4,2.128940
1178,2022-01-02-09:05:09,4,1,1.336388
1179,2022-01-02-09:05:13,1,6,3.659552
1180,2022-01-02-09:05:16,6,4,3.477069
1181,2022-01-02-09:05:18,4,0,1.526430
1182,2022-01-02-09:05:19,0,1,1.060580
1183,2022-01-02-09:05:21,1,2,1.968701
1184,2022-01-02-09:05:24,2,3,2.706160
1185,2022-01-02-09:05:26,3,5,2.254983
1186,2022-01-02-09:05:27,5,2,1.601775
1187,2022-01-02-09:05:30,2,7,2.624623
1188,2022-01-02-09:05:32,7,4,1.990181
1189,2022-01-02-09:05:34,4,5,1.744579
1190,2022-01-02-09:05:37,5,2,3.761069
1191,2022-01-02-09:05:39,2,4,1.844771
1192,2022-01-02-09:05:43,4,1,3.749270
1193,2022-01-02-09:05:45,1,3,2.322156
1194,2022-01-02-09:05:48,3,1,2.377914
1195,2022-01-02-09:05:49,1,4,1.296682
1196,2022-01-02-09:05:51,4,0,1.565133
1197,2022-01-02-09:05:53,0,5,1.903354
1198,2022-01-02-09:05:56,5,2,3.678216
1199,2022-01-02-09:06:00,2,5,3.812527
1200,2022-01-02-09:06:03,5,6,3.154716
1201,2022-01-02-09:06:06,6,2,3.238150
1202,2022-01-02-09:06:08,2,4,1.804689
1203,2022-01-02-09:06:12,4,6,3.452660
1204,2022-01-02-09:06:15,6,3,3.779453
1205,2022-01-02-09:06:19,3,7,3.284522
1206,2022-01-02-09:06:22,7,1,3.306461
1207,2022-01-02-09:06:24,1,3,2.397378
1208,2022-01-02-09:06:27,3,6,2.053106
1209,2022-01-02-09:06:29,6,3,2.008410
1210,2022-01-02-09:06:31,3,1,2.645393
1211,2022-01-02-09:06:34,1,6,2.738514
1212,2022-01-02-09:06:37,6,7,3.322028
1213,2022-01-02-09:06:41,7,3,3.328925
1214,2022-01-02-09:06:43,3,0,2.494988
1215,2022-01-02-09:06:45,0,7,1.937259
1216,2022-01-02-09:06:48,7,5,2.634213
1217,2022-01-02-09:06:50,5,3,2.269599
1218,2022-01-02-09:06:54,3,4,3.951264
1219,2022-01-02-09:06:57,4,0,3.618630
1220,2022-01-02-09:07:01,0,3,3.304832
1221,2022-01-02-09:07:04,3,6,3.033930
1222,2022-01-02-09:07:07,6,4,3.554535
1223,2022-01-02-09:07:11,4,7,4.084795
1224,2022-01-02-09:07:14,7,0,2.212002
1225,2022-01-02-09:07:16,0,5,1.994403
1226,2022-01-02-09:07:18,5,1,2.080784
1227,2022-01-02-09:07:19,1,0,1.106359
1228,2022-01-02-09:07:21,0,3,2.542865
1229,2022-01-02-09:07:24,3,5,2.296813
1230,2022-01-02-09:07:27,5,2,3.676089
1231,2022-01-02-09:07:32,2,1,4.167440
1232,2022-01-02-09:07:34,1,2,2.036069
1233,2022-01-02-09:07:35,2,0,1.738489
1234,2022-01-02-09:07:38,0,3,2.558953
1235,2022-01-02-09:07:40,3,0,2.635970
1236,2022-01-02-09:07:43,0,7,2.054594
1237,2022-01-02-09:07:45,7,5,2.751993
1238,2022-01-02-09:07:48,5,6,3.120045
1239,2022-01-02-09:07:52,6,0,3.805588
1240,2022-01-02-09:07:55,0,3,2.561873
1241,2022-01-02-09:07:58,3,7,3.304910
1242,2022-01-02-09:08:01,7,6,2.574838
1243,2022-01-02-09:08:04,6,0,3.699925
1244,2022-01-02-09:08:06,0,7,1.954122
1245,2022-01-02-09:08:08,7,1,1.663911
1246,2022-01-02-09:08:09,1,0,1.090992
1247,2022-01-02-09:08:12,0,6,2.856973
1248,2022-01-02-09:08:16,6,2,4.273307
1249,2022-01-02-09:08:20,2,1,4.275829
1250,2022-01-02-09:08:23,1,5,2.034891
1251,2022-01-02-09:08:24,5,2,1.881053
1252,2022-01-02-09:08:28,2,6,3.100456
1253,2022-01-02-09:08:31,6,5,3.283123
1254,2022-01-02-09:08:33,5,4,1.811081
1255,2022-01-02-09:08:35,4,6,2.659435
1256,2022-01-02-09:08:39,6,4,3.821904
1257,2022-01-02-09:08:41,4,3,2.194310
1258,2022-01-02-09:08:45,3,7,3.912513
1259,2022-01-02-09:08:47,7,1,1.771379
1260,2022-01-02-09:08:48,1,4,1.342542
1261,2022-01-02-09:08:50,4,0,1.679787
1262,2022-01-02-09:08:52,0,4,1.609139
1263,2022-01-02-09:08:53,4,5,1.760063
1264,2022-01-02-09:08:56,5,6,3.096151
1265,2022-01-02-09:09:01,6,7,4.181679
1266,2022-01-02-09:09:02,7,1,1.681828
1267,2022-01-02-09:09:03,1,0,1.107973
1268,2022-01-02-09:09:05,0,2,1.737720
1269,2022-01-02-09:09:08,2,3,3.096770
1270,2022-01-02-09:09:12,3,7,3.878274
1271,2022-01-02-09:09:14,7,4,2.041784
1272,2022-01-02-09:09:16,4,7,1.940318
1273,2022-01-02-09:09:19,7,2,2.652555
1274,2022-01-02-09:09:21,2,1,1.998635
1275,2022-01-02-09:09:22,1,0,1.097966
1276,2022-01-02-09:09:23,0,1,1.048728
1277,2022-01-02-09:09:25,1,7,1.683154
1278,2022-01-02-09:09:27,7,5,2.676219
1279,2022-01-02-09:09:29,5,0,1.922823
1280,2022-01-02-09:09:30,0,1,1.038714
1281,2022-01-02-09:09:32,1,2,1.994309
1282,2022-01-02-09:09:35,2,6,3.125657
1283,2022-01-02-09:09:39,6,2,3.212248
1284,2022-01-02-09:09:43,2,0,3.994266
1285,2022-01-02-09:09:45,0,3,2.562371
1286,2022-01-02-09:09:49,3,7,3.347804
1287,2022-01-02-09:09:52,7,1,3.228348
1288,2022-01-02-09:09:54,1,5,2.026524
1289,2022-01-02-09:09:56,5,4,2.002518
1290,2022-01-02-09:09:57,4,1,1.349429
1291,2022-01-02-09:09:59,1,7,1.717662
1292,2022-01-02-09:10:03,7,6,4.049832
1293,2022-01-02-09:10:06,6,2,3.102904
1294,2022-01-02-09:10:10,2,5,3.704176
1295,2022-01-02-09:10:12,5,3,2.569858
1296,2022-01-02-09:10:15,3,1,2.542633
1297,2022-01-02-09:10:16,1,7,1.659768
1298,2022-01-02-09:10:18,7,1,1.790496
1299,2022-01-02-09:10:21,1,3,2.368868
1300,2022-01-02-09:10:23,3,6,2.052913
1301,2022-01-02-09:10:26,6,7,3.387268
1302,2022-01-02-09:10:29,7,5,2.719304
1303,2022-01-02-09:10:32,5,6,3.142081
1304,2022-01-02-09:10:35,6,4,3.459436
1305,2022-01-02-09:10:37,4,0,1.584777
1306,2022-01-02-09:10:38,0,1,1.140908
1307,2022-01-02-09:10:40,1,2,2.052951
1308,2022-01-02-09:10:43,2,7,2.569268
1309,2022-01-02-09:10:45,7,5,2.611833
1310,2022-01-02-09:10:49,5,4,3.296991
1311,2022-01-02-09:10:52,4,1,3.852174
1312,2022-01-02-09:10:54,1,7,1.707296
1313,2022-01-02-09:10:56,7,4,1.918869
1314,2022-01-02-09:10:58,4,5,1.782131
1315,2022-01-02-09:11:02,5,6,3.952675
1316,2022-01-02-09:11:05,6,7,3.096571
1317,2022-01-02-09:11:09,7,0,4.089389
1318,2022-01-02-09:11:13,0,5,4.072655
1319,2022-01-02-09:11:16,5,2,2.356122
1320,2022-01-02-09:11:19,2,6,3.737181
1321,2022-01-02-09:11:22,6,3,2.471373
1322,2022-01-02-09:11:27,3,2,5.450372
1323,2022-01-02-09:11:30,2,7,3.184053
1324,2022-01-02-09:11:34,7,3,3.522561
1325,2022-01-02-09:11:37,3,0,2.666179
1326,2022-01-02-09:11:38,0,1,1.165844
1327,2022-01-02-09:11:40,1,5,2.137575
1328,2022-01-02-09:11:42,5,3,2.561975
1329,2022-01-02-09:11:45,3,6,2.127643
1330,2022-01-02-09:11:47,6,5,2.921697
1331,2022-01-02,09:12:02,5,1,15.025780
Action Server timeout : niryo_one/commander/robot_action
