--- Start
Calibration finished !

Learning mode activated? 
False
0,2.937796
1,3.397925
2,3.462048
3,3.722638
4,1.922666
5,4.174246
6,2.831487
7,3.675810
8,3.802269
9,3.951405
10,3.053031
11,3.746953
12,3.973859
13,3.334082
14,3.534811
15,3.205442
16,3.896992
17,3.430363
18,3.425105
19,3.925807
20,1.853516
21,3.657168
22,3.944361
23,4.754004
24,4.347387
25,2.063469
26,3.597954
27,3.555751
28,3.560315
29,2.135720
30,2.465143
31,4.440462
32,4.107007
33,3.395163
34,1.822881
35,3.844177
36,4.457097
37,4.452257
38,4.051927
39,4.154582
40,4.089960
41,3.565140
42,1.846138
43,4.005986
44,3.336798
45,2.125800
46,4.114802
47,3.952344
48,3.967428
49,4.355319
50,3.994088
51,3.497985
52,3.175431
53,2.859223
54,3.360500
55,2.149619
56,3.747911
57,2.312320
58,4.516620
59,2.895174
60,2.906673
61,4.161255
62,4.082153
63,2.194305
64,2.173756
65,4.423331
66,4.515049
67,3.820958
68,4.848752
69,4.468652
70,3.508266
71,3.612903
72,4.120278
73,4.225617
74,2.852022
75,3.710855
76,4.016110
77,3.922286
78,4.006201
79,4.444280
80,3.469740
81,3.522645
82,2.944047
83,2.928619
84,3.153273
85,3.257609
86,4.449932
87,4.754460
88,4.039368
89,3.352928
90,3.146323
91,3.248418
92,3.504500
93,3.503428
94,3.500651
95,2.635968
96,3.029741
97,3.542344
98,3.414287
99,2.727015
100,1.987255
101,3.644887
102,4.110705
103,4.190985
104,3.374342
105,4.111827
106,4.149442
107,3.743696
108,3.134358
109,4.149539
110,4.258835
111,2.739826
112,3.754680
113,3.808710
114,2.096664
115,2.218509
116,3.547274
117,3.851315
118,3.862373
119,3.977867
120,3.911625
121,2.039744
122,3.410973
123,3.709907
124,2.944420
125,2.255103
126,3.784631
127,3.469097
128,3.466800
129,4.108730
130,2.499208
131,3.406885
132,4.100192
133,3.398396
134,4.207118
135,2.864936
136,3.669019
137,4.261740
138,4.422398
139,3.039231
140,3.470589
141,4.446251
142,3.704536
143,3.411392
144,2.698807
145,2.949143
146,4.024823
147,4.350148
148,4.147148
149,3.445179
150,3.232720
151,3.241071
152,3.922717
153,3.436460
154,3.739959
155,4.417490
156,4.317102
157,4.438775
158,3.589676
159,2.667834
160,4.495621
161,2.421098
162,3.128245
163,3.653796
164,3.905665
165,4.180595
166,3.351075
167,3.416701
168,4.356267
169,2.487417
170,3.482682
171,2.041505
172,3.265570
173,2.735951
174,2.030810
175,3.736300
176,3.561490
177,3.278466
178,2.062777
179,3.944431
180,4.424075
181,1.931050
182,3.437618
183,3.454035
184,2.161073
185,3.542641
186,4.754228
187,4.497285
188,2.939081
189,4.077272
190,4.166972
191,4.157563
192,3.513411
193,3.755377
194,3.998929
195,3.479533
196,2.145794
197,3.831130
198,3.845889
199,3.852367
200,3.402949
201,3.298286
202,3.493501
203,3.761141
204,4.036267
205,1.921888
206,4.299466
207,4.162138
208,4.126074
209,2.941375
210,2.033407
211,4.260260
212,4.228557
213,2.117771
214,2.449699
215,2.937036
216,3.047247
217,2.869905
218,2.054339
219,2.035896
220,2.947795
221,4.172425
222,3.944699
223,2.054736
224,3.016727
225,2.233601
226,4.478318
227,3.675585
228,3.573222
229,3.778928
230,4.426740
231,3.209723
232,3.943378
233,3.339216
234,2.130440
235,3.771892
236,4.825459
237,2.665362
238,3.246064
239,3.347570
240,3.809360
241,4.120052
242,4.273306
243,4.168007
244,3.562999
245,2.004520
246,2.036641
247,3.944603
248,2.643768
249,3.476418
250,4.020959
251,3.161019
252,4.445895
253,3.831797
254,3.763932
255,4.522284
256,3.872084
257,4.045526
258,2.862921
259,3.595084
260,3.541235
261,3.935811
262,4.109826
263,2.254897
264,3.936024
265,4.490950
266,4.591104
267,3.572789
268,3.498510
269,3.441631
270,2.930307
271,3.402054
272,3.555028
273,2.066324
274,4.353198
275,3.443824
276,4.089550
277,2.336104
278,2.340493
279,2.340416
280,2.960990
281,3.530040
282,2.795806
283,3.869405
284,4.003196
285,2.637060
286,1.986644
287,3.375506
288,3.145129
289,1.888746
290,4.003234
291,2.525241
292,3.445792
293,4.102890
294,2.501510
295,3.541544
296,3.792090
297,4.450406
298,4.503709
299,4.512841
300,3.495701
301,4.139189
302,3.932146
303,3.910738
304,4.750886
305,4.447055
306,2.228059
307,4.732763
308,4.565553
309,3.481116
310,3.471295
311,3.855074
312,4.768633
313,4.736294
314,4.038208
315,3.838074
316,2.959175
317,4.362953
318,4.810054
319,3.956552
320,2.253836
321,4.588008
322,4.244873
323,4.100014
324,4.146440
325,2.734737
326,2.566255
327,3.533534
328,4.173049
329,4.197017
330,4.169667
331,4.157912
332,3.741287
333,4.036515
334,3.940267
335,3.458837
336,4.141368
337,4.242579
338,3.953924
339,2.943828
340,3.776784
341,3.013598
342,1.854253
343,3.903704
344,4.481126
345,4.767189
346,2.472706
347,3.129183
348,2.091350
349,2.982898
350,3.945830
351,2.888372
352,3.049301
353,2.239808
354,4.041896
355,3.940547
356,4.246475
357,4.200784
358,3.998272
359,3.954079
360,3.759805
361,3.855653
362,3.835767
363,3.576136
364,2.029501
365,3.026934
366,3.493145
367,2.698762
368,3.914601
369,2.460125
370,4.164405
371,3.536826
372,2.666429
373,2.871308
374,2.104801
375,3.164615
376,3.451737
377,2.594508
378,2.123914
379,2.795947
380,4.537831
381,3.708985
382,3.290946
383,2.237587
384,3.916141
385,4.239324
386,4.136810
387,3.462892
388,3.903427
389,3.225636
390,1.950383
391,3.025161
392,4.131085
393,3.437122
394,4.211354
395,2.519844
396,2.598673
397,3.178517
398,3.907384
399,4.255936
400,2.526749
401,3.436078
402,3.998606
403,3.836437
404,3.472577
405,4.132187
406,1.885245
407,2.325415
408,2.343677
409,3.830264
410,2.946289
411,3.429469
412,2.160186
413,3.693984
414,3.038012
415,2.235567
416,3.674858
417,3.040280
418,4.121386
419,4.251130
420,3.488680
421,3.752053
422,4.564382
423,3.498106
424,4.147135
425,2.288696
426,2.345688
427,3.974229
428,3.362168
429,3.398215
430,3.141247
431,3.800659
432,4.552093
433,3.467357
434,3.072418
435,3.431086
436,3.938253
437,3.832547
438,3.939829
439,2.125180
440,2.690858
441,4.556816
442,3.807290
443,2.799546
444,3.970635
445,3.938210
446,3.550753
447,2.929926
448,3.007518
449,2.263263
450,3.939560
451,2.794590
452,4.001682
453,4.042462
454,4.072202
455,4.152492
456,2.627060
457,3.027427
458,3.316262
459,4.045418
460,3.333931
461,4.347074
462,3.112237
463,4.039957
464,4.178486
465,3.127535
466,2.852150
467,3.347628
468,3.577843
469,4.387297
470,3.128337
471,3.397128
472,4.473607
473,2.346681
474,2.337465
475,4.618660
Action Server timeout : niryo_one/commander/robot_action
--- End
