--- Start
Calibration finished !

Learning mode activated? 
False
0,10.847476
1,4.974943
2,2.613562
3,3.191894
4,2.923564
5,3.480106
6,3.670088
7,5.201385
8,4.681646
9,4.856154
10,5.075618
11,5.198202
12,3.281186
13,4.387851
14,5.269767
15,4.211226
16,3.881299
17,4.389201
18,5.621399
19,5.832481
20,3.483671
21,4.243521
22,4.143301
23,2.410000
24,3.980020
25,5.829545
26,2.318652
27,5.467383
28,4.014468
29,4.102715
30,5.120929
31,4.152882
Action Server timeout : niryo_one/commander/robot_action
--- End
