--- Start
Calibration finished !

Learning mode activated? 
False
0,2.818731
1,2.662918
2,4.202740
3,3.492337
4,3.533819
5,3.871578
6,2.659446
7,3.432508
8,4.239079
9,4.031815
10,3.756549
11,3.149465
12,3.746106
13,3.603195
14,3.472303
15,3.130083
16,3.759245
17,3.314847
18,3.503573
19,3.448476
20,3.133786
21,3.438326
22,4.136800
23,4.050966
24,4.449739
25,4.615505
26,4.614431
27,2.293167
28,3.845132
29,3.873723
30,3.898019
31,3.844086
32,2.270847
33,4.380951
34,4.230920
35,1.817311
36,2.277509
37,4.347486
38,3.845477
39,3.259084
40,3.858044
41,4.012582
42,2.458224
43,3.758445
44,3.832440
45,4.029366
46,2.527501
47,3.737097
48,3.101533
49,3.476301
50,4.162627
51,2.664185
52,3.848513
53,3.307186
54,3.619259
55,4.592946
56,2.510717
57,3.098980
58,3.467693
59,2.192955
60,3.770915
61,3.742831
62,4.352156
63,3.859886
64,3.889301
65,2.678496
66,3.870039
67,4.206009
68,2.173723
69,4.359814
70,4.346262
71,4.440337
72,3.170901
73,3.588293
74,4.381401
75,4.394371
76,3.599661
77,3.580045
78,4.415592
79,3.847814
80,3.635108
81,2.254607
82,4.127564
83,4.615145
84,4.348379
85,3.983938
86,4.026079
87,3.284631
88,3.246767
89,3.306829
90,3.167551
91,3.745519
92,3.249596
93,3.358558
94,3.858642
95,2.694731
96,3.451234
97,4.444923
98,2.257096
99,3.808311
100,3.433708
101,4.075594
102,3.464274
103,3.451144
104,3.837199
105,4.349876
106,3.573262
107,3.608686
108,3.541613
109,3.548316
110,3.107621
111,4.047981
112,4.042738
113,4.379034
114,4.602302
115,4.063944
116,3.195365
117,2.675432
118,3.993537
119,3.869877
120,3.923594
121,3.870376
122,2.700370
123,3.842161
124,3.317913
125,2.939081
126,2.246165
127,3.823919
128,3.808019
129,4.423943
130,4.052330
131,2.553250
132,2.558285
133,3.345018
134,3.663854
135,4.371550
136,2.712580
137,3.162312
138,4.110479
139,4.127102
140,3.208503
141,2.940595
142,3.491569
143,3.822372
144,2.292443
145,2.978984
146,3.011009
147,2.971346
148,3.568956
149,3.537842
150,3.335689
151,2.312957
152,2.277288
153,2.329399
154,2.269191
155,2.355237
156,2.322114
157,1.843656
158,2.307190
159,4.388925
160,3.976649
161,3.306100
162,4.143133
163,4.063488
164,3.783835
165,2.581569
166,4.072009
167,3.938218
168,3.347642
169,4.082174
170,3.963136
171,2.946697
172,2.268078
173,4.547185
174,3.207042
175,3.352401
176,3.903575
177,4.225604
178,4.160302
179,3.179251
180,3.570461
181,2.744121
182,4.090054
183,4.077405
184,4.137276
185,4.295064
186,4.188441
187,4.080423
188,3.375538
189,3.335752
190,4.117997
191,3.388210
192,3.215948
193,3.856583
194,3.168243
195,3.207785
196,3.243437
197,3.914305
198,3.930346
199,3.206028
200,3.271982
201,3.596882
202,2.698943
203,4.398614
204,3.660213
205,3.680924
206,3.704221
207,3.673514
208,4.481352
209,3.449897
210,4.074226
211,4.114987
212,3.834208
213,3.893826
214,4.132320
215,2.523326
216,3.197815
217,3.146682
218,3.479916
219,4.242826
220,4.076247
221,3.856419
222,3.322992
223,3.296031
224,3.785818
225,4.475940
226,2.337000
227,4.219961
228,4.373991
229,2.332358
230,3.234821
231,3.523060
232,4.203147
233,4.237519
234,1.887825
235,3.282285
236,3.206221
237,3.176785
238,3.335354
239,1.861134
240,1.855975
241,4.119740
242,4.244705
243,1.816125
244,3.326638
245,3.186827
246,3.191148
247,3.525077
248,3.126393
249,2.257001
250,4.596425
251,4.637623
252,2.216764
253,3.422323
254,3.882828
255,4.671786
256,2.304742
257,1.859340
258,4.224240
259,3.408210
260,3.211407
261,3.825911
262,4.376682
263,4.245861
264,2.274173
265,4.423942
266,4.031375
267,4.064129
268,3.874264
269,3.129760
270,3.765060
271,4.653156
272,2.524954
273,3.215213
274,3.309650
275,3.842677
276,4.049166
277,2.582554
278,2.537622
279,3.290319
280,3.546659
281,3.430180
282,2.946447
283,3.430687
284,4.056583
285,2.702444
286,3.762669
287,2.245042
288,2.223922
289,4.605592
290,4.254035
291,1.892851
292,2.351935
293,4.417379
294,4.040320
295,2.232526
296,2.243642
297,4.107328
298,3.222586
299,3.852579
300,2.563579
301,3.232946
302,2.959191
303,4.067200
304,3.473908
305,4.175534
306,2.934318
307,3.626535
308,2.377296
309,4.155724
310,4.672205
311,3.674641
312,3.981208
313,3.842898
314,3.307080
315,3.627866
316,3.785041
317,2.708712
318,3.443956
319,3.188886
320,2.924268
321,4.253071
322,4.110085
323,3.271316
324,3.431643
325,2.239081
326,4.637495
327,2.493085
328,4.030840
329,1.832617
330,3.128696
331,3.541918
332,3.263953
333,3.097510
334,3.438757
335,1.833562
336,3.178819
337,3.648691
338,3.230363
339,4.033841
340,2.224049
341,4.646953
342,3.901992
343,3.553134
344,3.847084
345,4.375255
346,4.407148
347,3.462384
348,3.196896
349,3.203579
350,3.268467
351,3.606525
352,2.216813
353,4.105113
354,3.164837
355,3.800967
356,2.220967
357,3.490840
358,3.153207
359,3.437234
360,4.411649
361,4.446603
362,4.398482
363,4.403230
364,2.724312
365,3.897855
366,4.235365
367,4.196477
368,4.373946
369,3.595344
370,3.633122
371,4.442838
372,3.173986
373,3.650590
374,4.609501
375,4.297676
376,4.213632
377,2.725875
378,3.222771
379,3.297358
380,3.628252
381,4.642361
382,4.675126
383,2.225736
384,2.898916
385,3.163000
386,4.411391
387,2.230450
388,3.464920
389,3.505978
390,4.088295
391,3.803963
392,4.075188
393,4.103389
394,4.064567
395,3.880467
396,3.193315
397,2.243105
398,3.806396
399,3.478616
400,4.181498
401,4.086042
402,3.900187
403,3.515449
404,3.191192
405,3.200123
406,3.954343
407,3.294432
408,3.246759
409,3.309983
410,2.927069
411,4.200241
412,4.031163
413,4.206705
414,4.268026
415,4.037794
416,4.642141
417,2.224631
418,1.829406
419,2.307955
420,4.707398
421,4.063129
422,4.343507
423,4.400590
424,2.490048
425,4.073396
426,3.100897
427,3.131824
428,3.765595
429,1.829521
430,2.924931
431,3.152564
432,4.519878
433,3.840754
434,3.224038
435,3.834536
436,3.544299
437,3.407686
438,3.888929
439,3.795980
440,2.690816
441,3.734606
442,2.300490
443,4.048179
444,2.562908
445,3.141026
446,3.612730
447,4.399473
448,3.758088
449,3.835496
450,2.641177
451,3.174281
452,3.193492
453,3.147617
454,4.423357
455,3.645992
456,3.850860
457,2.685230
458,3.133683
459,3.743682
460,3.158345
461,3.901105
462,4.040978
463,4.696744
464,2.292852
465,3.706608
466,3.447043
467,4.347294
468,4.502324
469,3.804053
470,3.269136
471,2.728699
Action Server timeout : niryo_one/commander/robot_action
--- End
