--- Start
Calibration finished !

Learning mode activated? 
False
0,3.420545
1,2.510560
2,2.480044
3,4.110622
4,1.825441
5,4.165037
6,3.812956
7,3.981605
8,3.312383
9,3.229918
10,3.174586
11,3.747633
12,2.208306
13,4.220164
14,2.524230
15,3.140896
16,3.851741
17,3.416082
18,3.436527
19,3.808489
20,1.796394
21,3.462211
22,3.836827
23,4.638863
24,2.227076
25,3.126725
26,3.508741
27,3.443820
28,3.501009
29,3.348661
30,2.494956
31,4.435870
32,4.661440
33,4.205027
34,1.795624
35,3.751778
36,4.390953
37,4.417253
38,4.045005
39,4.158079
40,3.970282
41,4.181630
42,1.799937
43,3.990866
44,3.253408
45,3.314781
46,4.603288
47,2.194873
48,2.240478
49,2.271022
50,1.811767
51,3.442420
52,3.136914
53,3.724154
54,3.256465
55,3.360366
56,4.060029
57,2.302549
58,4.423203
59,3.757039
60,3.807318
61,4.225667
62,4.087273
63,3.152467
64,3.155938
65,4.422173
66,4.348769
67,3.856830
68,3.615056
69,4.384264
70,2.535241
71,2.500839
72,4.074081
73,4.239047
74,3.861433
75,4.063955
76,3.922427
77,3.864617
78,4.653663
79,4.392228
80,2.505732
81,2.484271
82,3.737932
83,3.753981
84,3.116257
85,3.109008
86,4.412150
87,4.615705
88,4.630939
89,4.445191
90,3.147228
91,3.095576
92,2.547257
93,2.545008
94,3.381447
95,2.712224
96,2.674391
97,3.453460
98,3.443841
99,2.730744
100,3.130047
101,4.048722
102,4.031319
103,4.007759
104,4.211158
105,4.056193
106,4.065259
107,3.466166
108,3.148835
109,4.047093
110,4.155740
111,2.694639
112,3.804538
113,3.773725
114,3.476291
115,3.546063
116,3.558380
117,3.978482
118,3.931486
119,4.201581
120,4.039262
121,3.231990
122,3.320635
123,3.761568
124,2.277477
125,2.326558
126,3.868593
127,3.192311
128,3.449413
129,4.089907
130,2.560321
131,3.494743
132,4.091225
133,3.442067
134,4.032009
135,3.874015
136,4.332177
137,4.406612
138,4.362876
139,4.597614
140,4.522229
141,4.548818
142,3.804868
143,3.270508
144,4.348727
145,4.446897
146,4.020540
147,3.916743
148,4.178553
149,3.323109
150,3.347955
151,3.334009
152,4.017422
153,3.568360
154,3.573966
155,4.492731
156,4.335577
157,4.266618
158,3.718655
159,2.825882
160,4.480130
161,2.359257
162,2.374965
163,3.808565
164,4.004796
165,4.158483
166,3.384459
167,3.433794
168,2.368565
169,2.506808
170,3.696158
171,3.206581
172,4.059377
173,2.961973
174,3.290438
175,4.222988
176,2.730284
177,3.264605
178,3.577285
179,2.412148
180,2.472027
181,1.953072
182,4.512091
183,4.280276
184,3.551954
185,3.600449
186,3.780713
187,4.548255
188,4.431852
189,4.716901
190,4.381320
191,4.212885
192,2.601725
193,4.243703
194,4.355753
195,4.411259
196,3.603333
197,3.952386
198,3.915861
199,3.976925
200,3.456299
201,3.379028
202,2.658390
203,3.567430
204,3.512658
205,1.882374
206,4.335361
207,4.438549
208,4.173971
209,2.771314
210,3.284552
211,1.957114
212,3.374871
213,3.405767
214,2.683327
215,3.889082
216,3.883275
217,3.973024
218,3.294590
219,3.359925
220,3.934422
221,4.206611
222,4.168587
223,3.661009
224,2.989584
225,3.365443
226,4.568309
227,3.724897
228,3.669075
229,3.852098
230,2.361491
231,3.920396
232,3.996130
233,3.380895
234,3.380771
235,3.884781
236,4.756645
237,2.624312
238,3.256405
239,3.378702
240,3.916916
241,4.185799
242,4.167900
243,4.156728
244,3.601421
245,3.310162
246,3.309613
247,4.085669
248,2.628421
249,2.588264
250,3.913031
251,3.144619
252,4.396066
253,3.759634
254,3.789152
255,4.357463
256,3.912881
257,3.892731
258,2.694914
259,3.530719
260,3.543425
261,3.855903
262,4.649768
263,2.322460
264,3.844119
265,4.398203
266,4.361731
267,3.437247
268,2.519945
269,2.469902
270,3.844027
271,3.326947
272,3.520414
273,3.144595
274,1.819978
275,4.264647
276,4.640348
277,2.184990
278,2.234295
279,2.224877
280,2.985087
281,3.578413
282,2.701216
283,3.869506
284,3.921450
285,2.695135
286,3.149029
287,3.265958
288,2.965072
289,1.831634
290,4.114580
291,2.519370
292,2.553600
293,4.658340
294,2.227707
295,3.489500
296,3.776698
297,4.433084
298,4.408437
299,4.455816
300,3.463933
301,4.037400
302,3.911526
303,3.988318
304,4.642154
305,4.403483
306,3.211935
307,3.711825
308,4.429014
309,3.431177
310,3.426172
311,3.865605
312,3.646680
313,3.626887
314,3.259677
315,3.765447
316,3.787431
317,2.289969
318,4.608121
319,4.110056
320,2.317077
321,4.344092
322,4.154672
323,4.243478
324,4.052169
325,4.216420
326,4.114849
327,2.554075
328,4.038269
329,4.055055
330,4.048230
331,4.031667
332,4.075103
333,3.302215
334,3.877612
335,3.449513
336,4.099675
337,2.922945
338,3.892967
339,4.394293
340,3.638178
341,2.927485
342,1.821488
343,3.849491
344,4.416641
345,4.648800
346,2.567017
347,3.139074
348,3.456553
349,2.924123
350,3.844169
351,3.858055
352,3.751649
353,3.198608
354,3.299134
355,4.096104
356,3.949949
357,4.000041
358,3.890918
359,3.891897
360,4.063623
361,3.857191
362,3.896709
363,3.457937
364,3.119670
365,3.795189
366,3.443761
367,2.698712
368,3.894636
369,2.522753
370,4.102922
371,3.489328
372,2.687693
373,3.873243
374,3.136423
375,3.135005
376,3.438138
377,4.156194
378,3.527984
379,2.681756
380,4.384402
381,3.636327
382,3.190793
383,3.166240
384,3.873094
385,4.174812
386,4.047384
387,3.442272
388,3.866313
389,3.228373
390,3.166487
391,3.817286
392,4.038843
393,4.225926
394,4.021820
395,4.168913
396,4.107517
397,3.108222
398,3.860302
399,4.003331
400,4.218115
401,4.193729
402,4.113445
403,3.852579
404,3.429354
405,4.067666
406,1.834668
407,2.263322
408,2.274323
409,3.829238
410,3.733216
411,3.292911
412,3.344039
413,4.002694
414,3.806535
415,3.178743
416,3.635887
417,4.349710
418,4.043283
419,4.313297
420,3.458206
421,3.740758
422,4.445112
423,3.470469
424,4.106587
425,2.238367
426,2.255463
427,4.111947
428,4.437207
429,4.392400
430,3.146460
431,3.740102
432,4.407148
433,4.575251
434,2.216739
435,4.237823
436,3.917146
437,3.814389
438,3.800230
439,3.457733
440,4.120849
441,4.437633
442,3.745621
443,2.692231
444,3.919611
445,3.909442
446,3.467609
447,3.835956
448,3.837213
449,3.193010
450,3.943623
451,2.721716
452,3.879507
Action Server timeout : niryo_one/commander/robot_action
--- End
