--- Start
Calibration finished !

Learning mode activated? 
False
0,3.930332
1,4.560312
2,4.837325
3,4.649001
4,4.760218
5,6.431783
6,4.082993
7,4.254918
8,3.585350
9,3.578201
10,5.380483
11,5.407682
12,5.617165
13,8.154165
14,3.832842
15,2.432397
16,3.556484
17,3.675377
18,4.086795
19,4.253109
20,4.010646
21,5.087716
22,5.120962
23,4.796129
24,4.894868
25,2.428734
26,4.843931
27,5.267988
28,5.030051
29,6.883973
30,3.778609
31,2.679678
32,3.457709
33,5.157400
34,6.200571
35,9.796703
36,4.733677
Action Server timeout : niryo_one/commander/robot_action
--- End
