--- Start
Calibration finished !

Learning mode activated? 
False
0,5.340161
1,4.629847
2,5.230027
3,3.729062
4,4.602692
5,4.471329
6,2.925336
7,2.253911
8,3.618512
9,4.616282
10,6.127001
11,5.049767
12,6.046609
13,5.909117
14,4.789260
15,5.075936
16,3.391060
17,4.186589
18,4.928699
19,3.870334
20,2.579100
21,4.119857
22,5.094755
23,4.456326
24,4.831794
25,4.656388
26,4.594831
27,2.886323
28,4.830466
29,4.568076
30,7.744011
31,3.132682
32,4.788683
33,8.651026
34,5.647996
35,4.712569
36,4.679597
37,7.119431
38,5.119880
39,4.364111
40,4.416478
Action Server timeout : niryo_one/commander/robot_action
--- End
