--- Start
Calibration finished !

Learning mode activated? 
False
0,3.363507
1,2.526803
2,2.541855
3,4.099962
4,1.830007
5,4.250346
6,3.886594
7,4.029042
8,3.290412
9,3.319116
10,3.188039
11,3.778386
12,2.203811
13,4.252658
14,2.493392
15,3.134787
16,3.858289
17,3.401869
18,3.432850
19,3.823440
20,1.849907
21,3.440241
22,3.866545
23,4.616035
24,2.236041
25,3.133305
26,3.441254
27,3.570423
28,3.508052
29,3.331439
30,2.505088
31,4.459954
32,4.693381
33,4.260049
34,1.785035
35,3.823515
36,4.404597
37,4.466760
38,4.080103
39,4.218990
40,3.980398
41,4.267266
42,1.794105
43,4.070693
44,3.351366
45,3.296357
46,4.665923
47,2.206345
48,2.202973
49,2.257493
50,1.820452
51,3.527991
52,3.138549
53,3.787002
54,3.254205
55,3.286202
56,4.085194
57,2.256848
58,4.416198
59,3.753904
60,3.841660
61,4.180001
62,4.123194
63,3.150212
64,3.147641
65,4.438928
66,4.437419
67,3.892054
68,3.597432
69,4.432317
70,2.448370
71,2.496834
72,4.077179
73,4.211466
74,3.883421
75,4.112574
76,3.876287
77,3.876443
78,4.645493
79,4.408780
80,2.525046
81,2.469036
82,3.745488
83,3.760932
84,3.110133
85,3.150604
86,4.427470
87,4.639305
88,4.613875
89,4.405324
90,3.123605
91,3.110074
92,2.473331
93,2.510421
94,3.467236
95,2.723518
96,2.710810
97,3.398775
98,3.406867
99,2.640321
100,3.162900
101,4.129804
102,4.028381
103,4.029133
104,4.226500
105,4.048981
106,4.086486
107,3.420580
108,3.097297
109,4.059972
110,4.174689
111,2.644731
112,3.778014
113,3.740109
114,3.384870
115,3.419357
116,3.456100
117,3.916123
118,3.823392
119,4.117451
120,3.901866
121,3.117091
122,3.275848
123,3.652503
124,2.242992
125,2.241324
126,3.790094
127,3.111422
128,3.438657
129,4.026297
130,2.464548
131,3.391965
132,3.996801
133,3.294292
134,3.904234
135,3.843781
136,4.036820
137,4.246805
138,4.204209
139,4.384418
140,4.410553
141,4.413010
142,3.647305
143,3.177084
144,4.043131
145,4.204244
146,3.897641
147,3.862679
148,4.012384
149,3.350439
150,3.203477
151,3.170085
152,3.872686
153,3.446783
154,3.445386
155,4.245660
156,4.086525
157,4.048603
158,3.480561
159,2.702649
160,4.380726
161,2.194293
162,2.216981
163,3.604065
164,3.901592
165,4.006091
166,3.302599
167,3.314432
168,2.263402
169,2.233546
170,3.511141
171,3.133231
172,3.847798
173,2.660123
174,3.138136
175,4.017620
176,2.540752
177,3.150595
178,3.458337
179,2.232353
180,2.296271
181,1.827743
182,4.243952
183,4.261177
184,3.461853
185,3.474615
186,3.649971
187,4.357712
188,4.367537
189,4.651563
190,4.254669
191,4.047369
192,2.573194
193,4.050303
194,4.106523
195,4.248059
196,3.453795
197,3.812802
198,3.856355
199,3.895576
200,3.332762
201,3.158855
202,2.527041
203,3.331735
204,3.290483
205,1.751346
206,4.193782
207,4.027135
208,4.036187
209,2.648114
210,3.148099
211,1.821851
212,2.910727
213,3.359515
214,2.469450
215,3.770931
216,3.779448
217,3.801423
218,3.221070
219,3.192200
220,3.848854
221,4.061532
222,3.865032
223,3.464236
224,2.971176
225,3.207931
226,4.469115
227,3.660480
228,3.547998
229,3.813984
230,2.304105
231,3.869237
232,3.870511
233,3.280277
234,3.172736
235,3.811812
236,4.687704
237,2.535048
238,3.169321
239,3.283571
240,3.820715
241,4.061786
242,4.120032
243,4.086320
244,3.455221
245,3.150836
246,3.173596
247,3.919201
248,2.561417
249,2.515430
250,3.956377
251,3.105593
252,4.469451
253,3.762771
254,3.805319
255,4.413988
256,3.870548
257,3.897317
258,2.703825
259,3.475989
260,3.518749
261,3.929145
262,4.684202
263,2.342083
264,3.847214
265,4.398076
266,4.393290
267,3.438927
268,2.504010
269,2.533278
270,3.815459
271,3.303323
272,3.547957
273,3.146690
274,1.833296
275,4.277447
276,4.636698
277,2.194794
278,2.233999
279,2.245531
280,2.955623
281,3.543641
282,2.679073
283,3.867737
284,3.882813
285,2.700751
286,3.167604
287,3.254428
288,2.914096
289,1.820492
290,4.131315
291,2.456549
292,2.494446
293,4.648995
294,2.226476
295,3.494118
296,3.782262
297,4.504956
298,4.451031
299,4.454036
300,3.460193
301,4.070998
302,3.891602
303,3.865277
304,4.691664
305,4.436609
306,3.152232
307,3.676671
308,4.399324
309,3.448641
310,3.434555
311,3.963747
312,3.625683
313,3.636740
314,3.305982
315,3.800379
316,3.748654
317,2.321102
318,4.666507
319,4.123279
320,2.262026
321,4.424968
322,4.250355
323,4.276841
324,4.046110
325,4.239529
326,4.077587
327,2.501407
328,4.066242
329,4.056022
330,4.025416
331,4.052512
332,4.097715
333,3.259459
334,3.918690
335,3.445929
336,4.103964
337,2.934931
338,3.925607
339,4.394577
340,3.654543
341,2.926784
342,1.837497
343,3.859370
344,4.391165
345,4.625445
346,2.565028
347,3.133391
348,3.504468
349,2.946297
350,3.913651
351,3.860429
352,3.843580
353,3.142523
354,3.233814
355,4.104063
356,4.003579
357,4.035559
358,3.891934
359,3.902296
360,4.054025
361,3.842872
362,3.879213
363,3.475057
364,3.222561
365,3.759067
366,3.450522
367,2.695911
368,3.883272
369,2.504633
370,4.081273
371,3.501359
372,2.702189
373,3.844650
374,3.163229
375,3.152785
376,3.447052
377,4.248834
378,3.439616
379,2.681417
380,4.376533
381,3.605307
382,3.203704
383,3.169250
384,3.895610
385,4.189080
386,4.105717
387,3.422566
388,3.929461
389,3.227863
390,3.214280
391,3.815399
392,4.090400
393,4.310914
394,4.038040
395,4.241033
396,4.070905
397,3.141652
398,3.925852
399,4.052079
400,4.222990
401,4.266111
402,4.141523
403,3.850073
404,3.405872
405,4.088413
406,1.793474
407,2.305549
408,2.297443
409,3.821475
410,3.834416
411,3.306120
412,3.345663
413,4.115174
414,3.790126
415,3.246445
416,3.650232
417,4.381542
418,4.034928
419,4.267993
420,3.444747
421,3.774420
422,4.409596
423,3.482465
424,4.049962
425,2.237381
426,2.231258
427,4.126299
428,4.462365
429,4.466158
430,3.135536
431,3.824143
432,4.451499
433,4.459781
434,2.239085
435,4.257503
436,3.901983
437,3.792095
438,3.775522
439,3.514812
440,4.079343
441,4.432143
442,3.780672
443,2.668499
444,3.868347
445,3.917531
446,3.457393
447,3.747122
448,3.792742
449,3.169479
450,3.922826
451,2.675398
452,3.896049
453,4.658803
454,4.635206
455,4.030211
456,4.283047
457,2.926732
458,3.282437
459,3.311724
460,3.304753
461,1.805682
462,2.260018
463,4.652511
464,4.266392
465,2.304734
466,2.295079
467,3.141002
Action Server timeout : niryo_one/commander/robot_action
--- End
