"iteration,date,init_position,final_position,time"
0,2022-01-27-12:06:19,-1,4,2.63882
1,2022-01-27-12:06:20,4,1,1.31706
2,2022-01-27-12:06:22,1,5,2.01743
3,2022-01-27-12:06:26,5,2,3.69129
4,2022-01-27-12:06:29,2,7,3.14163
5,2022-01-27-12:06:33,7,1,3.28209
6,2022-01-27-12:06:35,1,6,2.72839
7,2022-01-27-12:06:38,6,1,2.79190
8,2022-01-27-12:06:40,1,7,1.71579
9,2022-01-27-12:06:42,7,6,2.64879
10,2022-01-27-12:06:46,6,0,3.15908
11,2022-01-27-12:06:48,0,5,2.06409
12,2022-01-27-12:06:50,5,1,2.02891
13,2022-01-27-12:06:51,1,4,1.32219
14,2022-01-27-12:06:54,4,6,3.43521
15,2022-01-27-12:06:58,6,1,3.57877
16,2022-01-27-12:06:59,1,0,1.04429
17,2022-01-27-12:07:01,0,3,2.38908
18,2022-01-27-12:07:04,3,1,2.22785
19,2022-01-27-12:07:06,1,5,1.92512
20,2022-01-27-12:07:09,5,2,3.71281
21,2022-01-27-12:07:13,2,6,4.07457
22,2022-01-27-12:07:17,6,2,3.16360
23,2022-01-27-12:07:18,2,5,1.55865
24,2022-01-27-12:07:21,5,7,2.56256
25,2022-01-27-12:07:24,7,4,3.10589
26,2022-01-27-12:07:26,4,2,1.75075
27,2022-01-27-12:07:27,2,1,1.97101
28,2022-01-27-12:07:29,1,5,1.96227
29,2022-01-27-12:07:31,5,1,1.94279
30,2022-01-27-12:07:34,1,3,2.42176
31,2022-01-27-12:07:36,3,6,2.06215
32,2022-01-27-12:07:40,6,2,4.09869
33,2022-01-27-12:07:44,2,3,4.33657
34,2022-01-27-12:07:47,3,0,2.45884
35,2022-01-27-12:07:48,0,1,1.13136
36,2022-01-27-12:07:50,1,2,1.98083
37,2022-01-27-12:07:52,2,4,1.78904
38,2022-01-27-12:07:54,4,2,1.81736
39,2022-01-27-12:07:56,2,3,2.65470
40,2022-01-27-12:07:58,3,6,1.98000
41,2022-01-27-12:08:00,6,3,2.01700
42,2022-01-27-12:08:02,3,7,2.12108
43,2022-01-27-12:08:04,7,0,2.12195
44,2022-01-27-12:08:06,0,4,1.55207
45,2022-01-27-12:08:08,4,5,1.78912
46,2022-01-27-12:08:10,5,3,2.28091
47,2022-01-27-12:08:14,3,2,4.23949
48,2022-01-27-12:08:18,2,6,4.06283
49,2022-01-27-12:08:21,6,1,2.64926
50,2022-01-27-12:08:22,1,4,1.35752
51,2022-01-27-12:08:24,4,5,1.75803
52,2022-01-27-12:08:27,5,6,3.08717
53,2022-01-27-12:08:30,6,7,2.59069
54,2022-01-27-12:08:33,7,1,3.29785
55,2022-01-27-12:08:35,1,2,1.99040
56,2022-01-27-12:08:38,2,6,3.12770
57,2022-01-27-12:08:42,6,4,3.53159
58,2022-01-27-12:08:44,4,5,1.79248
59,2022-01-27-12:08:46,5,3,2.28871
60,2022-01-27-12:08:48,3,4,2.24170
61,2022-01-27-12:08:50,4,7,1.88644
62,2022-01-27-12:08:52,7,3,2.14376
63,2022-01-27-12:08:54,3,5,2.42643
64,2022-01-27-12:08:58,5,6,3.13342
65,2022-01-27-12:09:02,6,7,4.16570
66,2022-01-27-12:09:04,7,4,1.99041
67,2022-01-27-12:09:05,4,0,1.52333
68,2022-01-27-12:09:07,0,5,1.93970
69,2022-01-27-12:09:09,5,2,1.78292
70,2022-01-27-12:09:11,2,0,1.71414
71,2022-01-27-12:09:14,0,6,2.82249
72,2022-01-27-12:09:17,6,4,3.69597
73,2022-01-27-12:09:20,4,6,3.21788
74,2022-01-27-12:09:24,6,0,3.56167
75,2022-01-27-12:09:26,0,3,2.41986
76,2022-01-27-12:09:29,3,4,2.12734
77,2022-01-27-12:09:31,4,3,2.08770
78,2022-01-27-12:09:33,3,1,2.25506
79,2022-01-27-12:09:36,1,6,2.76260
80,2022-01-27-12:09:39,6,7,3.28686
81,2022-01-27-12:09:43,7,4,3.52433
82,2022-01-27-12:09:46,4,1,3.82951
83,2022-01-27-12:09:47,1,0,1.04495
84,2022-01-27-12:09:49,0,7,1.99047
85,2022-01-27-12:09:52,7,3,2.27315
86,2022-01-27-12:09:56,3,2,4.34586
87,2022-01-27-12:10:00,2,0,3.97603
88,2022-01-27-12:10:02,0,2,1.76240
89,2022-01-27-12:10:04,2,7,2.57724
90,2022-01-27-12:10:07,7,5,2.68326
91,2022-01-27-12:10:09,5,0,1.93694
92,2022-01-27-12:10:10,0,1,1.03833
93,2022-01-27-12:10:12,1,7,1.73197
94,2022-01-27-12:10:14,7,2,2.57599
95,2022-01-27-12:10:17,2,6,3.10320
96,2022-01-27-12:10:20,6,5,3.09951
97,2022-01-27-12:10:22,5,0,1.98954
98,2022-01-27-12:10:26,0,6,3.76409
99,2022-01-27-12:10:30,6,7,4.02433
100,2022-01-27-12:10:32,7,0,1.94321
101,2022-01-27-12:10:33,0,1,1.05414
102,2022-01-27-12:10:35,1,2,1.95968
103,2022-01-27-12:10:39,2,6,3.29246
104,2022-01-27-12:10:42,6,4,3.56563
105,2022-01-27-12:10:44,4,7,1.88293
106,2022-01-27-12:10:48,7,6,4.01319
107,2022-01-27-12:10:51,6,0,3.47390
108,2022-01-27-12:10:53,0,4,1.49048
109,2022-01-27-12:10:54,4,0,1.52450
110,2022-01-27-12:10:58,0,6,3.54472
111,2022-01-27-12:11:02,6,0,3.57409
112,2022-01-27-12:11:03,0,2,1.75162
113,2022-01-27-12:11:05,2,4,1.76359
114,2022-01-27-12:11:09,4,6,3.44659
115,2022-01-27-12:11:12,6,0,3.64449
116,2022-01-27-12:11:15,0,6,2.79374
117,2022-01-27-12:11:18,6,0,2.96445
118,2022-01-27-12:11:21,0,3,3.44659
119,2022-01-27-12:11:25,3,6,3.10186
120,2022-01-27-12:11:28,6,3,3.73272
121,2022-01-27-12:11:30,3,5,2.24043
122,2022-01-27-12:11:34,5,3,3.40066
123,2022-01-27-12:11:37,3,5,2.99462
124,2022-01-27-12:11:40,5,6,2.68828
125,2022-01-27-12:11:42,6,3,1.95248
126,2022-01-27-12:11:44,3,1,2.49099
127,2022-01-27-12:11:45,1,0,1.04431
128,2022-01-27-12:11:48,0,3,2.44468
129,2022-01-27-12:11:50,3,1,2.33212
130,2022-01-27-12:11:52,1,2,1.97411
131,2022-01-27-12:11:54,2,1,1.98865
132,2022-01-27-12:11:55,1,7,1.68231
133,2022-01-27-12:12:00,7,2,4.43358
134,2022-01-27-12:12:04,2,7,4.36267
135,2022-01-27-12:12:06,7,0,1.95452
136,2022-01-27-12:12:08,0,4,1.54436
137,2022-01-27-12:12:10,4,7,1.88330
138,2022-01-27-12:12:12,7,4,1.93893
139,2022-01-27-12:12:13,4,1,1.33580
140,2022-01-27-12:12:15,1,5,1.93871
141,2022-01-27-12:12:17,5,4,1.88984
142,2022-01-27-12:12:19,4,5,1.75109
143,2022-01-27-12:12:21,5,6,2.69496
144,2022-01-27-12:12:24,6,0,2.82492
145,2022-01-27-12:12:26,0,7,1.92894
146,2022-01-27-12:12:30,7,4,4.07388
147,2022-01-27-12:12:33,4,2,3.29559
148,2022-01-27-12:12:35,2,0,1.71502
149,2022-01-27-12:12:36,0,1,1.05637
150,2022-01-27-12:12:37,1,0,1.05006
151,2022-01-27-12:12:40,0,6,2.81862
152,2022-01-27-12:12:43,6,1,2.75961
153,2022-01-27-12:12:44,1,0,1.08058
154,2022-01-27-12:12:46,0,3,2.38525
155,2022-01-27-12:12:48,3,5,2.18837
156,2022-01-27-12:12:50,5,1,1.92407
157,2022-01-27-12:12:54,1,6,3.65290
158,2022-01-27-12:12:57,6,7,2.73301
159,2022-01-27-12:12:59,7,5,2.69897
160,2022-01-27-12:13:01,5,0,2.02060
161,2022-01-27-12:13:04,0,6,2.82816
162,2022-01-27-12:13:06,6,3,2.03721
163,2022-01-27-12:13:10,3,7,3.28217
164,2022-01-27-12:13:12,7,2,2.56967
165,2022-01-27-12:13:14,2,0,1.72485
166,2022-01-27-12:13:17,0,6,2.78830
167,2022-01-27-12:13:20,6,2,3.13611
168,2022-01-27-12:13:22,2,7,2.59961
169,2022-01-27-12:13:25,7,5,2.63061
170,2022-01-27-12:13:27,5,3,2.22281
171,2022-01-27-12:13:29,3,4,2.14569
172,2022-01-27-12:13:31,4,2,1.79138
173,2022-01-27-12:13:34,2,6,3.12470
174,2022-01-27-12:13:38,6,1,3.56989
175,2022-01-27-12:13:39,1,4,1.32689
176,2022-01-27-12:13:43,4,6,3.44672
177,2022-01-27-12:13:46,6,4,3.83737
178,2022-01-27-12:13:50,4,6,3.44869
179,2022-01-27-12:13:53,6,7,2.59144
180,2022-01-27-12:13:55,7,5,2.64132
181,2022-01-27-12:13:57,5,1,1.96636
182,2022-01-27-12:13:59,1,7,1.64713
183,2022-01-27-12:14:01,7,2,2.59276
184,2022-01-27-12:14:05,2,6,3.16089
185,2022-01-27-12:14:08,6,0,3.50373
186,2022-01-27-12:14:12,0,6,3.53495
187,2022-01-27-12:14:15,6,4,3.49688
188,2022-01-27-12:14:17,4,7,1.91483
189,2022-01-27-12:14:19,7,3,2.28524
190,2022-01-27-12:14:21,3,5,2.22410
191,2022-01-27-12:14:25,5,6,3.06267
192,2022-01-27-12:14:28,6,2,3.49282
193,2022-01-27-12:14:32,2,0,3.91794
194,2022-01-27-12:14:35,0,3,3.43202
195,2022-01-27-12:14:38,3,2,2.62036
196,2022-01-27-12:14:42,2,7,4.34140
197,2022-01-27-12:14:44,7,0,1.92457
198,2022-01-27-12:14:48,0,6,3.64121
199,2022-01-27-12:14:51,6,5,3.19000
200,2022-01-27-12:14:54,5,6,3.08877
201,2022-01-27-12:14:58,6,1,3.75033
202,2022-01-27-12:15:02,1,6,3.65810
203,2022-01-27-12:15:06,6,7,3.99151
204,2022-01-27-12:15:10,7,6,3.98966
205,2022-01-27-12:15:13,6,5,3.23632
206,2022-01-27-12:15:16,5,6,3.12723
207,2022-01-27-12:15:20,6,7,4.01365
208,2022-01-27-12:15:23,7,6,2.63318
209,2022-01-27-12:15:26,6,0,2.89242
210,2022-01-27-12:15:27,0,4,1.53192
211,2022-01-27-12:15:29,4,0,1.53471
212,2022-01-27-12:15:30,0,5,1.88592
213,2022-01-27-12:15:34,5,6,3.09562
214,2022-01-27-12:15:38,6,3,4.03653
215,2022-01-27-12:15:40,3,4,2.11650
216,2022-01-27-12:15:41,4,1,1.31868
217,2022-01-27-12:15:43,1,2,1.99999
218,2022-01-27-12:15:46,2,3,2.62393
219,2022-01-27-12:15:48,3,2,2.73558
220,2022-01-27-12:15:51,2,6,3.04931
221,2022-01-27-12:15:56,6,2,4.27974
222,2022-01-27-12:16:00,2,3,4.22774
223,2022-01-27-12:16:02,3,4,2.06285
224,2022-01-27-12:16:04,4,0,1.55181
225,2022-01-27-12:16:05,0,7,1.93832
226,2022-01-27-12:16:07,7,4,1.98473
227,2022-01-27-12:16:09,4,7,1.85519
228,2022-01-27-12:16:11,7,4,1.88350
229,2022-01-27-12:16:13,4,5,1.75675
230,2022-01-27-12:16:17,5,2,3.58883
231,2022-01-27-12:16:18,2,4,1.82479
232,2022-01-27-12:16:21,4,3,2.12813
233,2022-01-27-12:16:24,3,6,3.44816
234,2022-01-27-12:16:27,6,5,2.69644
235,2022-01-27-12:16:29,5,7,2.55698
236,2022-01-27-12:16:32,7,0,3.06985
237,2022-01-27-12:16:36,0,3,3.42258
238,2022-01-27-12:16:39,3,1,3.59105
239,2022-01-27-12:16:42,1,6,2.69994
240,2022-01-27-12:16:45,6,1,2.69539
241,2022-01-27-12:16:46,1,0,1.12753
242,2022-01-27-12:16:48,0,2,1.78991
243,2022-01-27-12:16:50,2,3,2.73002
244,2022-01-27-12:16:52,3,6,2.02344
245,2022-01-27-12:16:56,6,4,3.92859
246,2022-01-27-12:17:00,4,5,3.49648
247,2022-01-27-12:17:03,5,6,3.06414
248,2022-01-27-12:17:06,6,2,3.11799
249,2022-01-27-12:17:08,2,0,1.75036
250,2022-01-27-12:17:09,0,1,1.08228
251,2022-01-27-12:17:11,1,6,2.68977
252,2022-01-27-12:17:14,6,0,2.90105
253,2022-01-27-12:17:16,0,4,1.51909
254,2022-01-27-12:17:19,4,6,3.43270
255,2022-01-27-12:17:23,6,0,3.42713
256,2022-01-27-12:17:24,0,1,1.11838
257,2022-01-27-12:17:26,1,7,1.69709
258,2022-01-27-12:17:28,7,6,2.70746
259,2022-01-27-12:17:30,6,3,2.05129
260,2022-01-27-12:17:33,3,0,2.39402
261,2022-01-27-12:17:36,0,6,3.48736
262,2022-01-27-12:17:40,6,4,3.42594
263,2022-01-27-12:17:42,4,7,1.89770
264,2022-01-27-12:17:43,7,4,1.92756
265,2022-01-27-12:17:45,4,0,1.52551
266,2022-01-27-12:17:47,0,7,1.93024
267,2022-01-27-12:17:49,7,3,2.19627
268,2022-01-27-12:17:51,3,4,2.31963
269,2022-01-27-12:17:53,4,7,1.92586
270,2022-01-27-12:17:55,7,1,1.70543
271,2022-01-27-12:17:57,1,5,2.13800
272,2022-01-27-12:17:59,5,1,2.13604
273,2022-01-27-12:18:02,1,6,2.76881
274,2022-01-27-12:18:06,6,7,3.40831
275,2022-01-27-12:18:09,7,0,3.09844
276,2022-01-27-12:18:11,0,3,2.49712
277,2022-01-27-12:18:13,3,6,2.04078
278,2022-01-27-12:18:16,6,5,2.79888
279,2022-01-27-12:18:19,5,7,2.62606
280,2022-01-27-12:18:22,7,0,3.09508
281,2022-01-27-12:18:24,0,5,1.89307
282,2022-01-27-12:18:26,5,3,2.32138
283,2022-01-27-12:18:28,3,0,2.49014
284,2022-01-27-12:18:30,0,4,1.51683
285,2022-01-27-12:18:32,4,3,2.08407
286,2022-01-27-12:18:35,3,7,3.22889
287,2022-01-27-12:18:39,7,1,3.43694
288,2022-01-27-12:18:41,1,2,2.03690
289,2022-01-27-12:18:43,2,7,2.58925
290,2022-01-27-12:18:47,7,4,3.20178
291,2022-01-27-12:18:48,4,7,1.90954
292,2022-01-27-12:18:50,7,1,1.64924
293,2022-01-27-12:18:52,1,3,2.34735
294,2022-01-27-12:18:55,3,0,2.52293
295,2022-01-27-12:18:57,0,7,1.91629
296,2022-01-27-12:18:59,7,0,1.94393
297,2022-01-27-12:19:01,0,7,1.91876
298,2022-01-27-12:19:05,7,6,4.09868
299,2022-01-27-12:19:09,6,4,3.69987
300,2022-01-27-12:19:11,4,3,2.06986
301,2022-01-27-12:19:15,3,4,3.94420
302,2022-01-27-12:19:18,4,1,3.94383
303,2022-01-27-12:19:20,1,7,1.64941
304,2022-01-27-12:19:22,7,1,1.68582
305,2022-01-27-12:19:23,1,7,1.65305
306,2022-01-27-12:19:26,7,5,2.59186
307,2022-01-27-12:19:29,5,7,2.59490
308,2022-01-27-12:19:32,7,3,3.30501
309,2022-01-27-12:19:34,3,6,2.02133
310,2022-01-27-12:19:37,6,7,3.33376
311,2022-01-27-12:19:40,7,5,3.10288
312,2022-01-27-12:19:43,5,0,2.20232
313,2022-01-27-12:19:44,0,4,1.51704
314,2022-01-27-12:19:46,4,7,1.94389
315,2022-01-27-12:19:49,7,5,2.75283
316,2022-01-27-12:19:51,5,1,1.98967
317,2022-01-27-12:19:53,1,3,2.29623
318,2022-01-27-12:19:55,3,1,2.29836
319,2022-01-27-12:19:56,1,0,1.08003
320,2022-01-27-12:19:59,0,3,2.42070
321,2022-01-27-12:20:01,3,1,2.32349
322,2022-01-27-12:20:04,1,6,2.62648
323,2022-01-27-12:20:06,6,3,2.01793
324,2022-01-27-12:20:08,3,6,2.01776
325,2022-01-27-12:20:11,6,2,3.19574
326,2022-01-27-12:20:13,2,5,1.53073
327,2022-01-27-12:20:15,5,7,2.58913
328,2022-01-27-12:20:19,7,3,3.29833
329,2022-01-27-12:20:21,3,5,2.25255
330,2022-01-27-12:20:24,5,4,3.41795
331,2022-01-27-12:20:27,4,7,3.17493
332,2022-01-27-12:20:30,7,0,3.08689
333,2022-01-27-12:20:32,0,7,1.91623
334,2022-01-27-12:20:37,7,4,4.15400
335,2022-01-27-12:20:41,4,7,4.10511
336,2022-01-27-12:20:43,7,5,2.70453
337,2022-01-27-12:20:45,5,0,2.08637
338,2022-01-27-12:20:47,0,2,1.71534
339,2022-01-27-12:20:49,2,5,1.51748
340,2022-01-27-12:20:52,5,6,3.12016
341,2022-01-27-12:20:55,6,1,3.66035
342,2022-01-27-12:20:57,1,2,1.99515
343,2022-01-27-12:20:59,2,4,1.79437
344,2022-01-27-12:21:01,4,5,1.76004
345,2022-01-27-12:21:04,5,6,3.07685
346,2022-01-27-12:21:08,6,4,3.49465
347,2022-01-27-12:21:10,4,3,2.12354
348,2022-01-27-12:21:13,3,5,3.13668
349,2022-01-27-12:21:15,5,7,2.58983
350,2022-01-27-12:21:18,7,2,3.05778
351,2022-01-27-12:21:21,2,7,3.00324
352,2022-01-27-12:21:24,7,6,2.56181
353,2022-01-27-12:21:28,6,7,3.99772
354,2022-01-27-12:21:31,7,5,2.68754
355,2022-01-27-12:21:33,5,7,2.54944
356,2022-01-27-12:21:36,7,5,2.78315
357,2022-01-27-12:21:39,5,6,3.10287
358,2022-01-27-12:21:43,6,3,3.82530
359,2022-01-27-12:21:45,3,5,2.32622
360,2022-01-27-12:21:49,5,2,3.63457
361,2022-01-27-12:21:53,2,6,4.09287
362,2022-01-27-12:21:56,6,5,2.82472
363,2022-01-27-12:21:58,5,3,2.26887
364,2022-01-27-12:22:02,3,2,4.24059
365,2022-01-27-12:22:05,2,6,3.07787
366,2022-01-27-12:22:08,6,7,2.62537
367,2022-01-27-12:22:12,7,4,3.53472
368,2022-01-27-12:22:13,4,1,1.32168
369,2022-01-27-12:22:15,1,2,1.98464
370,2022-01-27-12:22:17,2,4,1.82680
371,2022-01-27-12:22:19,4,3,2.13820
372,2022-01-27-12:22:23,3,2,4.34811
373,2022-01-27-12:22:27,2,6,4.06394
374,2022-01-27-12:22:30,6,5,2.79703
375,2022-01-27-12:22:33,5,6,3.12365
376,2022-01-27-12:22:37,6,2,3.39104
377,2022-01-27-12:22:39,2,1,2.01985
378,2022-01-27-12:22:42,1,6,3.65275
379,2022-01-27-12:22:46,6,2,3.28029
380,2022-01-27-12:22:50,2,1,4.23902
381,2022-01-27-12:22:52,1,7,1.74306
382,2022-01-27-12:22:53,7,1,1.68544
383,2022-01-27-12:22:57,1,6,3.58815
384,2022-01-27-12:23:00,6,5,3.05154
385,2022-01-27-12:23:02,5,0,2.09037
386,2022-01-27-12:23:04,0,5,2.05882
387,2022-01-27-12:23:06,5,1,1.97773
388,2022-01-27-12:23:07,1,4,1.31411
389,2022-01-27-12:23:09,4,3,2.07048
390,2022-01-27-12:23:12,3,0,2.40117
391,2022-01-27-12:23:14,0,2,1.74580
392,2022-01-27-12:23:16,2,7,2.52757
393,2022-01-27-12:23:19,7,1,3.19759
394,2022-01-27-12:23:21,1,5,2.02942
395,2022-01-27-12:23:24,5,3,3.12586
396,2022-01-27-12:23:28,3,6,3.48957
397,2022-01-27-12:23:32,6,4,3.89514
398,2022-01-27-12:23:34,4,3,2.14540
399,2022-01-27-12:23:38,3,7,3.78835
400,2022-01-27-12:23:40,7,3,2.52508
401,2022-01-27-12:23:42,3,6,2.03744
402,2022-01-27-12:23:46,6,7,3.33731
403,2022-01-27-12:23:49,7,1,3.42861
404,2022-01-27-12:23:51,1,7,1.69098
405,2022-01-27-12:23:53,7,6,2.74069
406,2022-01-27-12:23:57,6,4,3.89995
407,2022-01-27-12:24:01,4,6,3.14852
408,2022-01-27-12:24:03,6,7,2.59424
409,2022-01-27-12:24:06,7,3,3.30907
410,2022-01-27-12:24:09,3,2,2.69014
411,2022-01-27-12:24:11,2,0,1.76654
412,2022-01-27-12:24:14,0,3,3.40330
413,2022-01-27-12:24:18,3,6,3.45113
414,2022-01-27-12:24:20,6,3,2.01595
415,2022-01-27-12:24:22,3,1,2.33494
416,2022-01-27-12:24:24,1,3,2.24410
417,2022-01-27-12:24:26,3,4,2.12695
418,2022-01-27-12:24:29,4,3,2.09367
419,2022-01-27-12:24:31,3,1,2.52850
420,2022-01-27-12:24:33,1,5,2.41366
421,2022-01-27-12:24:36,5,0,2.23679
422,2022-01-27-12:24:39,0,6,2.79504
423,2022-01-27-12:24:41,6,1,2.64732
424,2022-01-27-12:24:43,1,5,1.98301
425,2022-01-27-12:24:46,5,7,2.63762
426,2022-01-27-12:24:49,7,1,3.27025
427,2022-01-27-12:24:51,1,3,2.21998
428,2022-01-27-12:24:53,3,4,2.10024
429,2022-01-27-12:24:58,4,2,4.13471
430,2022-01-27-12:25:00,2,3,2.89227
431,2022-01-27-12:25:03,3,2,2.62915
432,2022-01-27-12:25:05,2,4,1.82643
433,2022-01-27-12:25:08,4,7,3.34573
434,2022-01-27-12:25:11,7,5,2.69372
435,2022-01-27-12:25:14,5,6,3.10624
436,2022-01-27-12:25:18,6,1,3.60390
437,2022-01-27-12:25:20,1,2,1.98477
438,2022-01-27-12:25:22,2,1,1.99080
439,2022-01-27-12:25:24,1,6,2.69366
440,2022-01-27-12:25:27,6,1,2.93465
441,2022-01-27-12:25:29,1,4,1.31489
442,2022-01-27-12:25:30,4,5,1.78392
443,2022-01-27-12:25:34,5,3,3.49667
444,2022-01-27-12:25:37,3,1,3.53085
445,2022-01-27-12:25:39,1,7,1.72703
446,2022-01-27-12:25:42,7,6,2.59772
447,2022-01-27-12:25:44,6,4,2.60445
448,2022-01-27-12:25:48,4,6,3.45056
449,2022-01-27-12:25:51,6,4,3.29832
450,2022-01-27-12:25:53,4,3,2.12447
451,2022-01-27-12:25:57,3,1,3.45611
452,2022-01-27-12:25:59,1,3,2.25464
453,2022-01-27-12:26:02,3,2,2.64174
454,2022-01-27-12:26:03,2,4,1.76926
455,2022-01-27-12:26:05,4,0,1.52728
456,2022-01-27-12:26:08,0,6,2.83053
457,2022-01-27-12:26:10,6,3,2.03255
458,2022-01-27-12:26:12,3,2,2.81337
459,2022-01-27-12:26:15,2,7,2.57252
460,2022-01-27-12:26:18,7,3,3.30694
461,2022-01-27-12:26:20,3,6,2.03720
462,2022-01-27-12:26:23,6,1,2.66040
463,2022-01-27-12:26:27,1,6,3.57515
464,2022-01-27-12:26:30,6,1,3.58412
465,2022-01-27-12:26:32,1,4,1.31897
466,2022-01-27-12:26:34,4,2,2.02525
467,2022-01-27-12:26:36,2,1,1.99618
468,2022-01-27-12:26:37,1,0,1.08101
469,2022-01-27-12:26:40,0,6,3.46569
470,2022-01-27-12:26:44,6,0,3.54171
471,2022-01-27-12:26:45,0,4,1.54843
472,2022-01-27-12:26:47,4,7,1.86502
473,2022-01-27-12:26:49,7,1,1.68486
474,2022-01-27-12:26:51,1,2,2.02077
475,2022-01-27-12:26:52,2,5,1.59574
476,2022-01-27-12:26:54,5,2,1.56047
477,2022-01-27-12:26:57,2,6,3.09268
478,2022-01-27-12:27:00,6,7,2.62295
479,2022-01-27-12:27:03,7,3,3.80017
480,2022-01-27-12:27:07,3,7,3.80227
481,2022-01-27-12:27:09,7,0,1.92747
482,2022-01-27-12:27:12,0,3,2.40737
483,2022-01-27-12:27:14,3,2,2.76277
484,2022-01-27-12:27:17,2,3,2.62860
485,2022-01-27-12:27:20,3,2,3.00731
486,2022-01-27-12:27:22,2,4,1.78464
487,2022-01-27-12:27:24,4,5,1.79929
488,2022-01-27-12:27:27,5,4,3.27063
489,2022-01-27-12:27:29,4,3,2.12217
490,2022-01-27-12:27:32,3,2,2.76534
491,2022-01-27-12:27:35,2,6,3.14218
492,2022-01-27-12:27:38,6,2,3.35014
493,2022-01-27-12:27:41,2,6,3.10359
494,2022-01-27-12:27:45,6,0,3.93155
495,2022-01-27-12:27:48,0,3,2.43808
496,2022-01-27-12:27:50,3,6,2.05085
497,2022-01-27-12:27:52,6,7,2.66246
498,2022-01-27-12:27:54,7,4,1.94014
499,2022-01-27-12:27:56,4,2,2.12585
500,2022-01-27-12:27:59,2,3,2.75246
501,2022-01-27-12:28:01,3,1,2.22704
502,2022-01-27-12:28:02,1,0,1.04932
503,2022-01-27-12:28:04,0,1,1.08344
504,2022-01-27-12:28:05,1,7,1.79681
505,2022-01-27-12:28:07,7,1,1.68790
506,2022-01-27-12:28:08,1,4,1.31270
507,2022-01-27-12:28:12,4,6,3.47425
508,2022-01-27-12:28:16,6,1,3.70664
509,2022-01-27-12:28:17,1,0,1.05729
510,2022-01-27-12:28:18,0,1,1.08050
511,2022-01-27-12:28:19,1,4,1.32336
512,2022-01-27-12:28:23,4,2,4.12996
513,2022-01-27-12:28:26,2,7,3.09766
514,2022-01-27-12:28:30,7,1,3.33201
515,2022-01-27-12:28:32,1,5,1.92093
516,2022-01-27-12:28:33,5,2,1.60060
517,2022-01-27-12:28:35,2,4,1.79298
518,2022-01-27-12:28:36,4,1,1.31444
519,2022-01-27-12:28:38,1,3,2.23004
520,2022-01-27-12:28:42,3,7,3.32899
521,2022-01-27-12:28:44,7,5,2.67579
522,2022-01-27-12:28:47,5,0,2.12190
523,2022-01-27-12:28:49,0,5,2.02367
524,2022-01-27-12:28:51,5,7,2.59165
525,2022-01-27-12:28:54,7,4,3.18173
526,2022-01-27-12:28:59,4,2,4.15224
527,2022-01-27-12:29:03,2,7,4.39978
528,2022-01-27-12:29:05,7,3,2.28520
529,2022-01-27-12:29:08,3,7,3.29345
530,2022-01-27-12:29:11,7,6,2.60142
531,2022-01-27-12:29:15,6,1,3.57108
532,2022-01-27-12:29:17,1,6,2.62664
533,2022-01-27-12:29:20,6,0,2.83278
534,2022-01-27-12:29:23,0,3,2.42425
535,2022-01-27-12:29:25,3,1,2.26032
536,2022-01-27-12:29:26,1,4,1.31659
537,2022-01-27-12:29:28,4,5,1.78756
538,2022-01-27-12:29:30,5,4,1.82069
539,2022-01-27-12:29:33,4,6,3.43456
540,2022-01-27-12:29:36,6,5,3.09811
541,2022-01-27-12:29:38,5,0,1.89130
542,2022-01-27-12:29:41,0,3,2.40518
543,2022-01-27-12:29:43,3,6,2.02289
544,2022-01-27-12:29:46,6,0,2.93245
545,2022-01-27-12:29:47,0,2,1.78996
546,2022-01-27-12:29:49,2,0,1.78515
547,2022-01-27-12:29:53,0,6,3.46860
548,2022-01-27-12:29:56,6,2,3.44119
549,2022-01-27-12:30:00,2,3,4.30219
550,2022-01-27-12:30:03,3,1,2.42306
551,2022-01-27-12:30:05,1,5,1.92233
552,2022-01-27-12:30:07,5,0,1.92961
553,2022-01-27-12:30:09,0,3,2.41229
554,2022-01-27-12:30:12,3,7,3.26315
555,2022-01-27-12:30:16,7,1,3.32496
556,2022-01-27-12:30:18,1,5,1.92727
557,2022-01-27-12:30:21,5,2,3.80233
558,2022-01-27-12:30:26,2,1,4.19547
559,2022-01-27-12:30:27,1,0,1.08854
560,2022-01-27-12:30:30,0,3,3.44017
561,2022-01-27-12:30:34,3,1,3.53804
562,2022-01-27-12:30:36,1,3,2.24188
563,2022-01-27-12:30:38,3,6,2.04137
564,2022-01-27-12:30:40,6,3,1.98797
565,2022-01-27-12:30:42,3,6,1.99161
566,2022-01-27-12:30:45,6,5,2.75408
567,2022-01-27-12:30:48,5,3,3.10208
568,2022-01-27-12:30:51,3,1,3.46448
569,2022-01-27-12:30:52,1,0,1.08067
570,2022-01-27-12:30:53,0,1,1.08204
571,2022-01-27-12:30:56,1,6,2.69336
572,2022-01-27-12:30:59,6,0,3.29506
573,2022-01-27-12:31:01,0,4,1.53891
574,2022-01-27-12:31:03,4,7,1.92718
575,2022-01-27-12:31:05,7,0,1.99905
576,2022-01-27-12:31:06,0,1,1.12088
577,2022-01-27-12:31:07,1,4,1.44889
578,2022-01-27-12:31:09,4,2,1.92347
579,2022-01-27-12:31:11,2,1,2.02240
580,2022-01-27-12:31:13,1,4,1.33269
581,2022-01-27-12:31:14,4,5,1.79074
582,2022-01-27-12:31:17,5,0,2.36430
583,2022-01-27-12:31:19,0,7,2.00356
584,2022-01-27-12:31:21,7,0,2.03872
585,2022-01-27-12:31:22,0,1,1.07523
586,2022-01-27-12:31:24,1,2,1.99712
587,2022-01-27-12:31:27,2,3,2.63707
588,2022-01-27-12:31:29,3,7,2.18912
589,2022-01-27-12:31:31,7,3,2.19030
590,2022-01-27-12:31:33,3,6,2.02238
591,2022-01-27-12:31:36,6,7,3.32060
592,2022-01-27-12:31:39,7,4,3.22265
593,2022-01-27-12:31:43,4,6,3.19682
594,2022-01-27-12:31:46,6,1,3.80760
595,2022-01-27-12:31:48,1,0,1.07503
596,2022-01-27-12:31:50,0,7,1.94212
597,2022-01-27-12:31:53,7,3,3.91558
598,2022-01-27-12:31:56,3,4,2.18320
599,2022-01-27-12:31:59,4,6,3.72629
600,2022-01-27-12:32:02,6,4,2.62512
601,2022-01-27-12:32:04,4,2,1.81544
602,2022-01-27-12:32:06,2,0,1.74144
603,2022-01-27-12:32:09,0,3,3.59940
604,2022-01-27-12:32:12,3,2,2.64385
605,2022-01-27-12:32:14,2,4,1.83132
606,2022-01-27-12:32:17,4,6,3.75945
607,2022-01-27-12:32:20,6,1,2.67028
608,2022-01-27-12:32:22,1,3,2.29632
609,2022-01-27-12:32:25,3,1,2.29526
610,2022-01-27-12:32:27,1,3,2.30553
611,2022-01-27-12:32:29,3,4,2.12897
612,2022-01-27-12:32:33,4,6,3.48551
613,2022-01-27-12:32:36,6,4,3.39679
614,2022-01-27-12:32:38,4,2,1.85131
615,2022-01-27-12:32:41,2,5,3.70215
616,2022-01-27-12:32:44,5,0,2.03354
617,2022-01-27-12:32:46,0,5,2.02999
618,2022-01-27-12:32:49,5,4,3.50531
619,2022-01-27-12:32:53,4,7,4.17476
620,2022-01-27-12:32:55,7,1,1.72097
621,2022-01-27-12:32:59,1,6,3.57630
622,2022-01-27-12:33:02,6,3,3.83242
623,2022-01-27-12:33:07,3,2,4.55040
624,2022-01-27-12:33:11,2,5,3.83320
625,2022-01-27-12:33:13,5,0,2.11766
626,2022-01-27-12:33:15,0,7,1.92546
627,2022-01-27-12:33:19,7,3,4.04100
628,2022-01-27-12:33:22,3,0,3.32266
629,2022-01-27-12:33:24,0,7,1.92850
630,2022-01-27-12:33:26,7,1,1.72453
631,2022-01-27-12:33:27,1,4,1.33579
632,2022-01-27-12:33:29,4,3,2.08308
633,2022-01-27-12:33:33,3,2,4.26437
634,2022-01-27-12:33:35,2,4,1.81647
635,2022-01-27-12:33:39,4,6,3.23046
636,2022-01-27-12:33:42,6,5,3.18400
637,2022-01-27-12:33:44,5,1,1.96204
638,2022-01-27-12:33:46,1,5,1.97064
639,2022-01-27-12:33:49,5,4,3.40821
640,2022-01-27-12:33:52,4,5,3.27278
641,2022-01-27-12:33:55,5,7,2.62046
642,2022-01-27-12:33:58,7,4,3.26887
643,2022-01-27-12:34:02,4,2,3.37699
644,2022-01-27-12:34:04,2,1,2.01622
645,2022-01-27-12:34:05,1,7,1.67866
646,2022-01-27-12:34:07,7,0,1.95197
647,2022-01-27-12:34:08,0,1,1.04801
648,2022-01-27-12:34:12,1,6,3.64149
649,2022-01-27-12:34:15,6,4,3.49069
650,2022-01-27-12:34:17,4,1,1.32593
651,2022-01-27-12:34:18,1,7,1.69588
652,2022-01-27-12:34:20,7,0,1.93424
653,2022-01-27-12:34:22,0,4,1.53528
654,2022-01-27-12:34:23,4,1,1.32406
655,2022-01-27-12:34:25,1,2,1.95767
656,2022-01-27-12:34:27,2,1,1.98908
657,2022-01-27-12:34:30,1,6,2.73019
658,2022-01-27-12:34:33,6,0,2.96799
659,2022-01-27-12:34:36,0,6,3.53206
660,2022-01-27-12:34:40,6,0,3.72287
661,2022-01-27-12:34:42,0,5,1.88885
662,2022-01-27-12:34:44,5,1,1.91927
663,2022-01-27-12:34:46,1,5,1.93391
664,2022-01-27-12:34:48,5,7,2.59472
665,2022-01-27-12:34:52,7,4,3.21128
666,2022-01-27-12:34:55,4,2,3.32606
667,2022-01-27-12:34:57,2,4,1.78677
668,2022-01-27-12:34:59,4,3,2.17911
669,2022-01-27-12:35:02,3,7,3.31075
670,2022-01-27-12:35:05,7,2,2.69956
671,2022-01-27-12:35:08,2,7,2.52754
672,2022-01-27-12:35:11,7,3,3.29470
673,2022-01-27-12:35:13,3,0,2.43498
674,2022-01-27-12:35:15,0,2,1.73375
675,2022-01-27-12:35:17,2,4,1.79410
676,2022-01-27-12:35:19,4,2,1.83376
677,2022-01-27-12:35:21,2,7,2.59880
678,2022-01-27-12:35:23,7,4,1.93000
679,2022-01-27-12:35:27,4,2,4.22523
680,2022-01-27-12:35:30,2,7,3.04175
681,2022-01-27-12:35:34,7,4,3.50123
682,2022-01-27-12:35:36,4,3,2.08871
683,2022-01-27-12:35:38,3,6,2.06435
684,2022-01-27-12:35:41,6,1,3.39810
685,2022-01-27-12:35:43,1,2,1.98631
686,2022-01-27-12:35:45,2,1,1.99769
687,2022-01-27-12:35:47,1,4,1.34074
688,2022-01-27-12:35:49,4,7,1.89413
689,2022-01-27-12:35:50,7,1,1.68610
690,2022-01-27-12:35:52,1,2,2.01908
691,2022-01-27-12:35:54,2,0,1.74491
692,2022-01-27-12:35:56,0,5,1.88002
693,2022-01-27-12:35:58,5,0,1.95248
694,2022-01-27-12:36:01,0,6,2.90213
695,2022-01-27-12:36:03,6,7,2.59792
696,2022-01-27-12:36:05,7,0,1.98372
697,2022-01-27-12:36:07,0,2,1.72118
698,2022-01-27-12:36:09,2,5,1.54904
699,2022-01-27-12:36:11,5,1,1.99621
700,2022-01-27-12:36:14,1,6,2.89794
701,2022-01-27-12:36:16,6,4,2.59680
702,2022-01-27-12:36:18,4,2,2.05856
703,2022-01-27-12:36:21,2,6,3.20641
704,2022-01-27-12:36:25,6,2,3.14774
705,2022-01-27-12:36:29,2,0,3.96460
706,2022-01-27-12:36:32,0,6,3.50762
707,2022-01-27-12:36:36,6,0,3.48989
708,2022-01-27-12:36:37,0,2,1.73599
709,2022-01-27-12:36:39,2,0,1.75571
710,2022-01-27-12:36:41,0,2,1.74040
711,2022-01-27-12:36:43,2,4,1.82034
712,2022-01-27-12:36:44,4,5,1.77389
713,2022-01-27-12:36:46,5,2,1.57933
714,2022-01-27-12:36:48,2,5,1.56077
715,2022-01-27-12:36:51,5,6,3.12699
716,2022-01-27-12:36:54,6,2,3.23358
717,2022-01-27-12:36:58,2,3,4.33400
718,2022-01-27-12:37:00,3,5,2.23927
719,2022-01-27-12:37:02,5,2,1.55201
720,2022-01-27-12:37:05,2,7,2.58808
721,2022-01-27-12:37:07,7,0,2.23331
722,2022-01-27-12:37:09,0,5,1.98579
723,2022-01-27-12:37:11,5,7,2.57247
724,2022-01-27-12:37:15,7,1,3.39757
725,2022-01-27-12:37:17,1,5,2.10439
726,2022-01-27-12:37:19,5,3,2.31976
727,2022-01-27-12:37:21,3,6,2.05978
728,2022-01-27-12:37:24,6,0,2.92926
729,2022-01-27-12:37:26,0,7,1.96625
730,2022-01-27-12:37:29,7,2,2.64317
731,2022-01-27-12:37:32,2,3,2.65324
732,2022-01-27-12:37:34,3,5,2.58009
733,2022-01-27-12:37:38,5,2,3.67435
734,2022-01-27-12:37:42,2,6,4.10200
735,2022-01-27-12:37:45,6,4,2.70903
736,2022-01-27-12:37:46,4,1,1.32932
737,2022-01-27-12:37:48,1,3,2.27380
738,2022-01-27-12:37:50,3,1,2.29646
739,2022-01-27-12:37:52,1,0,1.08612
740,2022-01-27-12:37:53,0,4,1.52706
741,2022-01-27-12:37:57,4,6,3.50066
742,2022-01-27-12:37:59,6,7,2.79414
743,2022-01-27-12:38:03,7,2,3.13869
744,2022-01-27-12:38:06,2,0,3.93820
745,2022-01-27-12:38:09,0,3,2.80880
746,2022-01-27-12:38:11,3,6,2.09152
747,2022-01-27-12:38:14,6,1,3.02854
748,2022-01-27-12:38:17,1,5,2.16031
749,2022-01-27-12:38:18,5,0,1.89103
750,2022-01-27-12:38:20,0,2,1.74450
751,2022-01-27-12:38:22,2,4,1.80489
752,2022-01-27-12:38:24,4,5,1.80424
753,2022-01-27-12:38:25,5,2,1.58490
754,2022-01-27-12:38:28,2,3,2.62808
755,2022-01-27-12:38:31,3,2,2.63404
756,2022-01-27-12:38:33,2,7,2.63268
757,2022-01-27-12:38:37,7,6,4.06900
758,2022-01-27-12:38:41,6,7,4.13759
759,2022-01-27-12:38:43,7,0,1.95297
760,2022-01-27-12:38:45,0,7,1.93689
761,2022-01-27-12:38:48,7,2,2.63435
762,2022-01-27-12:38:51,2,6,3.20203
763,2022-01-27-12:38:54,6,7,2.85416
764,2022-01-27-12:38:56,7,1,1.74874
765,2022-01-27-12:38:58,1,5,2.02584
766,2022-01-27-12:39:00,5,1,2.05242
767,2022-01-27-12:39:03,1,6,2.71652
768,2022-01-27-12:39:07,6,4,3.93645
769,2022-01-27-12:39:10,4,1,3.83864
770,2022-01-27-12:39:12,1,5,2.09184
771,2022-01-27-12:39:16,5,4,3.28841
772,2022-01-27-12:39:18,4,3,2.13452
773,2022-01-27-12:39:21,3,6,3.44953
774,2022-01-27-12:39:24,6,1,2.65941
775,2022-01-27-12:39:26,1,2,1.99328
776,2022-01-27-12