"iteration,date,init_position,final_position,time"
0,2022-01-28-02:14:42,-1,3,5.21093
1,2022-01-28-02:14:45,3,7,2.13361
2,2022-01-28-02:14:47,7,0,2.00014
3,2022-01-28-02:14:48,0,2,1.74148
4,2022-01-28-02:14:52,2,7,3.34088
5,2022-01-28-02:14:55,7,5,2.60183
6,2022-01-28-02:14:57,5,1,1.95881
7,2022-01-28-02:15:01,1,2,4.21962
8,2022-01-28-02:15:05,2,7,4.13779
9,2022-01-28-02:15:07,7,3,2.13614
10,2022-01-28-02:15:10,3,0,2.43194
11,2022-01-28-02:15:12,0,7,1.94276
12,2022-01-28-02:15:13,7,1,1.67742
13,2022-01-28-02:15:15,1,5,1.93710
14,2022-01-28-02:15:17,5,4,1.80696
15,2022-01-28-02:15:20,4,3,2.55292
16,2022-01-28-02:15:23,3,7,3.06754
17,2022-01-28-02:15:25,7,1,1.71676
18,2022-01-28-02:15:26,1,4,1.34125
19,2022-01-28-02:15:28,4,0,1.78535
20,2022-01-28-02:15:30,0,7,2.07542
21,2022-01-28-02:15:32,7,1,1.88839
22,2022-01-28-02:15:33,1,4,1.70683
23,2022-01-28-02:15:37,4,6,3.45751
24,2022-01-28-02:15:41,6,7,4.04598
25,2022-01-28-02:15:44,7,0,3.12370
26,2022-01-28-02:15:50,0,7,5.67153
27,2022-01-28-02:15:55,7,6,5.06427
28,2022-01-28-02:16:06,6,2,10.48590
29,2022-01-28-02:16:15,2,6,3.85668
30,2022-01-28-02:16:19,6,1,3.86658
31,2022-01-28-02:16:21,1,2,2.23139
32,2022-01-28-02:16:24,2,6,3.19443
33,2022-01-28-02:16:28,6,3,3.67580
34,2022-01-28-02:16:37,3,7,8.98817
35,2022-01-28-02:17:20,7,1,13.06740
36,2022-01-28-02:17:22,1,3,2.29305
37,2022-01-28-02:17:25,3,0,2.41215
38,2022-01-28-02:17:26,0,4,1.60144
39,2022-01-28-02:17:28,4,0,1.59705
40,2022-01-28-02:17:29,0,4,1.56342
41,2022-01-28-02:17:31,4,0,1.60367
42,2022-01-28-02:17:35,0,6,3.49593
43,2022-01-28-02:17:38,6,3,3.64598
44,2022-01-28-02:17:41,3,0,2.43542
45,2022-01-28-02:17:43,0,7,1.95479
46,2022-01-28-02:17:45,7,2,2.75751
47,2022-01-28-02:17:48,2,7,2.66852
48,2022-01-28-02:17:51,7,2,2.63576
49,2022-01-28-02:17:52,2,4,1.81332
50,2022-01-28-02:17:56,4,6,3.59342
51,2022-01-28-02:18:00,6,0,3.49747
52,2022-01-28-02:18:01,0,1,1.14255
53,2022-01-28-02:18:03,1,3,2.28271
54,2022-01-28-02:18:07,3,6,3.74077
55,2022-01-28-02:18:10,6,5,3.14889
56,2022-01-28-02:18:12,5,0,1.95686
57,2022-01-28-02:18:14,0,5,1.92517
58,2022-01-28-02:18:16,5,1,1.96646
59,2022-01-28-02:18:17,1,0,1.03260
60,2022-01-28-02:18:19,0,3,2.46932
61,2022-01-28-02:18:21,3,7,2.20178
62,2022-01-28-02:18:24,7,3,2.16611
63,2022-01-28-02:18:27,3,6,3.75428
64,2022-01-28-02:18:31,6,1,3.68002
65,2022-01-28-02:18:38,1,7,6.92846
66,2022-01-28-02:18:41,7,5,2.72153
67,2022-01-28-02:18:43,5,1,1.99708
68,2022-01-28-02:18:45,1,2,2.36149
69,2022-01-28-02:18:53,2,6,7.74859
70,2022-01-28-02:19:10,6,0,11.28398
71,2022-01-28-02:19:11,0,1,1.23192
72,2022-01-28-02:19:15,1,6,3.63906
73,2022-01-28-02:19:19,6,1,3.94318
74,2022-01-28-02:19:21,1,3,2.35825
75,2022-01-28-02:19:24,3,2,2.72603
76,2022-01-28-02:19:27,2,1,3.47563
77,2022-01-28-02:19:36,1,6,8.74641
78,2022-01-28-02:20:22,6,7,38.43408
79,2022-01-28-02:20:26,7,0,3.05421
80,2022-01-28-02:20:27,0,1,1.12186
81,2022-01-28-02:20:30,1,6,3.61795
82,2022-01-28-02:20:33,6,2,3.16383
83,2022-01-28-02:20:37,2,6,3.22250
84,2022-01-28-02:20:40,6,2,3.81817
85,2022-01-28-02:20:43,2,3,2.57562
86,2022-01-28-02:20:45,3,5,2.24823
87,2022-01-28-02:20:48,5,3,2.25782
88,2022-01-28-02:20:50,3,4,2.15421
89,2022-01-28-02:20:51,4,0,1.65159
90,2022-01-28-02:20:55,0,6,3.52152
91,2022-01-28-02:20:58,6,4,3.52855
92,2022-01-28-02:21:00,4,2,1.89492
93,2022-01-28-02:21:03,2,3,2.68894
94,2022-01-28-02:21:05,3,5,2.27921
95,2022-01-28-02:21:08,5,7,2.66390
96,2022-01-28-02:21:10,7,0,1.95533
97,2022-01-28-02:21:12,0,7,2.03235
98,2022-01-28-02:21:14,7,4,1.93456
99,2022-01-28-02:21:15,4,0,1.59874
100,2022-01-28-02:21:17,0,2,1.82271
101,2022-01-28-02:21:19,2,5,1.57136
102,2022-01-28-02:21:21,5,0,2.07112
103,2022-01-28-02:21:23,0,4,1.55955
104,2022-01-28-02:21:24,4,0,1.71411
105,2022-01-28-02:21:26,0,7,2.16005
106,2022-01-28-02:21:28,7,1,1.72362
107,2022-01-28-02:21:30,1,4,1.48023
108,2022-01-28-02:21:31,4,0,1.56557
109,2022-01-28-02:21:33,0,5,1.98460
110,2022-01-28-02:21:36,5,6,3.20532
111,2022-01-28-02:21:39,6,2,3.14428
112,2022-01-28-02:21:41,2,4,1.90094
113,2022-01-28-02:21:44,4,3,2.19581
114,2022-01-28-02:21:46,3,5,2.26788
115,2022-01-28-02:21:48,5,1,2.07253
116,2022-01-28-02:21:49,1,0,1.15413
117,2022-01-28-02:21:51,0,7,2.04675
118,2022-01-28-02:21:54,7,2,2.62587
119,2022-01-28-02:21:55,2,5,1.61695
120,2022-01-28-02:21:57,5,1,1.98408
121,2022-01-28-02:21:59,1,4,1.39193
122,2022-01-28-02:22:01,4,3,2.28352
123,2022-01-28-02:22:03,3,4,2.17528
124,2022-01-28-02:22:05,4,7,1.93352
125,2022-01-28-02:22:09,7,6,4.13165
126,2022-01-28-02:22:13,6,7,4.09018
127,2022-01-28-02:22:18,7,6,4.13076
128,2022-01-28-02:22:21,6,3,3.80684
129,2022-01-28-02:22:24,3,1,2.52260
130,2022-01-28-02:22:27,1,6,3.60916
131,2022-01-28-02:22:31,6,5,3.22928
132,2022-01-28-02:22:33,5,1,1.99347
133,2022-01-28-02:22:35,1,3,2.29342
134,2022-01-28-02:22:37,3,0,2.45467
135,2022-01-28-02:22:41,0,6,3.49595
136,2022-01-28-02:22:45,6,7,4.14436
137,2022-01-28-02:22:47,7,0,2.02510
138,2022-01-28-02:22:49,0,5,2.18168
139,2022-01-28-02:22:52,5,7,2.65132
140,2022-01-28-02:22:55,7,5,2.74028
141,2022-01-28-02:22:57,5,0,1.95524
142,2022-01-28-02:22:58,0,4,1.67866
143,2022-01-28-02:23:00,4,2,1.85815
144,2022-01-28-02:23:02,2,4,1.85436
145,2022-01-28-02:23:04,4,2,1.89143
146,2022-01-28-02:23:06,2,1,2.09924
147,2022-01-28-02:23:07,1,4,1.45717
148,2022-01-28-02:23:09,4,0,1.69053
149,2022-01-28-02:23:10,0,1,1.05635
150,2022-01-28-02:23:12,1,4,1.39898
151,2022-01-28-02:23:14,4,5,1.98220
152,2022-01-28-02:23:16,5,0,2.00784
153,2022-01-28-02:23:18,0,3,2.47270
154,2022-01-28-02:23:20,3,0,2.42691
155,2022-01-28-02:23:22,0,7,1.99650
156,2022-01-28-02:23:25,7,2,2.76320
157,2022-01-28-02:23:27,2,0,1.91887
158,2022-01-28-02:23:30,0,3,2.51940
159,2022-01-28-02:23:32,3,4,2.23198
160,2022-01-28-02:23:34,4,3,2.23159
161,2022-01-28-02:23:36,3,4,2.22671
162,2022-01-28-02:23:38,4,0,1.65722
163,2022-01-28-02:23:39,0,1,1.15200
164,2022-01-28-02:23:41,1,4,1.37451
165,2022-01-28-02:23:42,4,0,1.57937
166,2022-01-28-02:23:45,0,3,2.46587
167,2022-01-28-02:23:47,3,1,2.27904
168,2022-01-28-02:23:51,1,6,3.66774
169,2022-01-28-02:23:54,6,4,3.60627
170,2022-01-28-02:23:56,4,2,1.82820
171,2022-01-28-02:23:59,2,3,2.59686
172,2022-01-28-02:24:01,3,4,2.20775
173,2022-01-28-02:24:03,4,3,2.37345
174,2022-01-28-02:24:07,3,6,3.77598
175,2022-01-28-02:24:11,6,3,3.75579
176,2022-01-28-02:24:13,3,1,2.35265
177,2022-01-28-02:24:14,1,0,1.08248
178,2022-01-28-02:24:16,0,5,1.93872
179,2022-01-28-02:24:18,5,2,1.64971
180,2022-01-28-02:24:21,2,6,3.20050
181,2022-01-28-02:24:25,6,1,3.61127
182,2022-01-28-02:24:27,1,3,2.30043
183,2022-01-28-02:24:29,3,5,2.32774
184,2022-01-28-02:24:31,5,1,2.08305
185,2022-01-28-02:24:34,1,3,2.43700
186,2022-01-28-02:24:36,3,2,2.69813
187,2022-01-28-02:24:38,2,5,1.58527
188,2022-01-28-02:24:40,5,1,1.96295
189,2022-01-28-02:24:42,1,3,2.30474
190,2022-01-28-02:24:45,3,5,2.32488
191,2022-01-28-02:24:47,5,7,2.64694
192,2022-01-28-02:24:49,7,3,2.21602
193,2022-01-28-02:24:52,3,4,2.22145
194,2022-01-28-02:24:53,4,1,1.38761
195,2022-01-28-02:24:55,1,2,2.11046
196,2022-01-28-02:24:58,2,6,3.21785
197,2022-01-28-02:25:02,6,7,4.08996
198,2022-01-28-02:25:05,7,3,2.19884
199,2022-01-28-02:25:07,3,0,2.58070
200,2022-01-28-02:25:09,0,5,2.02733
201,2022-01-28-02:25:11,5,0,2.12563
202,2022-01-28-02:25:13,0,2,1.81492
203,2022-01-28-02:25:15,2,0,1.87377
204,2022-01-28-02:25:17,0,5,2.03541
205,2022-01-28-02:25:20,5,6,3.27402
206,2022-01-28-02:25:24,6,1,3.65935
207,2022-01-28-02:25:26,1,5,2.14730
208,2022-01-28-02:25:28,5,2,1.60145
209,2022-01-28-02:25:31,2,3,2.75278
210,2022-01-28-02:25:33,3,4,2.41520
211,2022-01-28-02:25:35,4,2,2.03756
212,2022-01-28-02:25:38,2,3,2.63176
213,2022-01-28-02:25:40,3,7,2.24896
214,2022-01-28-02:25:42,7,1,1.69505
215,2022-01-28-02:25:44,1,3,2.30309
216,2022-01-28-02:25:46,3,1,2.43055
217,2022-01-28-02:25:48,1,2,2.10749
218,2022-01-28-02:25:51,2,1,2.09635
219,2022-01-28-02:25:54,1,6,3.62540
220,2022-01-28-02:25:58,6,3,3.75132
221,2022-01-28-02:26:00,3,0,2.41294
222,2022-01-28-02:26:04,0,6,3.58581
223,2022-01-28-02:26:08,6,3,3.77387
224,2022-01-28-02:26:10,3,1,2.33018
225,2022-01-28-02:26:12,1,4,1.53658
226,2022-01-28-02:26:13,4,1,1.40531
227,2022-01-28-02:26:14,1,4,1.43558
228,2022-01-28-02:26:16,4,5,1.95862
229,2022-01-28-02:26:19,5,3,2.38442
230,2022-01-28-02:26:21,3,2,2.67543
231,2022-01-28-02:26:24,2,3,2.77568
232,2022-01-28-02:26:27,3,1,2.38215
233,2022-01-28-02:26:29,1,5,2.09484
234,2022-01-28-02:26:30,5,2,1.76073
235,2022-01-28-02:26:33,2,1,2.17451
236,2022-01-28-02:26:36,1,6,3.74303
237,2022-01-28-02:26:40,6,1,3.66316
238,2022-01-28-02:26:42,1,5,2.04145
239,2022-01-28-02:26:44,5,1,2.12707
240,2022-01-28-02:26:46,1,2,2.23750
241,2022-01-28-02:26:49,2,3,2.89109
242,2022-01-28-02:26:52,3,0,2.61079
243,2022-01-28-02:26:56,0,6,3.60089
244,2022-01-28-02:26:59,6,2,3.28217
245,2022-01-28-02:27:01,2,1,2.10502
246,2022-01-28-02:27:03,1,7,1.97677
247,2022-01-28-02:27:07,7,6,4.18305
248,2022-01-28-02:27:11,6,0,3.58035
249,2022-01-28-02:27:13,0,7,2.15457
250,2022-01-28-02:27:15,7,1,1.96302
251,2022-01-28-02:27:16,1,0,1.16549
252,2022-01-28-02:27:19,0,3,2.60637
253,2022-01-28-02:27:21,3,5,2.27534
254,2022-01-28-02:27:23,5,0,2.03619
255,2022-01-28-02:27:24,0,1,1.24812
256,2022-01-28-02:27:27,1,3,2.48624
257,2022-01-28-02:27:29,3,1,2.43891
258,2022-01-28-02:27:31,1,5,2.17319
259,2022-01-28-02:27:35,5,6,3.31969
260,2022-01-28-02:27:38,6,0,3.68447
261,2022-01-28-02:27:40,0,4,1.74646
262,2022-01-28-02:27:44,4,6,3.77302
263,2022-01-28-02:27:48,6,3,3.73363
264,2022-01-28-02:27:50,3,4,2.30998
265,2022-01-28-02:28:22,4,6,32.29965
266,2022-01-28-02:28:26,6,5,3.35820
267,2022-01-28-02:28:28,5,1,2.09957
268,2022-01-28-02:28:29,1,7,1.81487
269,2022-01-28-02:28:32,7,2,2.81791
270,2022-01-28-02:28:34,2,4,1.81102
271,2022-01-28-02:28:36,4,5,1.98356
272,2022-01-28-02:28:38,5,2,1.61383
273,2022-01-28-02:28:40,2,4,2.03927
274,2022-01-28-02:28:43,4,6,3.78097
275,2022-01-28-02:28:47,6,4,3.60063
276,2022-01-28-02:28:49,4,3,2.36521
277,2022-01-28-02:28:52,3,1,2.41346
278,2022-01-28-02:28:54,1,5,2.02717
279,2022-01-28-02:28:56,5,1,2.13480
280,2022-01-28-02:29:00,1,6,3.72131
281,2022-01-28-02:29:03,6,4,3.69390
282,2022-01-28-02:29:06,4,7,2.05680
283,2022-01-28-02:29:08,7,1,2.05317
284,2022-01-28-02:29:09,1,7,1.83771
285,2022-01-28-02:29:12,7,5,2.72280
286,2022-01-28-02:29:14,5,0,2.08766
287,2022-01-28-02:29:16,0,2,1.87063
288,2022-01-28-02:29:18,2,1,2.16864
289,2022-01-28-02:29:20,1,4,1.45869
290,2022-01-28-02:29:22,4,3,2.45478
291,2022-01-28-02:29:26,3,6,3.73670
292,2022-01-28-02:29:30,6,4,3.71786
293,2022-01-28-02:29:32,4,3,2.37812
294,2022-01-28-02:29:34,3,1,2.40645
295,2022-01-28-02:29:36,1,5,2.04693
296,2022-01-28-02:29:38,5,4,2.00414
297,2022-01-28-02:29:40,4,0,1.76474
298,2022-01-28-02:29:41,0,1,1.20290
299,2022-01-28-02:29:43,1,7,1.77362
300,2022-01-28-02:29:45,7,4,2.10018
301,2022-01-28-02:29:47,4,2,1.95453
302,2022-01-28-02:29:50,2,3,2.79579
303,2022-01-28-02:29:53,3,2,2.83812
304,2022-01-28-02:29:55,2,1,2.19800
305,2022-01-28-02:29:57,1,7,2.02250
306,2022-01-28-02:29:59,7,4,2.14055
307,2022-01-28-02:30:01,4,7,2.09980
308,2022-01-28-02:30:04,7,5,2.71543
309,2022-01-28-02:30:06,5,0,2.16428
310,2022-01-28-02:30:09,0,3,2.61504
311,2022-01-28-02:30:11,3,5,2.43964
312,2022-01-28-02:30:15,5,6,3.36451
313,2022-01-28-02:30:19,6,3,3.93695
314,2022-01-28-02:30:21,3,7,2.33407
315,2022-01-28-02:30:23,7,4,2.08460
316,2022-01-28-02:30:25,4,3,2.32444
317,2022-01-28-02:30:28,3,0,2.49633
318,2022-01-28-02:30:30,0,7,2.13594
319,2022-01-28-02:30:32,7,3,2.32127
320,2022-01-28-02:30:35,3,5,2.42670
321,2022-01-28-02:30:38,5,6,3.24450
322,2022-01-28-02:30:42,6,1,3.78729
323,2022-01-28-02:30:43,1,0,1.12135
324,2022-01-28-02:30:45,0,5,1.96248
325,2022-01-28-02:30:48,5,6,3.39447
326,2022-01-28-02:30:52,6,4,3.70991
327,2022-01-28-02:30:54,4,1,1.58502
328,2022-01-28-02:30:56,1,2,2.41380
329,2022-01-28-02:30:58,2,1,2.14538
330,2022-01-28-02:31:01,1,3,2.44607
331,2022-01-28-02:31:04,3,6,3.78602
332,2022-01-28-02:31:08,6,3,3.91932
333,2022-01-28-02:31:11,3,1,2.39962
334,2022-01-28-02:31:12,1,0,1.29272
335,2022-01-28-02:31:14,0,2,2.07004
336,2022-01-28-02:31:16,2,4,2.10750
337,2022-01-28-02:31:18,4,3,2.20277
338,2022-01-28-02:31:21,3,4,2.18380
339,2022-01-28-02:31:24,4,6,3.66154
340,2022-01-28-02:31:28,6,1,3.89355
341,2022-01-28-02:31:30,1,5,2.19426
342,2022-01-28-02:31:33,5,7,2.88371
343,2022-01-28-02:31:35,7,1,1.83963
344,2022-01-28-02:31:37,1,3,2.38693
345,2022-01-28-02:31:40,3,5,2.57693
346,2022-01-28-02:31:42,5,4,2.01300
347,2022-01-28-02:31:44,4,1,1.57867
348,2022-01-28-02:31:46,1,5,2.22745
349,2022-01-28-02:31:48,5,2,1.95199
350,2022-01-28-02:31:50,2,5,1.79311
351,2022-01-28-02:31:51,5,2,1.81547
352,2022-01-28-02:31:54,2,4,2.34542
353,2022-01-28-02:31:56,4,3,2.47492
354,2022-01-28-02:31:59,3,4,2.42251
355,2022-01-28-02:32:01,4,2,2.29754
356,2022-01-28-02:32:03,2,5,1.67749
357,2022-01-28-02:32:05,5,1,2.17047
358,2022-01-28-02:32:07,1,5,2.03494
359,2022-01-28-02:32:09,5,2,1.99595
360,2022-01-28-02:32:11,2,1,2.38357
361,2022-01-28-02:32:13,1,4,1.62568
362,2022-01-28-02:32:15,4,2,1.91274
363,2022-01-28-02:32:18,2,6,3.65296
364,2022-01-28-02:32:23,6,3,4.07928
365,2022-01-28-02:32:27,3,6,4.14139
366,2022-01-28-02:32:30,6,2,3.52192
367,2022-01-28-02:32:33,2,6,3.28950
368,2022-01-28-02:32:38,6,3,4.11373
369,2022-01-28-02:32:41,3,2,3.03494
370,2022-01-28-02:32:42,2,5,1.80006
371,2022-01-28-02:32:45,5,1,2.39723
372,2022-01-28-02:32:47,1,3,2.66235
373,2022-01-28-02:32:50,3,1,2.47278
374,2022-01-28-02:32:54,1,6,3.86218
375,2022-01-28-02:32:57,6,5,3.57446
376,2022-01-28-02:33:00,5,4,2.13103
377,2022-01-28-02:33:02,4,3,2.35085
378,2022-01-28-02:33:05,3,2,2.78121
379,2022-01-28-02:33:08,2,6,3.61518
380,2022-01-28-02:33:12,6,0,3.78583
381,2022-01-28-02:33:13,0,1,1.13408
382,2022-01-28-02:33:16,1,3,2.37452
383,2022-01-28-02:33:18,3,7,2.32048
384,2022-01-28-02:33:20,7,0,2.26088
385,2022-01-28-02:33:24,0,6,3.84625
386,2022-01-28-02:33:28,6,0,3.79804
387,2022-01-28-02:33:30,0,4,2.16483
388,2022-01-28-02:33:32,4,0,1.87754
389,2022-01-28-02:33:36,0,6,3.97430
390,2022-01-28-02:33:40,6,0,3.82855
391,2022-01-28-02:33:42,0,5,2.01642
392,2022-01-28-02:33:44,5,0,2.12058
393,2022-01-28-02:33:48,0,6,4.12985
394,2022-01-28-02:33:52,6,0,3.63693
395,2022-01-28-02:33:55,0,6,3.72206
396,2022-01-28-02:33:59,6,4,3.75984
397,2022-01-28-02:34:01,4,2,2.05819
398,2022-01-28-02:34:03,2,4,2.16501
399,2022-01-28-02:34:05,4,0,1.99222
400,2022-01-28-02:34:09,0,6,3.96455
401,2022-01-28-02:34:13,6,3,3.96965
402,2022-01-28-02:34:16,3,4,2.30251
403,2022-01-28-02:34:19,4,6,3.72556
404,2022-01-28-02:34:23,6,4,3.66535
405,2022-01-28-02:34:25,4,0,1.76499
406,2022-01-28-02:34:26,0,1,1.34736
407,2022-01-28-02:34:28,1,2,2.28623
408,2022-01-28-02:34:31,2,1,2.29750
409,2022-01-28-02:34:32,1,0,1.44705
410,2022-01-28-02:34:36,0,6,3.71790
411,2022-01-28-02:34:40,6,7,4.44476
412,2022-01-28-02:34:43,7,3,2.39356
413,2022-01-28-02:34:45,3,5,2.44425
414,2022-01-28-02:34:47,5,4,2.32686
415,2022-01-28-02:34:50,4,3,2.53904
416,2022-01-28-02:34:53,3,0,2.78378
417,2022-01-28-02:34:55,0,5,2.32691
418,2022-01-28-02:34:57,5,4,2.15276
419,2022-01-28-02:35:01,4,6,4.06577
420,2022-01-28-02:35:05,6,5,3.34736
421,2022-01-28-02:35:07,5,1,2.55789
422,2022-01-28-02:35:11,1,6,3.85168
423,2022-01-28-02:35:15,6,3,4.01556
424,2022-01-28-02:35:18,3,5,2.58812
425,2022-01-28-02:35:20,5,2,1.93938
426,2022-01-28-02:35:21,2,5,1.83773
427,2022-01-28-02:35:24,5,1,2.17329
428,2022-01-28-02:35:25,1,0,1.36081
429,2022-01-28-02:35:27,0,4,1.97942
430,2022-01-28-02:35:29,4,5,2.38467
431,2022-01-28-02:35:31,5,4,2.05379
432,2022-01-28-02:35:33,4,1,1.50489
433,2022-01-28-02:35:35,1,0,1.61851
434,2022-01-28-02:35:37,0,7,2.36605
435,2022-01-28-02:35:40,7,3,2.67690
436,2022-01-28-02:35:42,3,4,2.64502
437,2022-01-28-02:35:44,4,0,2.02666
438,2022-01-28-02:35:47,0,2,2.23176
439,2022-01-28-02:35:49,2,7,2.84088
440,2022-01-28-02:35:53,7,5,3.29043
441,2022-01-28-02:35:55,5,0,2.22710
442,2022-01-28-02:35:57,0,7,2.12568
443,2022-01-28-02:35:59,7,0,2.30860
444,2022-01-28-02:36:02,0,5,2.42991
445,2022-01-28-02:36:04,5,1,2.32589
446,2022-01-28-02:36:06,1,4,1.74740
447,2022-01-28-02:36:08,4,7,2.29757
448,2022-01-28-02:36:11,7,5,2.97807
449,2022-01-28-02:36:13,5,4,2.26971
450,2022-01-28-02:36:15,4,0,2.07269
451,2022-01-28-02:36:18,0,7,2.30229
452,2022-01-28-02:36:21,7,2,3.07587
453,2022-01-28-02:36:23,2,5,1.98797
454,2022-01-28-02:36:26,5,6,3.44908
455,2022-01-28-02:36:30,6,1,4.00012
456,2022-01-28-02:36:34,1,6,4.13289
457,2022-01-28-02:36:38,6,4,4.00344
458,2022-01-28-02:36:41,4,0,2.11053
459,2022-01-28-02:36:43,0,7,2.30955
460,2022-01-28-02:36:46,7,2,2.94294
461,2022-01-28-02:36:48,2,0,2.05122
462,2022-01-28-02:36:50,0,2,2.12810
463,2022-01-28-02:36:52,2,5,1.98973
464,2022-01-28-02:36:55,5,7,3.00008
465,2022-01-28-02:36:57,7,1,2.08586
466,2022-01-28-02:37:00,1,5,2.56004
467,2022-01-28-02:37:02,5,3,2.65404
468,2022-01-28-02:37:05,3,0,2.64469
469,2022-01-28-02:37:09,0,6,4.01241
470,2022-01-28-02:37:12,6,5,3.42096
471,2022-01-28-02:37:15,5,4,2.29911
472,2022-01-28-02:37:16,4,1,1.80322
473,2022-01-28-02:37:18,1,4,1.74859
474,2022-01-28-02:37:20,4,7,2.32024
475,2022-01-28-02:37:25,7,6,4.50163
476,2022-01-28-02:37:29,6,3,3.89400
477,2022-01-28-02:37:31,3,7,2.38976
478,2022-01-28-02:37:34,7,4,2.52510
479,2022-01-28-02:37:38,4,6,3.90191
480,2022-01-28-02:37:41,6,5,3.33789
481,2022-01-28-02:37:43,5,4,2.22816
482,2022-01-28-02:37:45,4,0,2.01338
483,2022-01-28-02:37:48,0,5,2.41843
484,2022-01-28-02:37:51,5,6,3.66977
485,2022-01-28-02:37:55,6,4,3.91655
486,2022-01-28-02:37:58,4,3,2.57659
487,2022-01-28-02:38:01,3,7,2.69575
488,2022-01-28-02:38:03,7,0,2.41810
489,2022-01-28-02:38:05,0,7,2.32426
490,2022-01-28-02:38:08,7,4,2.41840
491,2022-01-28-02:38:10,4,3,2.61516
492,2022-01-28-02:38:13,3,7,2.47239
493,2022-01-28-02:38:17,7,6,4.56753
494,2022-01-28-02:38:21,6,4,4.03704
495,2022-01-28-02:38:25,4,6,3.92468
496,2022-01-28-02:38:29,6,4,3.97692
497,2022-01-28-02:38:31,4,0,2.03260
498,2022-01-28-02:38:35,0,6,3.90909
499,2022-01-28-02:38:40,6,7,4.40421
500,2022-01-28-02:38:42,7,0,2.43740
501,2022-01-28-02:38:45,0,3,2.68876
502,2022-01-28-02:38:48,3,4,2.95268
503,2022-01-28-02:38:52,4,6,4.08557
504,2022-01-28-02:38:56,6,4,4.00237
505,2022-01-28-02:38:58,4,5,2.33199
506,2022-01-28-02:39:00,5,0,2.21475
507,2022-01-28-02:39:03,0,7,2.39067
508,2022-01-28-02:39:06,7,5,2.92175
509,2022-01-28-02:39:09,5,6,3.71009
510,2022-01-28-02:39:13,6,3,4.07420
511,2022-01-28-02:39:17,3,2,3.18236
512,2022-01-28-02:39:20,2,3,2.97944
513,2022-01-28-02:39:23,3,2,2.94890
514,2022-01-28-02:39:25,2,0,2.08541
515,2022-01-28-02:39:29,0,6,3.82642
516,2022-01-28-02:39:32,6,5,3.52426
517,2022-01-28-02:39:35,5,2,2.43383
518,2022-01-28-02:39:38,2,6,3.56746
519,2022-01-28-02:39:42,6,3,4.38465
520,2022-01-28-02:39:47,3,6,4.12126
521,2022-01-28-02:39:51,6,7,4.56295
522,2022-01-28-02:39:54,7,2,3.00452
523,2022-01-28-02:39:58,2,6,3.65645
524,2022-01-28-02:40:03,6,7,4.69949
525,2022-01-28-02:40:05,7,0,2.44218
526,2022-01-28-02:40:07,0,1,1.56284
527,2022-01-28-02:40:09,1,5,2.62759
528,2022-01-28-02:40:12,5,0,2.44372
529,2022-01-28-02:40:13,0,1,1.45336
530,2022-01-28-02:40:16,1,5,2.69427
531,2022-01-28-02:40:19,5,3,2.79383
532,2022-01-28-02:40:21,3,7,2.61055
533,2022-01-28-02:40:24,7,0,2.43011
534,2022-01-28-02:40:25,0,1,1.44602
535,2022-01-28-02:40:27,1,4,2.02650
536,2022-01-28-02:40:29,4,7,2.32740
537,2022-01-28-02:40:32,7,1,2.14345
538,2022-01-28-02:40:34,1,5,2.63432
539,2022-01-28-02:40:37,5,3,2.85740
540,2022-01-28-02:40:40,3,0,2.95158
541,2022-01-28-02:40:42,0,1,1.61283
542,2022-01-28-02:40:44,1,5,2.35801
543,2022-01-28-02:40:46,5,2,1.89935
544,2022-01-28-02:40:49,2,7,3.04972
545,2022-01-28-02:40:53,7,6,4.52562
546,2022-01-28-02:40:58,6,7,4.59337
547,2022-01-28-02:41:00,7,1,2.17431
548,2022-01-28-02:41:03,1,5,2.40084
549,2022-01-28-02:41:06,5,6,3.64619
550,2022-01-28-02:41:10,6,4,4.15704
551,2022-01-28-02:41:13,4,7,2.47057
552,2022-01-28-02:41:18,7,6,4.74893
553,2022-01-28-02:41:22,6,7,4.72957
554,2022-01-28-02:41:26,7,2,3.16389
555,2022-01-28-02:41:28,2,5,2.14907
556,2022-01-28-02:41:30,5,1,2.46189
557,2022-01-28-02:41:32,1,5,2.33498
558,2022-01-28-02:41:36,5,6,3.63567
559,2022-01-28-02:41:40,6,4,4.28234
560,2022-01-28-02:41:43,4,5,2.40585
561,2022-01-28-02:41:46,5,3,2.80543
562,2022-01-28-02:41:48,3,5,2.65717
563,2022-01-28-02:41:52,5,6,3.64355
564,2022-01-28-02:41:56,6,0,4.17523
565,2022-01-28-02:41:59,0,3,2.94147
566,2022-01-28-02:42:02,3,2,3.22766
567,2022-01-28-02:42:04,2,5,2.03388
568,2022-01-28-02:42:07,5,1,2.54863
569,2022-01-28-02:42:08,1,0,1.35552
570,2022-01-28-02:42:11,0,5,2.30052
571,2022-01-28-02:42:13,5,4,2.19204
572,2022-01-28-02:42:14,4,1,1.69201
573,2022-01-28-02:42:17,1,3,2.71228
574,2022-01-28-02:42:20,3,0,2.76223
575,2022-01-28-02:42:23,0,3,2.97456
576,2022-01-28-02:42:26,3,7,2.96698
577,2022-01-28-02:42:28,7,4,2.18070
578,2022-01-28-02:42:30,4,0,1.94721
579,2022-01-28-02:42:32,0,4,2.06413
580,2022-01-28-02:42:36,4,6,4.26798
581,2022-01-28-02:42:40,6,2,3.51894
582,2022-01-28-02:42:42,2,5,2.01054
583,2022-01-28-02:42:44,5,4,2.17033
584,2022-01-28-02:42:46,4,7,2.51122
585,2022-01-28-02:42:50,7,5,3.00537
586,2022-01-28-02:42:53,5,6,3.96185
587,2022-01-28-02:42:57,6,3,3.93162
588,2022-01-28-02:43:00,3,5,2.60342
589,2022-01-28-02:43:03,5,3,2.60923
590,2022-01-28-02:43:07,3,6,4.34587
591,2022-01-28-02:43:11,6,0,3.96031
592,2022-01-28-02:43:13,0,4,1.95989
593,2022-01-28-02:43:17,4,6,3.76023
594,2022-01-28-02:43:21,6,0,4.13579
595,2022-01-28-02:43:23,0,4,2.02336
596,2022-01-28-02:43:25,4,1,2.04473
597,2022-01-28-02:43:26,1,0,1.39959
598,2022-01-28-02:43:29,0,3,2.92245
599,2022-01-28-02:43:32,3,0,2.88931
600,2022-01-28-02:43:35,0,5,2.43416
601,2022-01-28-02:43:38,5,7,3.13535
602,2022-01-28-02:43:41,7,5,3.31055
603,2022-01-28-02:43:43,5,4,2.52639
604,2022-01-28-02:43:46,4,0,2.05069
605,2022-01-28-02:43:48,0,2,2.16792
606,2022-01-28-02:43:50,2,5,1.86211
607,2022-01-28-02:43:52,5,2,1.98184
608,2022-01-28-02:43:55,2,6,3.66834
609,2022-01-28-02:43:59,6,5,3.55017
610,2022-01-28-02:44:01,5,1,2.58542
611,2022-01-28-02:44:03,1,7,2.07998
612,2022-01-28-02:44:06,7,0,2.37544
613,2022-01-28-02:44:08,0,2,2.25299
614,2022-01-28-02:44:12,2,6,3.77382
615,2022-01-28-02:44:15,6,5,3.58103
616,2022-01-28-02:44:18,5,0,2.18168
617,2022-01-28-02:44:22,0,6,4.00302
618,2022-01-28-02:44:26,6,4,4.30073
619,2022-01-28-02:44:30,4,6,3.86862
620,2022-01-28-02:44:34,6,7,4.48326
621,2022-01-28-02:44:37,7,2,3.07748
622,2022-01-28-02:44:41,2,3,3.13731
623,2022-01-28-02:44:43,3,4,2.58299
624,2022-01-28-02:44:45,4,0,2.09493
625,2022-01-28-02:44:47,0,1,1.60115
626,2022-01-28-02:44:49,1,0,1.96099
627,2022-01-28-02:44:51,0,4,2.35504
628,2022-01-28-02:44:55,4,6,4.07568
629,2022-01-28-02:44:59,6,0,3.99129
630,2022-01-28-02:45:02,0,5,2.67691
631,2022-01-28-02:45:05,5,7,3.50868
632,2022-01-28-02:45:08,7,0,2.62577
633,2022-01-28-02:45:10,0,4,2.15871
634,2022-01-28-02:45:13,4,7,2.68676
635,2022-01-28-02:45:15,7,0,2.47789
636,2022-01-28-02:45:19,0,6,4.09629
637,2022-01-28-02:45:23,6,0,4.05964
638,2022-01-28-02:45:27,0,3,3.16243
639,2022-01-28-02:45:29,3,1,2.68105
640,2022-01-28-02:45:32,1,2,2.46097
641,2022-01-28-02:45:35,2,3,3.10963
642,2022-01-28-02:45:38,3,2,3.22108
643,2022-01-28-02:45:41,2,5,2.31641
644,2022-01-28-02:45:43,5,4,2.48744
645,2022-01-28-02:45:46,4,2,2.49033
646,2022-01-28-02:45:48,2,0,2.40835
647,2022-01-28-02:45:51,0,3,2.83151
648,2022-01-28-02:45:54,3,0,2.99280
649,2022-01-28-02:45:56,0,2,2.28739
650,2022-01-28-02:45:59,2,3,3.03291
651,2022-01-28-02:46:02,3,7,2.62178
652,2022-01-28-02:46:04,7,1,2.32471
653,2022-01-28-02:46:06,1,0,1.62969
654,2022-01-28-02:46:10,0,6,3.99163
655,2022-01-28-02:46:13,6,5,3.55111
656,2022-01-28-02:46:16,5,3,2.89217
657,2022-01-28-02:46:19,3,7,2.68935
658,2022-01-28-02:46:21,7,1,2.28754
659,2022-01-28-02:46:24,1,3,2.77210
660,2022-01-28-02:46:26,3,4,2.60972
661,2022-01-28-02:46:29,4,2,2.27941
662,2022-01-28-02:46:31,2,4,2.22469
663,2022-01-28-02:46:35,4,6,4.09688
664,2022-01-28-02:46:39,6,2,3.45244
665,2022-01-28-02:46:41,2,0,2.24161
666,2022-01-28-02:46:44,0,3,2.81104
667,2022-01-28-02:46:46,3,7,2.88976
668,2022-01-28-02:46:50,7,2,3.40129
669,2022-01-28-02:46:52,2,0,2.27744
670,2022-01-28-02:46:54,0,4,2.00146
671,2022-01-28-02:46:57,4,7,2.43615
672,2022-01-28-02:47:01,7,6,4.54854
673,2022-01-28-02:47:06,6,1,4.43945
674,2022-01-28-02:47:09,1,3,2.92288
675,2022-01-28-02:47:12,3,1,2.96668
676,2022-01-28-02:47:14,1,5,2.49331
677,2022-01-28-02:47:17,5,1,2.52535
678,2022-01-28-02:47:19,1,7,2.34235
679,2022-01-28-02:47:22,7,2,3.25062
680,2022-01-28-02:47:26,2,6,3.75350
681,2022-01-28-02:47:30,6,2,3.59732
682,2022-01-28-02:47:32,2,5,1.99511
683,2022-01-28-02:47:34,5,2,2.13867
684,2022-01-28-02:47:37,2,6,3.66755
685,2022-01-28-02:47:41,6,4,3.75748
686,2022-01-28-02:47:45,4,6,4.05911
687,2022-01-28-02:47:49,6,4,3.96586
688,2022-01-28-02:47:52,4,2,2.38935
689,2022-01-28-02:47:54,2,5,2.16436
690,2022-01-28-02:47:56,5,3,2.68807
691,2022-01-28-02:48:01,3,6,4.30033
692,2022-01-28-02:48:05,6,1,4.32534
693,2022-01-28-02:48:06,1,0,1.39932
694,2022-01-28-02:48:09,0,5,2.43638
695,2022-01-28-02:48:12,5,7,3.07755
696,2022-01-28-02:48:15,7,4,2.73882
697,2022-01-28-02:48:16,4,1,1.73453
698,2022-01-28-02:48:19,1,3,2.93332
699,2022-01-28-02:48:22,3,5,3.13923
700,2022-01-28-02:48:25,5,2,2.08564
701,2022-01-28-02:48:26,2,5,1.89081
702,2022-01-28-02:48:28,5,2,1.99924
703,2022-01-28-02:48:31,2,3,2.93897
704,2022-01-28-02:48:34,3,5,2.74937
705,2022-01-28-02:48:37,5,3,2.69661
706,2022-01-28-02:48:40,3,2,3.14440
707,2022-01-28-02:48:43,2,1,2.70682
708,2022-01-28-02:48:45,1,4,2.24627
709,2022-01-28-02:48:47,4,5,2.20857
710,2022-01-28-02:48:50,5,4,2.40783
711,2022-01-28-02:48:52,4,5,2.32909
712,2022-01-28-02:48:54,5,3,2.59372
713,2022-01-28-02:48:57,3,4,2.49457
714,2022-01-28-02:48:59,4,7,2.26979
715,2022-01-28-02:49:02,7,2,3.21167
716,2022-01-28-02:49:05,2,0,2.19923
717,2022-01-28-02:49:07,0,2,2.33873
718,2022-01-28-02:49:09,2,1,2.40954
719,2022-01-28-02:49:12,1,2,2.41580
720,2022-01-28-02:49:15,2,3,3.12065
721,2022-01-28-02:49:18,3,5,2.75291
722,2022-01-28-02:49:21,5,7,2.96546
723,2022-01-28-02:49:24,7,2,3.40447
724,2022-01-28-02:49:28,2,6,3.64704
725,2022-01-28-02:49:32,6,1,4.16201
726,2022-01-28-02:49:34,1,4,1.88022
727,2022-01-28-02:49:36,4,0,2.07004
728,2022-01-28-02:49:39,0,3,2.89119
729,2022-01-28-02:49:42,3,0,2.88188
730,2022-01-28-02:49:44,0,4,1.97580
731,2022-01-28-02:49:46,4,7,2.53823
732,2022-01-28-02:49:48,7,4,2.33703
733,2022-01-28-02:49:51,4,5,2.17657
734,2022-01-28-02:49:53,5,1,2.44641
735,2022-01-28-02:49:56,1,3,2.85701
736,2022-01-28-02:49:59,3,0,2.71055
737,2022-01-28-02:50:01,0,7,2.49366
738,2022-01-28-02:50:04,7,1,2.53239
739,2022-01-28-02:50:07,1,3,2.95385
740,2022-01-28-02:50:10,3,0,3.09088
741,2022-01-28-02:50:13,0,3,3.17860
742,2022-01-28-02:50:16,3,5,2.86996
743,2022-01-28-02:50:19,5,7,3.40302
744,2022-01-28-02:50:24,7,6,4.77829
745,2022-01-28-02:50:29,6,7,4.69283
746,2022-01-28-02:50:31,7,3,2.81891
747,2022-01-28-02:50:34,3,4,2.68070
748,2022-01-28-02:50:36,4,0,2.14727
749,2022-01-28-02:50:39,0,7,2.39686
750,2022-01-28-02:50:42,7,5,2.99629
751,2022-01-28-02:50:44,5,0,2.49353
752,2022-01-28-02:50:47,0,5,2.54254
753,2022-01-28-02:50:49,5,1,2.52367
754,2022-01-28-02:50:52,1,2,2.54147
755,2022-01-28-02:50:54,2,0,2.58518
756,2022-01-28-02:50:57,0,5,2.38433
757,2022-01-28-02:50:59,5,2,2.03769
758,2022-01-28-02:51:01,2,4,2.37673
759,2022-01-28-02:51:05,4,6,4.09619
760,2022-01-28-02:51:09,6,4,3.96565
761,2022-01-28-02:51:12,4,2,2.32004
762,2022-01-28-02:51:15,2,3,2.96786
763,2022-01-28-02:51:18,3,2,3.00051
764,2022-01-28-02:51:20,2,0,2.49038
765,2022-01-28-02:51:22,0,5,2.41228
766,2022-01-28-02:51:25,5,0,2.77500
767,2022-01-28-02:51:28,0,5,2.79501
768,2022-01-28-02:51:31,5,7,3.29610
769,2022-01-28-02:51:34,7,2,3.17051
770,2022-01-28-02:51:38,2,7,3.20320
771,2022-01-28-02:51:40,7,3,2.59521
772,2022-01-28-02:51:44,3,6,3.94537
773,2022-01-28-02:51:48,6,3,3.84082
774,2022-01-28-02:51:51,3,4,2.64907
775,2022-01-28-02:51:53,4,5,2.09599
776,2022-01-