--- Start
Calibration finished !

Learning mode activated? 
False
iteration,date,init_position,final_position,time
0,2022-01-02-10:51:06,-1,0,2.266233
1,2022-01-02-10:51:08,0,3,2.324138
2,2022-01-02-10:51:10,3,1,2.204025
3,2022-01-02-10:51:13,1,3,2.244204
4,2022-01-02-10:51:15,3,2,2.537067
5,2022-01-02-10:51:18,2,6,3.088454
6,2022-01-02-10:51:22,6,4,3.416869
7,2022-01-02-10:51:24,4,5,1.768070
8,2022-01-02-10:51:26,5,7,2.576810
9,2022-01-02-10:51:28,7,3,2.109353
10,2022-01-02-10:51:30,3,1,2.216606
11,2022-01-02-10:51:34,1,6,3.521313
12,2022-01-02-10:51:37,6,0,3.471859
13,2022-01-02-10:51:39,0,2,1.703339
14,2022-01-02-10:51:41,2,1,1.962234
15,2022-01-02-10:51:43,1,5,1.925167
16,2022-01-02-10:51:45,5,3,2.140017
17,2022-01-02-10:51:47,3,4,2.098967
18,2022-01-02-10:51:51,4,6,3.417929
19,2022-01-02-10:51:55,6,7,3.971776
20,2022-01-02-10:51:57,7,2,2.555716
21,2022-01-02-10:52:00,2,7,2.624609
22,2022-01-02-10:52:02,7,5,2.539061
23,2022-01-02-10:52:05,5,7,2.545769
24,2022-01-02-10:52:07,7,1,1.671673
25,2022-01-02-10:52:09,1,2,1.925466
26,2022-01-02-10:52:11,2,3,2.557272
27,2022-01-02-10:52:14,3,2,2.571564
28,2022-01-02-10:52:16,2,1,1.936389
29,2022-01-02-10:52:17,1,7,1.648494
30,2022-01-02-10:52:21,7,6,4.066901
31,2022-01-02-10:52:25,6,3,3.632922
32,2022-01-02-10:52:28,3,2,2.569283
33,2022-01-02-10:52:30,2,3,2.547077
34,2022-01-02-10:52:32,3,0,2.362881
35,2022-01-02-10:52:35,0,3,2.350542
36,2022-01-02-10:52:37,3,5,2.139825
37,2022-01-02-10:52:39,5,4,1.733019
38,2022-01-02-10:52:40,4,0,1.493158
39,2022-01-02-10:52:44,0,6,3.454040
40,2022-01-02-10:52:47,6,3,3.609362
41,2022-01-02-10:52:50,3,2,2.560980
42,2022-01-02-10:52:52,2,7,2.546284
43,2022-01-02-10:52:54,7,1,1.648730
44,2022-01-02-10:52:56,1,7,1.641974
45,2022-01-02-10:53:00,7,6,3.966947
46,2022-01-02-10:53:03,6,2,3.074540
47,2022-01-02-10:53:05,2,7,2.559897
48,2022-01-02-10:53:07,7,4,1.833837
49,2022-01-02-10:53:09,4,3,2.100115
50,2022-01-02-10:53:11,3,0,2.352929
51,2022-01-02-10:53:13,0,4,1.511353
52,2022-01-02-10:53:14,4,1,1.275580
53,2022-01-02-10:53:16,1,2,1.935998
54,2022-01-02-10:53:19,2,6,3.057361
55,2022-01-02-10:53:22,6,2,3.064872
56,2022-01-02-10:53:25,2,6,3.049095
57,2022-01-02-10:53:28,6,2,3.045161
58,2022-01-02-10:53:30,2,0,1.697097
59,2022-01-02-10:53:33,0,3,2.382771
60,2022-01-02-10:53:35,3,1,2.194943
61,2022-01-02-10:53:37,1,5,1.890915
62,2022-01-02-10:53:39,5,1,1.928758
63,2022-01-02-10:53:40,1,5,1.908114
64,2022-01-02-10:53:42,5,4,1.742485
65,2022-01-02-10:53:44,4,0,1.479996
66,2022-01-02-10:53:46,0,5,1.875587
67,2022-01-02-10:53:48,5,7,2.567197
68,2022-01-02-10:53:52,7,6,3.993404
69,2022-01-02-10:53:56,6,4,3.429745
70,2022-01-02-10:53:57,4,0,1.485707
71,2022-01-02-10:53:59,0,5,1.859525
72,2022-01-02-10:54:01,5,0,1.843438
73,2022-01-02-10:54:04,0,6,3.436904
74,2022-01-02-10:54:08,6,0,3.439456
75,2022-01-02-10:54:10,0,7,1.927454
76,2022-01-02-10:54:12,7,3,2.089983
77,2022-01-02-10:54:14,3,1,2.189126
78,2022-01-02-10:54:15,1,0,0.980929
79,2022-01-02-10:54:16,0,2,1.683126
80,2022-01-02-10:54:18,2,5,1.487251
81,2022-01-02-10:54:19,5,2,1.485362
82,2022-01-02-10:54:21,2,0,1.691327
83,2022-01-02-10:54:25,0,6,3.413797
84,2022-01-02-10:54:28,6,1,3.553676
85,2022-01-02-10:54:29,1,0,1.015838
86,2022-01-02-10:54:31,0,3,2.351724
87,2022-01-02-10:54:34,3,7,2.117856
88,2022-01-02-10:54:38,7,6,3.997132
89,2022-01-02-10:54:41,6,4,3.449789
90,2022-01-02-10:54:42,4,1,1.313864
91,2022-01-02-10:54:44,1,7,1.654215
92,2022-01-02-10:54:47,7,2,2.554458
93,2022-01-02-10:54:48,2,4,1.756025
94,2022-01-02-10:54:50,4,3,2.083077
95,2022-01-02-10:54:53,3,1,2.221429
96,2022-01-02-10:54:54,1,7,1.636531
97,2022-01-02-10:54:56,7,0,1.883780
98,2022-01-02-10:54:58,0,2,1.716788
99,2022-01-02-10:54:59,2,5,1.512327
100,2022-01-02-10:55:01,5,2,1.490565
101,2022-01-02-10:55:03,2,0,1.705280
102,2022-01-02-10:55:04,0,5,1.839729
103,2022-01-02-10:55:06,5,4,1.729451
104,2022-01-02-10:55:08,4,2,1.730900
105,2022-01-02-10:55:11,2,6,3.052803
106,2022-01-02-10:55:14,6,5,3.065477
107,2022-01-02-10:55:16,5,1,1.880929
108,2022-01-02-10:55:18,1,7,1.638241
109,2022-01-02-10:55:20,7,3,2.105773
110,2022-01-02-10:55:22,3,4,2.121775
111,2022-01-02-10:55:23,4,2,1.751092
112,2022-01-02-10:55:26,2,7,2.548704
113,2022-01-02-10:55:28,7,4,1.837617
114,2022-01-02-10:55:31,4,6,3.439186
115,2022-01-02-10:55:35,6,3,3.589528
116,2022-01-02-10:55:37,3,5,2.133677
117,2022-01-02-10:55:39,5,0,1.828846
118,2022-01-02-10:55:41,0,2,1.690586
119,2022-01-02-10:55:43,2,7,2.544391
120,2022-01-02-10:55:45,7,1,1.634333
121,2022-01-02-10:55:46,1,4,1.288882
122,2022-01-02-10:55:49,4,6,3.446606
123,2022-01-02-10:55:53,6,4,3.404579
124,2022-01-02-10:55:55,4,7,1.892973
125,2022-01-02-10:55:57,7,5,2.524848
126,2022-01-02-10:56:00,5,6,3.034166
127,2022-01-02-10:56:04,6,1,3.531343
128,2022-01-02-10:56:06,1,2,1.987028
129,2022-01-02-10:56:09,2,6,3.036900
130,2022-01-02-10:56:13,6,3,3.631996
131,2022-01-02-10:56:16,3,6,3.629884
132,2022-01-02-10:56:19,6,5,3.031772
133,2022-01-02-10:56:22,5,7,2.541332
134,2022-01-02-10:56:24,7,4,1.878636
135,2022-01-02-10:56:25,4,7,1.835661
136,2022-01-02-10:56:29,7,6,3.965644
137,2022-01-02-10:56:32,6,5,3.054694
138,2022-01-02-10:56:35,5,7,2.547122
139,2022-01-02-10:56:38,7,5,2.525936
140,2022-01-02-10:56:40,5,3,2.162644
141,2022-01-02-10:56:43,3,6,3.638591
142,2022-01-02-10:56:46,6,5,3.099848
143,2022-01-02-10:56:48,5,4,1.736210
144,2022-01-02-10:56:50,4,5,1.724019
145,2022-01-02-10:56:52,5,4,1.764407
146,2022-01-02-10:56:53,4,7,1.853505
147,2022-01-02-10:56:55,7,4,1.824821
148,2022-01-02-10:56:57,4,7,1.855850
149,2022-01-02-10:56:59,7,3,2.097577
150,2022-01-02-10:57:03,3,6,3.591111
151,2022-01-02-10:57:06,6,0,3.419661
152,2022-01-02-10:57:08,0,7,1.973930
153,2022-01-02-10:57:10,7,1,1.695280
154,2022-01-02-10:57:12,1,3,2.239836
155,2022-01-02-10:57:15,3,2,2.562891
156,2022-01-02-10:57:18,2,6,3.068111
157,2022-01-02-10:57:21,6,5,3.076711
158,2022-01-02-10:57:23,5,3,2.141444
159,2022-01-02-10:57:25,3,0,2.394437
160,2022-01-02-10:57:28,0,3,2.342502
161,2022-01-02-10:57:31,3,6,3.636396
162,2022-01-02-10:57:35,6,2,3.098088
163,2022-01-02-10:57:37,2,7,2.586040
164,2022-01-02-10:57:40,7,2,2.559414
165,2022-01-02-10:57:42,2,7,2.599932
166,2022-01-02-10:57:44,7,0,1.933493
167,2022-01-02-10:57:46,0,4,1.477344
168,2022-01-02-10:57:47,4,2,1.762095
169,2022-01-02-10:57:49,2,4,1.747825
170,2022-01-02-10:57:51,4,3,2.089953
171,2022-01-02-10:57:54,3,1,2.235134
172,2022-01-02-10:57:55,1,7,1.639590
173,2022-01-02-10:57:57,7,0,1.922732
174,2022-01-02-10:57:59,0,2,1.727186
175,2022-01-02-10:58:01,2,4,1.750693
176,2022-01-02-10:58:02,4,2,1.736981
177,2022-01-02-10:58:04,2,1,1.968009
178,2022-01-02-10:58:08,1,6,3.534226
179,2022-01-02-10:58:11,6,3,3.626585
180,2022-01-02-10:58:14,3,1,2.185954
181,2022-01-02-10:58:15,1,7,1.651046
182,2022-01-02-10:58:19,7,6,4.055112
183,2022-01-02-10:58:23,6,7,3.959231
184,2022-01-02-10:58:25,7,4,1.927542
185,2022-01-02-10:58:27,4,7,1.843000
186,2022-01-02-10:58:29,7,3,2.093081
187,2022-01-02-10:58:31,3,7,2.088870
188,2022-01-02-10:58:33,7,4,1.852122
189,2022-01-02-10:58:35,4,5,1.813037
190,2022-01-02-10:58:37,5,1,1.895012
191,2022-01-02-10:58:38,1,7,1.652316
192,2022-01-02-10:58:41,7,5,2.546807
193,2022-01-02-10:58:44,5,7,2.561388
194,2022-01-02-10:58:48,7,6,3.968078
195,2022-01-02-10:58:51,6,1,3.531761
196,2022-01-02-10:58:52,1,0,0.978669
197,2022-01-02-10:58:54,0,2,1.695208
198,2022-01-02-10:58:57,2,6,3.090115
199,2022-01-02-10:59:01,6,7,3.936302
200,2022-01-02-10:59:02,7,1,1.649066
201,2022-01-02-10:59:04,1,2,1.924964
202,2022-01-02-10:59:06,2,0,1.703695
203,2022-01-02-10:59:08,0,2,1.698082
204,2022-01-02-10:59:10,2,1,1.958284
205,2022-01-02-10:59:12,1,5,1.907624
206,2022-01-02-10:59:13,5,4,1.749552
207,2022-01-02-10:59:15,4,7,1.830569
208,2022-01-02-10:59:17,7,0,1.890177
209,2022-01-02-10:59:19,0,2,1.717583
210,2022-01-02-10:59:21,2,1,1.950963
211,2022-01-02-10:59:23,1,5,1.897864
212,2022-01-02-10:59:25,5,3,2.133485
213,2022-01-02-10:59:27,3,4,2.124839
214,2022-01-02-10:59:28,4,0,1.488170
215,2022-01-02-10:59:29,0,1,1.022387
216,2022-01-02-10:59:31,1,4,1.317407
217,2022-01-02-10:59:33,4,5,1.731266
218,2022-01-02-10:59:36,5,6,3.050808
219,2022-01-02-10:59:39,6,1,3.493662
220,2022-01-02-10:59:40,1,4,1.279215
221,2022-01-02-10:59:42,4,1,1.342752
222,2022-01-02-10:59:44,1,5,1.922579
223,2022-01-02-10:59:46,5,7,2.580959
224,2022-01-02-10:59:48,7,1,1.655449
225,2022-01-02-10:59:49,1,0,1.026112
226,2022-01-02-10:59:51,0,2,1.717320
227,2022-01-02-10:59:53,2,7,2.543264
228,2022-01-02-10:59:55,7,0,1.918028
229,2022-01-02-10:59:57,0,3,2.360963
230,2022-01-02-11:00:01,3,6,3.632683
231,2022-01-02-11:00:04,6,0,3.433098
232,2022-01-02-11:00:06,0,7,1.920027
233,2022-01-02-11:00:09,7,2,2.590501
234,2022-01-02-11:00:12,2,7,2.606733
235,2022-01-02-11:00:14,7,5,2.541368
236,2022-01-02-11:00:16,5,1,1.927853
237,2022-01-02-11:00:18,1,7,1.662706
238,2022-01-02-11:00:20,7,2,2.602757
239,2022-01-02-11:00:23,2,6,3.066252
240,2022-01-02-11:00:26,6,2,3.052124
241,2022-01-02-11:00:29,2,7,2.625699
242,2022-01-02-11:00:31,7,1,1.631496
243,2022-01-02-11:00:32,1,0,0.982724
244,2022-01-02-11:00:34,0,7,1.894330
245,2022-01-02-11:00:36,7,3,2.088368
246,2022-01-02-11:00:39,3,6,3.618552
247,2022-01-02-11:00:42,6,2,3.051732
248,2022-01-02-11:00:45,2,6,3.048388
249,2022-01-02-11:00:49,6,3,3.625590
250,2022-01-02-11:00:51,3,1,2.198448
251,2022-01-02-11:00:53,1,3,2.239993
252,2022-01-02-11:00:56,3,4,2.129358
253,2022-01-02-11:00:57,4,7,1.833035
254,2022-01-02-11:01:00,7,5,2.629579
255,2022-01-02-11:01:03,5,6,3.118133
256,2022-01-02-11:01:07,6,4,3.397884
257,2022-01-02-11:01:08,4,5,1.734364
258,2022-01-02-11:01:10,5,4,1.745133
259,2022-01-02-11:01:12,4,3,2.095864
260,2022-01-02-11:01:14,3,4,2.141878
261,2022-01-02-11:01:16,4,2,1.761332
262,2022-01-02-11:01:19,2,3,2.542936
263,2022-01-02-11:01:21,3,1,2.193566
264,2022-01-02-11:01:23,1,5,1.892935
265,2022-01-02-11:01:25,5,1,1.895938
266,2022-01-02-11:01:26,1,2,1.935126
267,2022-01-02-11:01:28,2,4,1.762283
268,2022-01-02-11:01:30,4,3,2.087602
269,2022-01-02-11:01:33,3,1,2.226887
270,2022-01-02-11:01:34,1,5,1.927799
271,2022-01-02-11:01:36,5,0,1.892002
272,2022-01-02-11:01:39,0,3,2.342234
273,2022-01-02-11:01:41,3,2,2.534713
274,2022-01-02-11:01:43,2,5,1.483148
275,2022-01-02-11:01:45,5,3,2.152866
276,2022-01-02-11:01:47,3,5,2.160240
277,2022-01-02-11:01:49,5,3,2.167476
278,2022-01-02-11:01:52,3,2,2.561043
279,2022-01-02-11:01:54,2,1,1.975955
280,2022-01-02-11:01:55,1,0,1.044593
281,2022-01-02-11:01:58,0,6,3.435997
282,2022-01-02-11:02:02,6,4,3.418260
283,2022-01-02-11:02:03,4,2,1.729748
284,2022-01-02-11:02:05,2,4,1.737501
285,2022-01-02-11:02:07,4,7,1.840510
286,2022-01-02-11:02:09,7,4,1.833880
287,2022-01-02-11:02:10,4,1,1.343487
288,2022-01-02-11:02:11,1,0,0.986255
289,2022-01-02-11:02:13,0,3,2.339856
290,2022-01-02-11:02:17,3,6,3.659902
291,2022-01-02-11:02:21,6,4,3.436245
292,2022-01-02-11:02:22,4,0,1.502283
293,2022-01-02-11:02:24,0,5,1.835910
294,2022-01-02-11:02:25,5,2,1.494770
295,2022-01-02-11:02:27,2,1,1.943367
296,2022-01-02-11:02:29,1,2,1.961465
297,2022-01-02-11:02:32,2,3,2.547109
298,2022-01-02-11:02:34,3,0,2.364739
299,2022-01-02-11:02:35,0,1,0.984773
300,2022-01-02-11:02:37,1,4,1.319603
301,2022-01-02-11:02:39,4,3,2.096923
302,2022-01-02-11:02:41,3,5,2.169335
303,2022-01-02-11:02:43,5,3,2.161054
304,2022-01-02-11:02:45,3,7,2.127852
305,2022-01-02-11:02:48,7,2,2.545744
306,2022-01-02-11:02:49,2,0,1.715156
307,2022-01-02-11:02:51,0,2,1.727577
308,2022-01-02-11:02:53,2,1,1.978440
309,2022-01-02-11:02:55,1,7,1.638700
310,2022-01-02-11:02:57,7,0,1.926960
311,2022-01-02-11:02:59,0,7,1.897269
312,2022-01-02-11:03:01,7,5,2.540391
313,2022-01-02-11:03:03,5,3,2.159753
314,2022-01-02-11:03:05,3,7,2.117852
315,2022-01-02-11:03:09,7,6,3.993045
316,2022-01-02-11:03:13,6,3,3.639456
317,2022-01-02-11:03:15,3,4,2.087203
318,2022-01-02-11:03:17,4,0,1.485044
319,2022-01-02-11:03:20,0,6,3.434246
320,2022-01-02-11:03:23,6,0,3.437889
321,2022-01-02-11:03:25,0,5,1.846371
322,2022-01-02-11:03:27,5,0,1.845793
323,2022-01-02-11:03:29,0,3,2.363336
324,2022-01-02-11:03:32,3,7,2.121239
325,2022-01-02-11:03:34,7,2,2.571068
326,2022-01-02-11:03:36,2,1,1.957826
327,2022-01-02-11:03:38,1,2,1.998008
328,2022-01-02-11:03:41,2,6,3.096905
329,2022-01-02-11:03:45,6,1,3.543785
330,2022-01-02-11:03:47,1,3,2.228170
331,2022-01-02-11:03:49,3,4,2.132172
332,2022-01-02-11:03:51,4,3,2.101025
333,2022-01-02-11:03:54,3,0,2.366033
334,2022-01-02-11:03:56,0,3,2.350680
335,2022-01-02-11:03:58,3,0,2.352000
336,2022-01-02-11:04:00,0,7,1.898817
337,2022-01-02-11:04:03,7,5,2.535213
338,2022-01-02-11:04:04,5,4,1.748580
339,2022-01-02-11:04:06,4,5,1.729237
340,2022-01-02-11:04:08,5,3,2.171116
341,2022-01-02-11:04:11,3,7,2.183447
342,2022-01-02-11:04:12,7,4,1.857177
343,2022-01-02-11:04:16,4,6,3.431193
344,2022-01-02-11:04:19,6,1,3.549930
345,2022-01-02-11:04:22,1,3,2.188618
346,2022-01-02-11:04:24,3,4,2.113011
347,2022-01-02-11:04:27,4,6,3.440550
348,2022-01-02-11:04:31,6,0,3.432227
349,2022-01-02-11:04:32,0,5,1.836388
350,2022-01-02-11:04:35,5,7,2.582553
351,2022-01-02-11:04:38,7,2,2.564540
352,2022-01-02-11:04:40,2,3,2.601983
353,2022-01-02-11:04:42,3,4,2.118497
354,2022-01-02-11:04:46,4,6,3.441581
355,2022-01-02-11:04:49,6,2,3.062667
356,2022-01-02-11:04:51,2,3,2.564995
357,2022-01-02-11:04:55,3,6,3.646481
358,2022-01-02-11:04:59,6,1,3.547312
359,2022-01-02-11:05:00,1,4,1.322819
360,2022-01-02-11:05:01,4,0,1.535368
361,2022-01-02-11:05:03,0,2,1.696814
362,2022-01-02-11:05:06,2,3,2.565239
363,2022-01-02-11:05:08,3,4,2.062341
364,2022-01-02-11:05:09,4,1,1.295432
365,2022-01-02-11:05:11,1,5,1.919324
366,2022-01-02-11:05:13,5,3,2.191910
367,2022-01-02-11:05:17,3,6,3.640352
368,2022-01-02-11:05:21,6,7,3.992598
369,2022-01-02-11:05:23,7,5,2.565816
370,2022-01-02-11:05:25,5,0,1.838366
371,2022-01-02-11:05:28,0,3,2.365538
372,2022-01-02-11:05:30,3,1,2.192743
373,2022-01-02-11:05:32,1,5,1.928026
374,2022-01-02-11:05:33,5,2,1.575508
375,2022-01-02-11:05:36,2,6,3.097579
376,2022-01-02-11:05:40,6,1,3.523969
377,2022-01-02-11:05:43,1,6,3.534350
378,2022-01-02-11:05:47,6,7,4.001275
379,2022-01-02-11:05:49,7,0,1.885442
380,2022-01-02-11:05:51,0,2,1.690828
381,2022-01-02-11:05:54,2,3,2.559899
382,2022-01-02-11:05:56,3,2,2.565262
383,2022-01-02-11:05:59,2,6,3.098521
384,2022-01-02-11:06:02,6,2,3.041511
385,2022-01-02-11:06:04,2,4,1.750371
386,2022-01-02-11:06:06,4,5,1.724755
387,2022-01-02-11:06:08,5,1,1.916693
388,2022-01-02-11:06:10,1,2,1.940929
389,2022-01-02-11:06:12,2,7,2.559734
390,2022-01-02-11:06:16,7,6,4.005166
391,2022-01-02-11:06:19,6,2,3.052849
392,2022-01-02-11:06:22,2,6,3.090989
393,2022-01-02-11:06:26,6,0,3.432749
394,2022-01-02-11:06:28,0,5,1.883824
395,2022-01-02-11:06:31,5,6,3.069999
396,2022-01-02-11:06:35,6,7,4.010519
397,2022-01-02-11:06:39,7,6,3.996334
398,2022-01-02-11:06:42,6,2,3.092330
399,2022-01-02-11:06:44,2,7,2.566339
400,2022-01-02-11:06:47,7,5,2.546029
401,2022-01-02-11:06:49,5,4,1.753338
402,2022-01-02-11:06:52,4,6,3.431822
403,2022-01-02-11:06:55,6,5,3.060486
404,2022-01-02-11:06:58,5,7,2.557864
405,2022-01-02-11:07:00,7,3,2.120965
406,2022-01-02-11:07:02,3,2,2.559902
407,2022-01-02-11:07:04,2,0,1.715307
408,2022-01-02-11:07:06,0,3,2.340766
409,2022-01-02-11:07:09,3,5,2.157064
410,2022-01-02-11:07:10,5,2,1.488323
411,2022-01-02-11:07:12,2,1,1.958970
412,2022-01-02-11:07:16,1,6,3.527763
413,2022-01-02-11:07:19,6,0,3.452607
414,2022-01-02-11:07:22,0,6,3.443491
415,2022-01-02-11:07:26,6,1,3.521565
416,2022-01-02-11:07:27,1,4,1.324241
417,2022-01-02-11:07:29,4,7,1.849757
418,2022-01-02-11:07:31,7,1,1.645159
419,2022-01-02-11:07:34,1,6,3.507905
420,2022-01-02-11:07:38,6,3,3.627868
421,2022-01-02-11:07:40,3,2,2.574904
422,2022-01-02-11:07:43,2,3,2.605672
423,2022-01-02-11:07:45,3,0,2.359246
424,2022-01-02-11:07:47,0,7,1.938652
425,2022-01-02-11:07:51,7,6,3.960804
426,2022-01-02-11:07:55,6,1,3.543532
427,2022-01-02-11:07:56,1,4,1.319025
428,2022-01-02-11:08:00,4,6,3.446744
429,2022-01-02-11:08:03,6,5,3.064527
430,2022-01-02-11:08:05,5,7,2.570066
431,2022-01-02-11:08:08,7,5,2.559310
432,2022-01-02-11:08:10,5,4,1.749859
433,2022-01-02-11:08:11,4,0,1.519802
434,2022-01-02-11:08:13,0,4,1.493563
435,2022-01-02-11:08:15,4,3,2.104083
436,2022-01-02-11:08:17,3,1,2.195428
437,2022-01-02-11:08:18,1,4,1.329787
438,2022-01-02-11:08:20,4,0,1.544540
439,2022-01-02-11:08:22,0,3,2.359207
440,2022-01-02-11:08:24,3,7,2.135886
441,2022-01-02-11:08:26,7,3,2.132638
442,2022-01-02-11:08:29,3,2,2.570849
443,2022-01-02-11:08:31,2,5,1.515305
444,2022-01-02-11:08:32,5,2,1.525389
445,2022-01-02-11:08:34,2,0,1.727062
446,2022-01-02-11:08:36,0,7,1.949246
447,2022-01-02-11:08:38,7,2,2.558303
448,2022-01-02-11:08:41,2,7,2.544489
449,2022-01-02-11:08:45,7,6,3.993270
450,2022-01-02-11:08:48,6,5,3.096794
451,2022-01-02-11:08:50,5,7,2.554312
452,2022-01-02-11:08:53,7,3,2.129435
453,2022-01-02-11:08:55,3,5,2.195818
454,2022-01-02-11:08:57,5,0,1.862851
455,2022-01-02-11:08:58,0,4,1.528385
456,2022-01-02-11:09:00,4,2,1.789692
457,2022-01-02-11:09:03,2,6,3.064001
458,2022-01-02-11:09:07,6,3,3.634237
459,2022-01-02-11:09:09,3,1,2.227341
460,2022-01-02-11:09:11,1,2,1.948416
461,2022-01-02-11:09:13,2,3,2.568632
462,2022-01-02-11:09:16,3,4,2.124453
463,2022-01-02-11:09:17,4,2,1.752423
464,2022-01-02-11:09:19,2,1,1.975489
465,2022-01-02-11:09:21,1,7,1.638106
466,2022-01-02-11:09:23,7,0,1.923209
467,2022-01-02-11:09:24,0,1,1.013473
468,2022-01-02-11:09:27,1,6,3.534633
469,2022-01-02-11:09:30,6,5,3.092194
470,2022-01-02-11:09:33,5,7,2.592895
471,2022-01-02-11:09:37,7,6,3.949049
472,2022-01-02-11:09:40,6,2,3.068617
473,2022-01-02-11:09:43,2,6,3.071074
474,2022-01-02-11:09:47,6,7,3.986912
475,2022-01-02-11:09:51,7,6,3.959143
476,2022-01-02-11:09:55,6,4,3.407057
477,2022-01-02-11:09:56,4,0,1.525004
478,2022-01-02-11:09:58,0,5,1.862867
479,2022-01-02-11:10:00,5,7,2.592932
480,2022-01-02-11:10:03,7,2,2.639340
481,2022-01-02-11:10:06,2,3,2.577149
482,2022-01-02-11:10:08,3,2,2.570763
483,2022-01-02-11:10:10,2,5,1.541321
484,2022-01-02-11:10:12,5,3,2.165497
485,2022-01-02-11:10:14,3,4,2.125371
486,2022-01-02-11:10:16,4,2,1.749044
487,2022-01-02-11:10:18,2,7,2.595074
488,2022-01-02-11:10:22,7,6,3.944692
489,2022-01-02-11:10:25,6,5,3.097185
490,2022-01-02-11:10:27,5,4,1.760516
491,2022-01-02-11:10:29,4,2,1.754350
492,2022-01-02-11:10:32,2,7,2.625866
493,2022-01-02-11:10:33,7,1,1.668005
494,2022-01-02-11:10:35,1,5,1.925331
495,2022-01-02-11:10:37,5,4,1.762925
496,2022-01-02-11:10:39,4,5,1.740816
497,2022-01-02-11:10:40,5,2,1.503440
498,2022-01-02-11:10:43,2,6,3.094641
499,2022-01-02-11:10:47,6,0,3.437241
500,2022-01-02-11:10:49,0,2,1.727618
501,2022-01-02-11:10:50,2,5,1.503814
502,2022-01-02-11:10:53,5,7,2.590139
503,2022-01-02-11:10:55,7,5,2.557825
504,2022-01-02-11:10:57,5,2,1.481683
505,2022-01-02-11:10:58,2,5,1.542355
506,2022-01-02-11:11:00,5,3,2.146100
507,2022-01-02-11:11:04,3,6,3.605189
508,2022-01-02-11:11:08,6,3,3.648787
509,2022-01-02-11:11:10,3,2,2.584880
510,2022-01-02-11:11:12,2,4,1.766459
511,2022-01-02-11:11:14,4,3,2.048342
512,2022-01-02-11:11:16,3,4,2.101052
513,2022-01-02-11:11:18,4,2,1.752049
514,2022-01-02-11:11:20,2,0,1.724355
515,2022-01-02-11:11:21,0,2,1.712373
516,2022-01-02-11:11:24,2,6,3.128188
517,2022-01-02-11:11:27,6,2,3.093227
518,2022-01-02-11:11:29,2,1,1.954252
519,2022-01-02-11:11:32,1,3,2.248321
520,2022-01-02-11:11:34,3,4,2.103315
521,2022-01-02-11:11:36,4,2,1.756385
522,2022-01-02-11:11:38,2,1,1.961254
523,2022-01-02-11:11:39,1,0,0.999139
524,2022-01-02-11:11:41,0,3,2.351931
525,2022-01-02-11:11:43,3,7,2.214362
526,2022-01-02-11:11:46,7,2,2.597119
527,2022-01-02-11:11:47,2,5,1.494432
528,2022-01-02-11:11:50,5,6,3.114649
529,2022-01-02-11:11:54,6,0,3.432934
530,2022-01-02-11:11:56,0,5,1.845749
531,2022-01-02-11:11:58,5,3,2.159272
532,2022-01-02-11:12:00,3,0,2.372440
533,2022-01-02-11:12:02,0,5,1.856881
534,2022-01-02-11:12:03,5,2,1.486964
535,2022-01-02-11:12:07,2,6,3.062422
536,2022-01-02-11:12:11,6,7,4.052361
537,2022-01-02-11:12:12,7,4,1.836873
538,2022-01-02-11:12:14,4,7,1.875775
539,2022-01-02-11:12:16,7,0,1.927704
540,2022-01-02-11:12:18,0,5,1.875768
541,2022-01-02-11:12:20,5,3,2.161838
542,2022-01-02-11:12:22,3,1,2.233985
543,2022-01-02-11:12:24,1,7,1.689045
544,2022-01-02-11:12:26,7,4,1.868876
545,2022-01-02-11:12:28,4,3,2.077281
546,2022-01-02-11:12:30,3,0,2.391415
547,2022-01-02-11:12:32,0,5,1.848304
548,2022-01-02-11:12:35,5,6,3.098105
549,2022-01-02-11:12:39,6,1,3.553798
550,2022-01-02-11:12:43,1,6,3.546821
551,2022-01-02-11:12:46,6,5,3.090217
552,2022-01-02-11:12:48,5,3,2.161067
553,2022-01-02-11:12:50,3,4,2.044702
554,2022-01-02-11:12:52,4,3,2.135118
555,2022-01-02-11:12:54,3,1,2.222221
556,2022-01-02-11:12:58,1,6,3.509862
557,2022-01-02-11:13:01,6,0,3.434510
558,2022-01-02-11:13:02,0,1,0.986941
559,2022-01-02-11:13:04,1,7,1.669705
560,2022-01-02-11:13:05,7,1,1.642339
561,2022-01-02-11:13:09,1,6,3.529576
562,2022-01-02-11:13:12,6,2,3.074622
563,2022-01-02-11:13:14,2,0,1.724900
564,2022-01-02-11:13:16,0,3,2.390677
565,2022-01-02-11:13:18,3,1,2.224566
566,2022-01-02-11:13:19,1,0,1.061466
567,2022-01-02-11:13:22,0,3,2.431107
568,2022-01-02-11:13:24,3,7,2.149647
569,2022-01-02-11:13:26,7,3,2.135864
570,2022-01-02-11:13:28,3,5,2.238987
571,2022-01-02-11:13:30,5,4,1.791942
572,2022-01-02-11:13:34,4,6,3.441270
573,2022-01-02-11:13:37,6,2,3.056874
574,2022-01-02-11:13:39,2,3,2.594731
575,2022-01-02-11:13:41,3,4,2.128153
576,2022-01-02-11:13:43,4,1,1.322139
577,2022-01-02-11:13:44,1,4,1.329174
578,2022-01-02-11:13:47,4,6,3.399902
579,2022-01-02-11:13:51,6,3,3.646185
580,2022-01-02-11:13:55,3,6,3.649713
581,2022-01-02-11:13:58,6,1,3.539931
582,2022-01-02-11:13:59,1,0,1.047268
583,2022-01-02-11:14:01,0,4,1.527056
584,2022-01-02-11:14:03,4,5,1.772360
585,2022-01-02-11:14:04,5,4,1.752931
586,2022-01-02-11:14:07,4,3,2.120300
587,2022-01-02-11:14:09,3,2,2.554211
588,2022-01-02-11:14:12,2,3,2.581059
589,2022-01-02-11:14:14,3,0,2.364600
590,2022-01-02-11:14:17,0,6,3.415820
591,2022-01-02-11:14:21,6,1,3.528393
592,2022-01-02-11:14:23,1,5,1.931140
593,2022-01-02-11:14:25,5,4,1.780787
594,2022-01-02-11:14:26,4,5,1.756711
595,2022-01-02-11:14:30,5,6,3.080674
596,2022-01-02-11:14:33,6,3,3.660850
597,2022-01-02-11:14:36,3,0,2.366508
598,2022-01-02-11:14:39,0,6,3.482218
599,2022-01-02-11:14:43,6,3,3.646525
600,2022-01-02-11:14:45,3,0,2.361058
601,2022-01-02-11:14:47,0,4,1.500723
602,2022-01-02-11:14:48,4,0,1.525937
603,2022-01-02-11:14:50,0,5,1.858365
604,2022-01-02-11:14:53,5,7,2.585709
605,2022-01-02-11:14:54,7,4,1.890979
606,2022-01-02-11:14:57,4,3,2.137302
607,2022-01-02-11:15:00,3,6,3.646614
608,2022-01-02-11:15:04,6,7,4.004213
609,2022-01-02-11:15:06,7,3,2.146368
610,2022-01-02-11:15:09,3,1,2.241142
611,2022-01-02-11:15:11,1,2,1.949848
612,2022-01-02-11:15:12,2,0,1.731905
613,2022-01-02-11:15:15,0,3,2.436606
614,2022-01-02-11:15:17,3,4,2.129180
615,2022-01-02-11:15:19,4,3,2.127951
616,2022-01-02-11:15:21,3,0,2.324563
617,2022-01-02-11:15:22,0,1,1.097369
618,2022-01-02-11:15:24,1,4,1.366344
619,2022-01-02-11:15:26,4,7,1.893964
620,2022-01-02-11:15:28,7,5,2.628972
621,2022-01-02-11:15:30,5,1,1.954522
622,2022-01-02-11:15:32,1,7,1.715608
623,2022-01-02-11:15:34,7,0,1.926670
624,2022-01-02-11:15:36,0,2,1.728919
625,2022-01-02-11:15:38,2,3,2.580737
626,2022-01-02-11:15:42,3,6,3.646840
627,2022-01-02-11:15:45,6,2,3.047992
628,2022-01-02-11:15:47,2,0,1.738009
629,2022-01-02-11:15:48,0,2,1.723654
630,2022-01-02-11:15:50,2,0,1.730144
631,2022-01-02-11:15:54,0,6,3.440876
632,2022-01-02-11:15:57,6,0,3.467057
633,2022-01-02-11:15:58,0,1,1.097910
634,2022-01-02-11:16:00,1,7,1.687897
635,2022-01-02-11:16:04,7,6,4.008301
636,2022-01-02-11:16:07,6,2,3.058344
637,2022-01-02-11:16:09,2,7,2.614451
638,2022-01-02-11:16:12,7,2,2.599337
639,2022-01-02-11:16:14,2,4,1.786384
640,2022-01-02-11:16:16,4,2,1.768630
641,2022-01-02-11:16:17,2,0,1.743247
642,2022-01-02-11:16:19,0,4,1.547687
643,2022-01-02-11:16:21,4,3,2.134972
644,2022-01-02-11:16:23,3,4,2.096522
645,2022-01-02-11:16:25,4,0,1.536953
646,2022-01-02-11:16:27,0,5,1.900066
647,2022-01-02-11:16:28,5,0,1.898749
648,2022-01-02-11:16:30,0,7,1.961562
649,2022-01-02-11:16:32,7,4,1.887050
650,2022-01-02-11:16:34,4,5,1.759453
651,2022-01-02-11:16:37,5,7,2.591779
652,2022-01-02-11:16:39,7,4,1.870938
653,2022-01-02-11:16:41,4,3,2.073926
654,2022-01-02-11:16:43,3,1,2.210018
655,2022-01-02-11:16:45,1,2,1.992211
656,2022-01-02-11:16:47,2,1,1.995141
657,2022-01-02-11:16:50,1,6,3.538309
658,2022-01-02-11:16:54,6,7,3.994578
659,2022-01-02-11:16:57,7,5,2.541504
660,2022-01-02-11:16:59,5,1,1.896972
661,2022-01-02-11:17:01,1,2,1.992447
662,2022-01-02-11:17:02,2,5,1.493515
663,2022-01-02-11:17:04,5,0,1.860962
664,2022-01-02-11:17:06,0,5,1.919376
665,2022-01-02-11:17:08,5,1,1.919445
666,2022-01-02-11:17:09,1,0,1.046638
667,2022-01-02-11:17:11,0,7,1.929878
668,2022-01-02-11:17:13,7,4,1.898708
669,2022-01-02-11:17:15,4,7,1.854430
670,2022-01-02-11:17:16,7,1,1.669694
671,2022-01-02-11:17:18,1,7,1.662623
672,2022-01-02-11:17:20,7,4,1.926242
673,2022-01-02-11:17:22,4,5,1.753970
674,2022-01-02-11:17:23,5,2,1.523482
675,2022-01-02-11:17:26,2,7,2.577422
676,2022-01-02-11:17:30,7,6,3.998895
677,2022-01-02-11:17:33,6,4,3.455908
678,2022-01-02-11:17:35,4,0,1.526575
679,2022-01-02-11:17:38,0,6,3.456444
680,2022-01-02-11:17:41,6,2,3.100343
681,2022-01-02-11:17:43,2,0,1.731893
682,2022-01-02-11:17:45,0,7,1.931628
683,2022-01-02-11:17:47,7,1,1.687101
684,2022-01-02-11:17:49,1,3,2.223171
685,2022-01-02-11:17:51,3,0,2.360071
686,2022-01-02-11:17:53,0,5,1.874156
687,2022-01-02-11:17:55,5,0,1.832785
688,2022-01-02-11:17:57,0,3,2.353191
689,2022-01-02-11:17:59,3,4,2.042914
690,2022-01-02-11:18:01,4,7,1.870063
691,2022-01-02-11:18:03,7,3,2.139032
692,2022-01-02-11:18:06,3,5,2.200189
693,2022-01-02-11:18:07,5,0,1.841945
694,2022-01-02-11:18:09,0,2,1.725603
695,2022-01-02-11:18:12,2,7,2.579105
696,2022-01-02-11:18:14,7,0,1.930190
697,2022-01-02-11:18:16,0,5,1.838583
698,2022-01-02-11:18:19,5,6,3.089702
699,2022-01-02-11:18:22,6,5,3.074024
700,2022-01-02-11:18:23,5,2,1.525049
701,2022-01-02-11:18:26,2,7,2.587277
702,2022-01-02-11:18:27,7,1,1.689338
703,2022-01-02-11:18:29,1,0,1.027892
704,2022-01-02-11:18:30,0,4,1.529079
705,2022-01-02-11:18:31,4,1,1.325217
706,2022-01-02-11:18:33,1,2,1.968047
707,2022-01-02-11:18:36,2,3,2.575875
708,2022-01-02-11:18:38,3,7,2.125945
709,2022-01-02-11:18:40,7,4,1.853927
710,2022-01-02-11:18:41,4,0,1.533361
711,2022-01-02-11:18:43,0,5,1.846948
712,2022-01-02-11:18:45,5,2,1.494151
713,2022-01-02-11:18:46,2,5,1.536043
714,2022-01-02-11:18:48,5,4,1.781762
715,2022-01-02-11:18:50,4,7,1.853764
716,2022-01-02-11:18:52,7,4,1.863911
717,2022-01-02-11:18:54,4,2,1.744188
718,2022-01-02-11:18:55,2,5,1.512018
719,2022-01-02-11:18:57,5,1,1.948653
720,2022-01-02-11:18:58,1,4,1.290761
721,2022-01-02-11:19:00,4,5,1.759097
722,2022-01-02-11:19:02,5,4,1.763590
723,2022-01-02-11:19:03,4,1,1.301191
724,2022-01-02-11:19:04,1,0,0.993570
725,2022-01-02-11:19:08,0,6,3.459042
726,2022-01-02-11:19:11,6,5,3.101678
727,2022-01-02-11:19:13,5,0,1.875045
728,2022-01-02-11:19:14,0,1,1.046226
729,2022-01-02-11:19:16,1,3,2.233559
730,2022-01-02-11:19:18,3,4,2.092795
731,2022-01-02-11:19:20,4,3,2.149644
732,2022-01-02-11:19:22,3,4,2.104888
733,2022-01-02-11:19:24,4,5,1.755509
734,2022-01-02-11:19:26,5,7,2.546747
735,2022-01-02-11:19:29,7,5,2.603391
736,2022-01-02-11:19:31,5,2,1.532606
737,2022-01-02-11:19:33,2,7,2.599032
738,2022-01-02-11:19:36,7,2,2.587615
739,2022-01-02-11:19:37,2,5,1.521008
740,2022-01-02-11:19:40,5,6,3.131705
741,2022-01-02-11:19:44,6,1,3.538817
742,2022-01-02-11:19:46,1,2,1.967944
743,2022-01-02-11:19:48,2,1,1.969138
744,2022-01-02-11:19:50,1,2,2.041983
745,2022-01-02-11:19:51,2,5,1.498171
746,2022-01-02-11:19:53,5,4,1.754187
747,2022-01-02-11:19:55,4,3,2.087233
748,2022-01-02-11:19:58,3,5,2.196815
749,2022-01-02-11:19:59,5,0,1.816840
750,2022-01-02-11:20:02,0,3,2.337643
751,2022-01-02-11:20:04,3,5,2.197496
752,2022-01-02-11:20:06,5,4,1.813879
753,2022-01-02-11:20:08,4,7,1.930018
754,2022-01-02-11:20:10,7,3,2.131506
755,2022-01-02-11:20:13,3,6,3.684713
756,2022-01-02-11:20:17,6,2,3.133932
757,2022-01-02-11:20:20,2,6,3.076669
758,2022-01-02-11:20:23,6,3,3.641445
759,2022-01-02-11:20:26,3,0,2.402210
760,2022-01-02-11:20:27,0,4,1.526168
761,2022-01-02-11:20:29,4,3,2.110081
762,2022-01-02-11:20:32,3,5,2.228648
763,2022-01-02-11:20:33,5,0,1.863531
764,2022-01-02-11:20:36,0,3,2.417541
765,2022-01-02-11:20:38,3,4,2.105331
766,2022-01-02-11:20:40,4,7,1.901126
767,2022-01-02-11:20:42,7,3,2.126019
768,2022-01-02-11:20:44,3,4,2.066347
769,2022-01-02-11:20:47,4,6,3.448937
770,2022-01-02-11:20:51,6,2,3.131439
771,2022-01-02-11:20:53,2,7,2.604437
772,2022-01-02-11:20:56,7,2,2.568966
773,2022-01-02-11:20:58,2,1,1.972200
774,2022-01-02-11:20:59,1,4,1.344503
775,2022-01-02-11:21:01,4,3,2.091125
776,2022-01-02-11:21:03,3,4,2.094476
777,2022-01-02-11:21:05,4,7,1.898664
778,2022-01-02-11:21:08,7,5,2.552761
779,2022-01-02-11:21:09,5,2,1.500711
780,2022-01-02-11:21:11,2,1,1.967971
781,2022-01-02-11:21:13,1,2,1.980838
782,2022-01-02-11:21:15,2,0,1.723013
783,2022-01-02-11:21:17,0,7,1.933444
784,2022-01-02-11:21:21,7,6,4.036258
785,2022-01-02-11:21:25,6,3,3.641582
786,2022-01-02-11:21:27,3,0,2.356079
787,2022-01-02-11:21:29,0,5,1.896615
788,2022-01-02-11:21:31,5,1,1.930550
789,2022-01-02-11:21:32,1,4,1.303953
790,2022-01-02-11:21:34,4,5,1.791641
791,2022-01-02-11:21:36,5,3,2.203420
792,2022-01-02-11:21:38,3,1,2.198114
793,2022-01-02-11:21:40,1,4,1.321186
794,2022-01-02-11:21:41,4,7,1.872423
795,2022-01-02-11:21:43,7,0,1.946434
796,2022-01-02-11:21:45,0,4,1.524056
797,2022-01-02-11:21:47,4,7,1.844506
798,2022-01-02-11:21:49,7,0,1.900960
799,2022-01-02-11:21:50,0,4,1.573596
800,2022-01-02-11:21:52,4,2,1.771952
801,2022-01-02-11:21:54,2,4,1.738603
802,2022-01-02-11:21:55,4,0,1.500647
803,2022-01-02-11:21:59,0,6,3.455138
804,2022-01-02-11:22:02,6,1,3.579298
805,2022-01-02-11:22:04,1,5,1.936065
806,2022-01-02-11:22:07,5,7,2.575755
807,2022-01-02-11:22:09,7,3,2.139016
808,2022-01-02-11:22:11,3,7,2.124099
809,2022-01-02-11:22:15,7,6,4.004787
810,2022-01-02-11:22:18,6,2,3.143658
811,2022-01-02-11:22:20,2,1,1.985158
812,2022-01-02-11:22:24,1,6,3.546222
813,2022-01-02-11:22:27,6,5,3.072413
814,2022-01-02-11:22:29,5,3,2.203311
815,2022-01-02-11:22:31,3,1,2.223424
816,2022-01-02-11:22:33,1,2,1.986038
817,2022-01-02-11:22:36,2,7,2.605821
818,2022-01-02-11:22:40,7,6,3.997849
819,2022-01-02-11:22:43,6,0,3.485925
820,2022-01-02-11:22:44,0,1,1.042006
821,2022-01-02-11:22:46,1,4,1.340410
822,2022-01-02-11:22:48,4,3,2.127063
823,2022-01-02-11:22:50,3,2,2.601270
824,2022-01-02-11:22:53,2,3,2.594373
825,2022-01-02-11:22:55,3,7,2.140216
826,2022-01-02-11:22:57,7,0,1.950599
827,2022-01-02-11:22:59,0,4,1.528244
828,2022-01-02-11:23:00,4,5,1.801713
829,2022-01-02-11:23:02,5,2,1.563791
830,2022-01-02-11:23:03,2,5,1.515365
831,2022-01-02-11:23:06,5,3,2.166301
832,2022-01-02-11:23:08,3,7,2.089587
833,2022-01-02-11:23:09,7,1,1.702826
834,2022-01-02-11:23:11,1,7,1.662795
835,2022-01-02-11:23:13,7,3,2.124611
836,2022-01-02-11:23:15,3,1,2.230975
837,2022-01-02-11:23:19,1,6,3.550854
838,2022-01-02-11:23:22,6,5,3.085225
839,2022-01-02-11:23:25,5,6,3.096303
840,2022-01-02-11:23:28,6,5,3.134268
841,2022-01-02-11:23:30,5,4,1.804403
842,2022-01-02-11:23:32,4,0,1.525894
843,2022-01-02-11:23:35,0,6,3.450580
844,2022-01-02-11:23:39,6,4,3.441360
845,2022-01-02-11:23:40,4,0,1.536579
846,2022-01-02-11:23:42,0,4,1.553621
847,2022-01-02-11:23:44,4,3,2.103094
848,2022-01-02-11:23:46,3,2,2.568213
849,2022-01-02-11:23:49,2,3,2.559900
850,2022-01-02-11:23:51,3,2,2.574588
851,2022-01-02-11:23:53,2,1,1.971022
852,2022-01-02-11:23:55,1,2,2.001160
853,2022-01-02-11:23:58,2,3,2.584087
854,2022-01-02-11:24:00,3,4,2.128106
855,2022-01-02-11:24:02,4,2,1.766530
856,2022-01-02-11:24:04,2,4,1.798569
857,2022-01-02-11:24:05,4,1,1.368543
858,2022-01-02-11:24:07,1,2,1.973633
859,2022-01-02-11:24:10,2,7,2.612066
860,2022-01-02-11:24:11,7,1,1.644947
861,2022-01-02-11:24:15,1,6,3.602975
862,2022-01-02-11:24:18,6,2,3.088320
863,2022-01-02-11:24:21,2,7,2.590359
864,2022-01-02-11:24:22,7,4,1.864323
865,2022-01-02-11:24:24,4,5,1.747234
866,2022-01-02-11:24:26,5,4,1.784769
867,2022-01-02-11:24:27,4,1,1.335779
868,2022-01-02-11:24:30,1,3,2.240779
869,2022-01-02-11:24:32,3,2,2.636764
870,2022-01-02-11:24:35,2,6,3.106022
871,2022-01-02-11:24:39,6,1,3.535982
872,2022-01-02-11:24:41,1,2,1.952738
873,2022-01-02-11:24:43,2,0,1.747313
874,2022-01-02-11:24:44,0,5,1.911648
875,2022-01-02-11:24:46,5,0,1.865461
876,2022-01-02-11:24:49,0,3,2.358640
877,2022-01-02-11:24:51,3,7,2.143844
878,2022-01-02-11:24:52,7,1,1.650442
879,2022-01-02-11:24:54,1,4,1.344368
880,2022-01-02-11:24:56,4,7,1.824783
881,2022-01-02-11:24:57,7,1,1.719401
882,2022-01-02-11:24:59,1,7,1.682211
883,2022-01-02-11:25:03,7,6,4.033691
884,2022-01-02-11:25:07,6,3,3.638115
885,2022-01-02-11:25:09,3,4,2.105227
886,2022-01-02-11:25:10,4,1,1.318558
887,2022-01-02-11:25:14,1,6,3.552599
888,2022-01-02-11:25:17,6,3,3.690384
889,2022-01-02-11:25:20,3,4,2.130821
890,2022-01-02-11:25:21,4,5,1.740476
891,2022-01-02-11:25:23,5,4,1.772889
892,2022-01-02-11:25:25,4,7,2.042152
893,2022-01-02-11:25:27,7,0,2.281821
894,2022-01-02-11:25:30,0,3,2.453785
895,2022-01-02-11:25:32,3,5,2.253487
896,2022-01-02-11:25:35,5,7,2.667806
897,2022-01-02-11:25:37,7,1,1.815874
898,2022-01-02-11:25:39,1,3,2.309491
899,2022-01-02-11:25:41,3,1,2.222418
900,2022-01-02-11:25:43,1,2,1.949031
901,2022-01-02-11:25:45,2,0,1.732207
902,2022-01-02-11:25:46,0,1,1.023352
903,2022-01-02-11:25:48,1,2,2.003371
904,2022-01-02-11:25:50,2,3,2.576163
905,2022-01-02-11:25:53,3,4,2.165564
906,2022-01-02-11:25:54,4,2,1.755677
907,2022-01-02-11:25:56,2,5,1.502068
908,2022-01-02-11:25:58,5,7,2.593743
909,2022-01-02-11:26:02,7,6,3.941287
910,2022-01-02-11:26:06,6,3,3.637461
911,2022-01-02-11:26:08,3,5,2.206986
912,2022-01-02-11:26:10,5,0,1.843725
913,2022-01-02-11:26:12,0,5,1.836078
914,2022-01-02-11:26:14,5,7,2.614759
915,2022-01-02-11:26:17,7,2,2.612566
916,2022-01-02-11:26:19,2,1,1.983285
917,2022-01-02-11:26:20,1,0,0.985167
918,2022-01-02-11:26:22,0,3,2.372563
919,2022-01-02-11:26:25,3,5,2.192859
920,2022-01-02-11:26:26,5,0,1.855271
921,2022-01-02-11:26:28,0,7,1.902512
922,2022-01-02-11:26:30,7,1,1.666174
923,2022-01-02-11:26:32,1,3,2.254472
924,2022-01-02-11:26:35,3,2,2.612884
925,2022-01-02-11:26:37,2,4,1.731608
926,2022-01-02-11:26:38,4,5,1.753131
927,2022-01-02-11:26:40,5,0,1.861202
928,2022-01-02-11:26:42,0,5,1.861392
929,2022-01-02-11:26:44,5,3,2.170783
930,2022-01-02-11:26:47,3,2,2.543354
931,2022-01-02-11:26:49,2,0,1.727635
932,2022-01-02-11:26:51,0,7,1.939283
933,2022-01-02-11:26:52,7,4,1.872072
934,2022-01-02-11:26:54,4,5,1.752855
935,2022-01-02-11:26:56,5,0,1.854779
936,2022-01-02-11:26:58,0,4,1.520570
937,2022-01-02-11:26:59,4,1,1.333828
938,2022-01-02-11:27:01,1,5,1.891983
939,2022-01-02-11:27:03,5,4,1.757925
940,2022-01-02-11:27:04,4,2,1.846322
941,2022-01-02-11:27:06,2,5,1.527685
942,2022-01-02-11:27:07,5,2,1.537386
943,2022-01-02-11:27:10,2,6,3.041022
944,2022-01-02-11:27:14,6,4,3.437711
945,2022-01-02-11:27:15,4,1,1.296432
946,2022-01-02-11:27:17,1,5,1.892472
947,2022-01-02-11:27:19,5,3,2.192754
948,2022-01-02-11:27:21,3,7,2.130391
949,2022-01-02-11:27:25,7,6,4.011857
950,2022-01-02-11:27:29,6,7,3.976404
951,2022-01-02-11:27:31,7,4,1.924900
952,2022-01-02-11:27:35,4,6,3.430693
953,2022-01-02-11:27:38,6,4,3.415218
954,2022-01-02-11:27:40,4,3,2.132186
955,2022-01-02-11:27:42,3,4,2.126271
956,2022-01-02-11:27:44,4,0,1.527514
957,2022-01-02-11:27:45,0,1,0.999547
958,2022-01-02-11:27:46,1,0,1.030088
959,2022-01-02-11:27:48,0,2,1.721992
960,2022-01-02-11:27:50,2,1,2.022603
961,2022-01-02-11:27:51,1,7,1.673242
962,2022-01-02-11:27:53,7,1,1.676320
963,2022-01-02-11:27:54,1,0,1.023373
964,2022-01-02-11:27:56,0,4,1.525937
965,2022-01-02-11:27:58,4,7,1.855468
966,2022-01-02-11:27:59,7,1,1.711251
967,2022-01-02-11:28:01,1,7,1.644539
968,2022-01-02-11:28:03,7,3,2.134314
969,2022-01-02-11:28:07,3,6,3.645200
970,2022-01-02-11:28:10,6,0,3.420907
971,2022-01-02-11:28:12,0,5,1.843285
972,2022-01-02-11:28:14,5,3,2.158258
973,2022-01-02-11:28:17,3,2,2.599097
974,2022-01-02-11:28:19,2,7,2.534744
975,2022-01-02-11:28:21,7,1,1.659070
976,2022-01-02-11:28:23,1,5,1.940765
977,2022-01-02-11:28:26,5,6,3.073883
978,2022-01-02-11:28:29,6,0,3.420093
979,2022-01-02-11:28:31,0,7,1.939243
980,2022-01-02-11:28:34,7,5,2.619209
981,2022-01-02-11:28:36,5,3,2.157834
982,2022-01-02-11:28:39,3,2,2.544261
983,2022-01-02-11:28:40,2,0,1.701914
984,2022-01-02-11:28:42,0,4,1.529341
985,2022-01-02-11:28:44,4,5,1.742932
986,2022-01-02-11:28:47,5,6,3.107534
987,2022-01-02-11:28:51,6,7,4.041477
988,2022-01-02-11:28:52,7,1,1.705406
989,2022-01-02-11:28:56,1,6,3.542512
990,2022-01-02-11:28:59,6,5,3.109497
991,2022-01-02-11:29:02,5,6,3.051881
992,2022-01-02-11:29:06,6,3,3.621453
993,2022-01-02-11:29:08,3,4,2.123062
994,2022-01-02-11:29:10,4,5,1.740491
995,2022-01-02-11:29:11,5,0,1.871372
996,2022-01-02-11:29:13,0,5,1.858806
997,2022-01-02-11:29:15,5,1,1.928772
998,2022-01-02-11:29:17,1,2,1.963904
999,2022-01-02-11:29:20,2,3,2.579340
1000,2022-01-02-11:29:22,3,5,2.168641
1001,2022-01-02-11:29:24,5,1,1.938783
1002,2022-01-02-11:29:26,1,7,1.676809
1003,2022-01-02-11:29:27,7,4,1.867932
1004,2022-01-02-11:29:31,4,6,3.457124
1005,2022-01-02-11:29:35,6,7,4.012681
1006,2022-01-02-11:29:39,7,6,4.013548
1007,2022-01-02-11:29:42,6,2,3.084054
1008,2022-01-02-11:29:45,2,3,2.555075
1009,2022-01-02-11:29:47,3,1,2.245584
1010,2022-01-02-11:29:50,1,6,3.509752
1011,2022-01-02-11:29:54,6,3,3.635213
1012,2022-01-02-11:29:57,3,2,2.592114
1013,2022-01-02-11:30:00,2,6,3.124041
1014,2022-01-02-11:30:04,6,7,4.014278
1015,2022-01-02-11:30:06,7,0,1.903096
1016,2022-01-02-11:30:09,0,6,3.452824
1017,2022-01-02-11:30:13,6,3,3.674784
1018,2022-01-02-11:30:15,3,2,2.674589
1019,2022-01-02-11:30:17,2,5,1.523457
1020,2022-01-02-11:30:18,5,2,1.509794
1021,2022-01-02-11:30:20,2,4,1.831995
1022,2022-01-02-11:30:24,4,6,3.430070
1023,2022-01-02-11:30:28,6,7,3.981771
1024,2022-01-02-11:30:30,7,5,2.575310
1025,2022-01-02-11:30:32,5,1,1.904072
1026,2022-01-02-11:30:33,1,0,1.004374
1027,2022-01-02-11:30:37,0,6,3.453380
1028,2022-01-02-11:30:40,6,4,3.434661
1029,2022-01-02-11:30:43,4,6,3.414369
1030,2022-01-02-11:30:47,6,3,3.639524
1031,2022-01-02-11:30:49,3,0,2.363510
1032,2022-01-02-11:30:51,0,4,1.507657
1033,2022-01-02-11:30:53,4,5,1.780371
1034,2022-01-02-11:30:56,5,6,3.080327
1035,2022-01-02-11:31:00,6,7,3.982293
1036,2022-01-02-11:31:02,7,2,2.601322
1037,2022-01-02-11:31:04,2,4,1.765491
1038,2022-01-02-11:31:06,4,5,1.785365
1039,2022-01-02-11:31:09,5,6,3.148197
1040,2022-01-02-11:31:12,6,4,3.397257
1041,2022-01-02-11:31:14,4,1,1.322705
1042,2022-01-02-11:31:16,1,3,2.230054
1043,2022-01-02-11:31:18,3,4,2.161565
1044,2022-01-02-11:31:20,4,7,1.859102
1045,2022-01-02-11:31:22,7,3,2.125700
1046,2022-01-02-11:31:24,3,1,2.226434
1047,2022-01-02-11:31:26,1,2,2.058298
1048,2022-01-02-11:31:29,2,1,2.017408
1049,2022-01-02-11:31:31,1,2,1.999885
1050,2022-01-02-11:31:32,2,4,1.770456
1051,2022-01-02-11:31:34,4,3,2.136187
1052,2022-01-02-11:31:37,3,5,2.159766
1053,2022-01-02-11:31:38,5,1,1.930208
1054,2022-01-02-11:31:42,1,6,3.543716
1055,2022-01-02-11:31:45,6,5,3.071670
1056,2022-01-02-11:31:47,5,4,1.770041
1057,2022-01-02-11:31:48,4,0,1.526766
1058,2022-01-02-11:31:52,0,6,3.430002
1059,2022-01-02-11:31:55,6,1,3.516377
1060,2022-01-02-11:31:57,1,7,1.645741
1061,2022-01-02-11:32:01,7,6,4.040032
1062,2022-01-02-11:32:04,6,5,3.143573
1063,2022-01-02,11:32:04,5,3,0.073090
Goal has been aborted : Moveit failed to compute the plan.
