"iteration,date,init_position,final_position,time"
0,2022-01-28-06:17:50,-1,2,4.71398
1,2022-01-28-06:17:52,2,4,2.04423
2,2022-01-28-06:17:55,4,5,3.54136
3,2022-01-28-06:17:58,5,7,2.86908
4,2022-01-28-06:18:01,7,2,3.29444
5,2022-01-28-06:18:03,2,4,1.99046
6,2022-01-28-06:18:07,4,2,3.69573
7,2022-01-28-06:18:09,2,4,1.90643
8,2022-01-28-06:18:13,4,6,3.51057
9,2022-01-28-06:18:15,6,7,2.70579
10,2022-01-28-06:18:18,7,0,3.18334
11,2022-01-28-06:18:20,0,1,1.28415
12,2022-01-28-06:18:22,1,7,1.84179
13,2022-01-28-06:18:28,7,4,6.30900
14,2022-01-28-06:18:29,4,1,1.64377
15,2022-01-28-06:18:31,1,4,1.85122
16,2022-01-28-06:18:33,4,7,2.14542
17,2022-01-28-06:18:35,7,1,1.89869
18,2022-01-28-06:18:38,1,2,2.19131
19,2022-01-28-06:18:40,2,1,2.36916
20,2022-01-28-06:18:42,1,7,1.76972
21,2022-01-28-06:18:44,7,1,1.90560
22,2022-01-28-06:18:46,1,2,2.11289
23,2022-01-28-06:18:48,2,0,1.87177
24,2022-01-28-06:18:49,0,4,1.64979
25,2022-01-28-06:18:54,4,2,4.70491
26,2022-01-28-06:18:56,2,4,1.99379
27,2022-01-28-06:18:58,4,2,2.03688
28,2022-01-28-06:19:02,2,5,4.01320
29,2022-01-28-06:19:04,5,1,2.20115
30,2022-01-28-06:19:07,1,3,3.10823
31,2022-01-28-06:19:10,3,2,3.02545
32,2022-01-28-06:19:13,2,5,2.99633
33,2022-01-28-06:19:19,5,3,5.28979
34,2022-01-28-06:19:30,3,2,5.82133
35,2022-01-28-06:19:36,2,7,5.69083
36,2022-01-28-06:19:39,7,6,2.89104
37,2022-01-28-06:19:42,6,2,3.46935
38,2022-01-28-06:19:45,2,5,2.71758
39,2022-01-28-06:19:51,5,4,6.29073
40,2022-01-28-06:19:56,4,0,4.69660
41,2022-01-28-06:19:57,0,1,1.38912
42,2022-01-28-06:20:01,1,5,4.11626
43,2022-01-28-06:20:04,5,0,2.62646
44,2022-01-28-06:20:06,0,2,2.39480
45,2022-01-28-06:20:09,2,3,2.96416
46,2022-01-28-06:20:15,3,0,5.93256
47,2022-01-28-06:20:32,0,7,10.74493
48,2022-01-28-06:20:42,7,6,9.72563
49,2022-01-28-06:20:50,6,7,5.21717
50,2022-01-28-06:21:02,7,6,11.32858
51,2022-01-28-06:21:06,6,3,4.24124
52,2022-01-28-06:21:10,3,1,3.72289
53,2022-01-28-06:21:16,1,3,5.74994
54,2022-01-28-06:21:27,3,5,10.72958
55,2022-01-28-06:21:40,5,6,8.57370
56,2022-01-28-06:21:55,6,0,13.54668
57,2022-01-28-06:22:13,0,1,16.47954
58,2022-01-28-06:22:31,1,3,10.00275
59,2022-01-28-06:23:03,3,2,29.50633
60,2022-01-28-06:23:08,2,6,5.24649
61,2022-01-28-06:23:11,6,4,2.83044
62,2022-01-28-06:23:13,4,5,1.94817
63,2022-01-28-06:23:17,5,7,3.71371
64,2022-01-28-06:23:20,7,3,3.55120
65,2022-01-28-06:23:28,3,4,7.71444
66,2022-01-28-06:23:30,4,7,2.09661
67,2022-01-28-06:23:32,7,4,2.04646
68,2022-01-28-06:23:36,4,6,3.63294
69,2022-01-28-06:23:40,6,3,4.17535
70,2022-01-28-06:23:45,3,2,4.75330
71,2022-01-28-06:23:47,2,4,2.16637
72,2022-01-28-06:23:51,4,2,4.09196
73,2022-01-28-06:23:54,2,3,2.85173
74,2022-01-28-06:23:57,3,0,2.72106
75,2022-01-28-06:23:59,0,7,2.08783
76,2022-01-28-06:24:01,7,0,2.15313
77,2022-01-28-06:24:02,0,1,1.67968
78,2022-01-28-06:24:05,1,2,2.10313
79,2022-01-28-06:24:06,2,4,1.85722
80,2022-01-28-06:24:08,4,1,1.52732
81,2022-01-28-06:24:09,1,0,1.16301
82,2022-01-28-06:24:11,0,5,1.99988
83,2022-01-28-06:24:13,5,1,2.24080
84,2022-01-28-06:24:16,1,6,2.97272
85,2022-01-28-06:24:19,6,1,2.91403
86,2022-01-28-06:24:21,1,7,1.83925
87,2022-01-28-06:24:24,7,0,3.14025
88,2022-01-28-06:24:27,0,3,2.53405
89,2022-01-28-06:24:29,3,6,2.12258
90,2022-01-28-06:24:32,6,5,2.85381
91,2022-01-28-06:24:34,5,7,2.70237
92,2022-01-28-06:24:38,7,1,3.54842
93,2022-01-28-06:24:42,1,6,3.99262
94,2022-01-28-06:24:46,6,7,4.28040
95,2022-01-28-06:24:49,7,0,2.57375
96,2022-01-28-06:24:50,0,4,1.58926
97,2022-01-28-06:24:54,4,6,3.66498
98,2022-01-28-06:24:58,6,7,4.37849
99,2022-01-28-06:25:03,7,2,4.64082
100,2022-01-28-06:25:07,2,5,4.19820
101,2022-01-28-06:25:10,5,2,2.47088
102,2022-01-28-06:25:13,2,7,3.05440
103,2022-01-28-06:25:15,7,1,2.17514
104,2022-01-28-06:25:18,1,2,2.64547
105,2022-01-28-06:25:21,2,6,3.54582
106,2022-01-28-06:25:25,6,5,3.54701
107,2022-01-28-06:25:27,5,4,2.19246
108,2022-01-28-06:25:31,4,6,3.66874
109,2022-01-28-06:25:34,6,7,2.93371
110,2022-01-28-06:25:37,7,3,3.55298
111,2022-01-28-06:25:42,3,4,4.50772
112,2022-01-28-06:25:45,4,0,3.82341
113,2022-01-28-06:25:48,0,5,2.63046
114,2022-01-28-06:25:51,5,0,2.54590
115,2022-01-28-06:25:53,0,2,1.93445
116,2022-01-28-06:25:56,2,3,3.01784
117,2022-01-28-06:25:58,3,1,2.65759
118,2022-01-28-06:26:01,1,5,2.33163
119,2022-01-28-06:26:03,5,7,2.83854
120,2022-01-28-06:26:07,7,4,3.59868
121,2022-01-28-06:26:11,4,2,4.28524
122,2022-01-28-06:26:15,2,7,3.45119
123,2022-01-28-06:26:19,7,2,4.45704
124,2022-01-28-06:26:23,2,5,3.92391
125,2022-01-28-06:26:26,5,7,2.67143
126,2022-01-28-06:26:29,7,4,3.65956
127,2022-01-28-06:26:32,4,5,2.08826
128,2022-01-28-06:26:34,5,3,2.45037
129,2022-01-28-06:26:37,3,1,2.71103
130,2022-01-28-06:26:40,1,6,2.86574
131,2022-01-28-06:26:43,6,0,3.02276
132,2022-01-28-06:26:44,0,4,1.78761
133,2022-01-28-06:26:49,4,2,4.53815
134,2022-01-28-06:26:52,2,6,3.24692
135,2022-01-28-06:26:56,6,4,3.83169
136,2022-01-28-06:27:00,4,5,3.83698
137,2022-01-28-06:27:02,5,1,2.22586
138,2022-01-28-06:27:04,1,0,1.50902
139,2022-01-28-06:27:06,0,5,2.04140
140,2022-01-28-06:27:09,5,3,2.98193
141,2022-01-28-06:27:12,3,1,3.67259
142,2022-01-28-06:27:15,1,2,2.20495
143,2022-01-28-06:27:16,2,0,1.82687
144,2022-01-28-06:27:19,0,3,2.81613
145,2022-01-28-06:27:22,3,1,2.61591
146,2022-01-28-06:27:26,1,6,3.90370
147,2022-01-28-06:27:31,6,2,5.32539
148,2022-01-28-06:27:35,2,5,4.35825
149,2022-01-28-06:27:38,5,0,2.61181
150,2022-01-28-06:27:40,0,5,2.31614
151,2022-01-28-06:27:43,5,3,2.76521
152,2022-01-28-06:27:47,3,5,3.45901
153,2022-01-28-06:27:49,5,1,2.38079
154,2022-01-28-06:27:52,1,6,2.78922
155,2022-01-28-06:27:57,6,2,4.98005
156,2022-01-28-06:28:01,2,5,4.36327
157,2022-01-28-06:28:03,5,0,2.31941
158,2022-01-28-06:28:06,0,5,2.15088
159,2022-01-28-06:28:09,5,3,3.50972
160,2022-01-28-06:28:13,3,6,3.73654
161,2022-01-28-06:28:16,6,0,3.48030
162,2022-01-28-06:28:20,0,6,3.70083
163,2022-01-28-06:28:24,6,2,3.53853
164,2022-01-28-06:28:26,2,7,2.94982
165,2022-01-28-06:28:29,7,1,2.34997
166,2022-01-28-06:28:30,1,4,1.48082
167,2022-01-28-06:28:33,4,7,2.64461
168,2022-01-28-06:28:36,7,5,3.20147
169,2022-01-28-06:28:39,5,7,2.85552
170,2022-01-28-06:28:42,7,2,3.16168
171,2022-01-28-06:28:44,2,4,2.06476
172,2022-01-28-06:28:46,4,0,1.65623
173,2022-01-28-06:28:49,0,3,2.70742
174,2022-01-28-06:28:52,3,7,3.41454
175,2022-01-28-06:28:56,7,1,3.91914
176,2022-01-28-06:29:00,1,6,3.79285
177,2022-01-28-06:29:04,6,4,3.87445
178,2022-01-28-06:29:05,4,1,1.47045
179,2022-01-28-06:29:08,1,5,2.88286
180,2022-01-28-06:29:10,5,1,2.22020
181,2022-01-28-06:29:13,1,2,2.52413
182,2022-01-28-06:29:16,2,7,2.92422
183,2022-01-28-06:29:19,7,4,3.60560
184,2022-01-28-06:29:21,4,7,2.12203
185,2022-01-28-06:29:23,7,1,1.82911
186,2022-01-28-06:29:25,1,2,2.23174
187,2022-01-28-06:29:27,2,0,1.98186
188,2022-01-28-06:29:30,0,7,2.20461
189,2022-01-28-06:29:32,7,4,2.03784
190,2022-01-28-06:29:33,4,1,1.52319
191,2022-01-28-06:29:35,1,4,1.51343
192,2022-01-28-06:29:37,4,5,1.92770
193,2022-01-28-06:29:39,5,2,2.00211
194,2022-01-28-06:29:42,2,3,3.37036
195,2022-01-28-06:29:44,3,6,2.36001
196,2022-01-28-06:29:50,6,2,5.69540
197,2022-01-28-06:29:54,2,0,4.11947
198,2022-01-28-06:29:58,0,3,4.22574
199,2022-01-28-06:30:02,3,0,3.59607
200,2022-01-28-06:30:04,0,7,2.17885
201,2022-01-28-06:30:06,7,4,1.99210
202,2022-01-28-06:30:08,4,1,1.46926
203,2022-01-28-06:30:10,1,7,2.09878
204,2022-01-28-06:30:13,7,5,2.90512
205,2022-01-28-06:30:14,5,2,1.78851
206,2022-01-28-06:30:16,2,0,1.95221
207,2022-01-28-06:30:19,0,2,2.11007
208,2022-01-28-06:30:22,2,6,3.39198
209,2022-01-28-06:30:26,6,2,3.62634
210,2022-01-28-06:30:29,2,3,3.03656
211,2022-01-28-06:30:32,3,2,2.95095
212,2022-01-28-06:30:36,2,7,4.64501
213,2022-01-28-06:30:41,7,2,4.76425
214,2022-01-28-06:30:46,2,1,4.79454
215,2022-01-28-06:30:48,1,5,2.23317
216,2022-01-28-06:30:51,5,3,3.30656
217,2022-01-28-06:30:55,3,0,3.68790
218,2022-01-28-06:30:57,0,1,1.79395
219,2022-01-28-06:31:01,1,6,3.77895
220,2022-01-28-06:31:06,6,4,5.40793
221,2022-01-28-06:31:09,4,2,2.58468
222,2022-01-28-06:31:11,2,1,2.55721
223,2022-01-28-06:31:14,1,5,2.39538
224,2022-01-28-06:31:16,5,1,2.13865
225,2022-01-28-06:31:17,1,0,1.29972
226,2022-01-28-06:31:20,0,3,2.67612
227,2022-01-28-06:31:23,3,2,3.08790
228,2022-01-28-06:31:25,2,1,2.26962
229,2022-01-28-06:31:26,1,0,1.27456
230,2022-01-28-06:31:28,0,2,2.17101
231,2022-01-28-06:31:30,2,5,1.83072
232,2022-01-28-06:31:34,5,3,4.12025
233,2022-01-28-06:31:38,3,6,3.70041
234,2022-01-28-06:31:42,6,5,3.64801
235,2022-01-28-06:31:44,5,4,2.11199
236,2022-01-28-06:31:46,4,2,2.32261
237,2022-01-28-06:31:49,2,3,3.17392
238,2022-01-28-06:31:52,3,4,3.00768
239,2022-01-28-06:31:54,4,0,1.74089
240,2022-01-28-06:31:55,0,1,1.34409
241,2022-01-28-06:31:57,1,7,2.00157
242,2022-01-28-06:32:02,7,6,4.38953
243,2022-01-28-06:32:05,6,5,3.60801
244,2022-01-28-06:32:13,5,1,7.10719
245,2022-01-28-06:32:15,1,7,2.02751
246,2022-01-28-06:32:18,7,5,3.50815
247,2022-01-28-06:32:21,5,3,2.47978
248,2022-01-28-06:32:25,3,2,4.73609
249,2022-01-28-06:32:30,2,0,4.89940
250,2022-01-28-06:32:32,0,7,2.13467
251,2022-01-28-06:32:35,7,0,2.27152
252,2022-01-28-06:32:38,0,3,3.14744
253,2022-01-28-06:32:40,3,5,2.67414
254,2022-01-28-06:32:43,5,2,2.29267
255,2022-01-28-06:32:46,2,7,3.40817
256,2022-01-28-06:32:50,7,2,3.48034
257,2022-01-28-06:32:55,2,1,5.12716
258,2022-01-28-06:32:56,1,4,1.51139
259,2022-01-28-06:33:01,4,2,4.45484
260,2022-01-28-06:33:05,2,1,4.39656
261,2022-01-28-06:33:08,1,2,2.49614
262,2022-01-28-06:33:10,2,0,2.03486
263,2022-01-28-06:33:11,0,1,1.52187
264,2022-01-28-06:33:13,1,4,2.04935
265,2022-01-28-06:33:16,4,6,3.12491
266,2022-01-28-06:33:20,6,2,3.30759
267,2022-01-28-06:33:23,2,3,3.63695
268,2022-01-28-06:33:28,3,1,4.81169
269,2022-01-28-06:33:32,1,6,4.35013
270,2022-01-28-06:33:36,6,5,3.95984
271,2022-01-28-06:33:39,5,1,2.42464
272,2022-01-28-06:33:42,1,6,3.13545
273,2022-01-28-06:33:46,6,2,3.50611
274,2022-01-28-06:33:49,2,6,3.64055
275,2022-01-28-06:33:52,6,7,3.23785
276,2022-01-28-06:33:55,7,6,2.93822
277,2022-01-28-06:34:00,6,3,4.66237
278,2022-01-28-06:34:04,3,4,3.56544
279,2022-01-28-06:34:06,4,3,2.56965
280,2022-01-28-06:34:10,3,7,4.14414
281,2022-01-28-06:34:15,7,6,4.46751
282,2022-01-28-06:34:19,6,5,3.63193
283,2022-01-28-06:34:22,5,6,3.43113
284,2022-01-28-06:34:25,6,5,3.45038
285,2022-01-28-06:34:28,5,3,3.01022
286,2022-01-28-06:34:31,3,0,3.02955
287,2022-01-28-06:34:34,0,3,2.96941
288,2022-01-28-06:34:37,3,0,2.68238
289,2022-01-28-06:34:41,0,3,3.47049
290,2022-01-28-06:34:43,3,0,2.78054
291,2022-01-28-06:34:45,0,4,2.03224
292,2022-01-28-06:34:48,4,3,2.42675
293,2022-01-28-06:34:51,3,1,2.73190
294,2022-01-28-06:34:53,1,7,2.14147
295,2022-01-28-06:34:56,7,6,3.15692
296,2022-01-28-06:34:58,6,3,2.16199
297,2022-01-28-06:35:01,3,4,3.08324
298,2022-01-28-06:35:04,4,2,2.97841
299,2022-01-28-06:35:07,2,7,2.94668
300,2022-01-28-06:35:11,7,3,3.78508
301,2022-01-28-06:35:14,3,2,3.53379
302,2022-01-28-06:35:18,2,7,3.30684
303,2022-01-28-06:35:21,7,3,3.23134
304,2022-01-28-06:35:26,3,2,4.65113
305,2022-01-28-06:35:28,2,4,2.37021
306,2022-01-28-06:35:31,4,6,3.56839
307,2022-01-28-06:35:35,6,2,3.45059
308,2022-01-28-06:35:39,2,5,4.22422
309,2022-01-28-06:35:42,5,4,2.48687
310,2022-01-28-06:35:44,4,7,2.41652
311,2022-01-28-06:35:47,7,2,2.96545
312,2022-01-28-06:35:49,2,4,2.34919
313,2022-01-28-06:35:52,4,7,2.52541
314,2022-01-28-06:35:54,7,1,2.07040
315,2022-01-28-06:35:56,1,7,2.10527
316,2022-01-28-06:35:59,7,6,3.17725
317,2022-01-28-06:36:03,6,1,3.34769
318,2022-01-28-06:36:06,1,6,3.33835
319,2022-01-28-06:36:09,6,7,3.16320
320,2022-01-28-06:36:12,7,5,3.15781
321,2022-01-28-06:36:16,5,6,3.73576
322,2022-01-28-06:36:20,6,0,4.12548
323,2022-01-28-06:36:22,0,2,2.26163
324,2022-01-28-06:36:25,2,4,2.19063
325,2022-01-28-06:36:27,4,0,2.30573
326,2022-01-28-06:36:30,0,3,2.80843
327,2022-01-28-06:36:34,3,2,4.63827
328,2022-01-28-06:36:39,2,7,4.80179
329,2022-01-28-06:36:42,7,4,2.52939
330,2022-01-28-06:36:44,4,0,1.81967
331,2022-01-28-06:36:46,0,5,2.22585
332,2022-01-28-06:36:49,5,7,2.94019
333,2022-01-28-06:36:52,7,0,3.67552
334,2022-01-28-06:36:55,0,5,2.71676
335,2022-01-28-06:36:58,5,0,2.42475
336,2022-01-28-06:37:01,0,3,3.15801
337,2022-01-28-06:37:04,3,1,3.39539
338,2022-01-28-06:37:08,1,6,3.57441
339,2022-01-28-06:37:11,6,0,3.58808
340,2022-01-28-06:37:14,0,5,2.84890
341,2022-01-28-06:37:18,5,6,3.62545
342,2022-01-28-06:37:23,6,1,4.87930
343,2022-01-28-06:37:24,1,0,1.66620
344,2022-01-28-06:37:26,0,2,2.05687
345,2022-01-28-06:37:29,2,0,2.21005
346,2022-01-28-06:37:31,0,2,2.09510
347,2022-01-28-06:37:33,2,0,1.93914
348,2022-01-28-06:37:37,0,6,4.06470
349,2022-01-28-06:37:41,6,0,4.20211
350,2022-01-28-06:37:43,0,7,2.58261
351,2022-01-28-06:37:47,7,2,3.26108
352,2022-01-28-06:37:49,2,0,2.26074
353,2022-01-28-06:37:50,0,1,1.52348
354,2022-01-28-06:37:52,1,0,1.27249
355,2022-01-28-06:37:54,0,7,2.61902
356,2022-01-28-06:37:58,7,5,3.69658
357,2022-01-28-06:38:02,5,3,3.87070
358,2022-01-28-06:38:06,3,7,3.78859
359,2022-01-28-06:38:09,7,3,3.65172
360,2022-01-28-06:38:12,3,4,3.07407
361,2022-01-28-06:38:15,4,2,2.70681
362,2022-01-28-06:38:17,2,5,1.92504
363,2022-01-28-06:38:20,5,0,2.56552
364,2022-01-28-06:38:22,0,7,2.69679
365,2022-01-28-06:38:27,7,6,4.68897
366,2022-01-28-06:38:32,6,4,4.82895
367,2022-01-28-06:38:34,4,0,2.02807
368,2022-01-28-06:38:36,0,2,2.26768
369,2022-01-28-06:38:38,2,0,2.20954
370,2022-01-28-06:38:42,0,6,3.50268
371,2022-01-28-06:38:45,6,5,3.28338
372,2022-01-28-06:38:49,5,6,3.88071
373,2022-01-28-06:38:54,6,7,4.92307
374,2022-01-28-06:38:57,7,2,3.16236
375,2022-01-28-06:39:00,2,3,3.26699
376,2022-01-28-06:39:05,3,7,4.22089
377,2022-01-28-06:39:09,7,1,4.14049
378,2022-01-28-06:39:10,1,0,1.60255
379,2022-01-28-06:39:13,0,7,2.81577
380,2022-01-28-06:39:16,7,1,2.38843
381,2022-01-28-06:39:18,1,4,2.03550
382,2022-01-28-06:39:20,4,3,2.78372
383,2022-01-28-06:39:23,3,1,2.95576
384,2022-01-28-06:39:28,1,6,4.83685
385,2022-01-28-06:39:32,6,2,3.76163
386,2022-01-28-06:39:34,2,4,2.37681
387,2022-01-28-06:39:37,4,0,2.41362
388,2022-01-28-06:39:40,0,6,3.35038
389,2022-01-28-06:39:44,6,4,4.36945
390,2022-01-28-06:39:49,4,1,4.45211
391,2022-01-28-06:39:51,1,4,1.94574
392,2022-01-28-06:39:54,4,3,2.97408
393,2022-01-28-06:39:57,3,1,2.71285
394,2022-01-28-06:40:01,1,6,4.26798
395,2022-01-28-06:40:05,6,0,4.01816
396,2022-01-28-06:40:07,0,1,1.90277
397,2022-01-28-06:40:10,1,3,3.19203
398,2022-01-28-06:40:15,3,2,4.71657
399,2022-01-28-06:40:19,2,6,3.84572
400,2022-01-28-06:40:23,6,5,4.47290
401,2022-01-28-06:40:27,5,6,3.57671
402,2022-01-28-06:40:32,6,4,4.93073
403,2022-01-28-06:40:33,4,1,1.87927
404,2022-01-28-06:40:37,1,5,3.83589
405,2022-01-28-06:40:41,5,7,3.27085
406,2022-01-28-06:40:44,7,5,3.18586
407,2022-01-28-06:40:48,5,3,4.20108
408,2022-01-28-06:40:52,3,7,4.49180
409,2022-01-28-06:40:55,7,1,2.29121
410,2022-01-28-06:40:57,1,7,2.49840
411,2022-01-28-06:41:00,7,4,2.41097
412,2022-01-28-06:41:02,4,5,2.40633
413,2022-01-28-06:41:05,5,7,3.08246
414,2022-01-28-06:41:09,7,2,4.25781
415,2022-01-28-06:41:15,2,3,5.46107
416,2022-01-28-06:41:18,3,5,3.17099
417,2022-01-28-06:41:21,5,1,3.00220
418,2022-01-28-06:41:23,1,4,2.07360
419,2022-01-28-06:41:25,4,0,1.97529
420,2022-01-28-06:41:27,0,1,1.50623
421,2022-01-28-06:41:29,1,7,2.45155
422,2022-01-28-06:41:32,7,4,2.73211
423,2022-01-28-06:41:37,4,2,5.22283
424,2022-01-28-06:41:40,2,4,2.47758
425,2022-01-28-06:41:43,4,2,3.62731
426,2022-01-28-06:41:47,2,3,4.19595
427,2022-01-28-06:41:51,3,2,3.55362
428,2022-01-28-06:41:53,2,4,2.52938
429,2022-01-28-06:41:55,4,1,1.75112
430,2022-01-28-06:41:58,1,3,3.00701
431,2022-01-28-06:42:01,3,5,2.73514
432,2022-01-28-06:42:05,5,6,4.00469
433,2022-01-28-06:42:10,6,1,4.55573
434,2022-01-28-06:42:12,1,4,2.12658
435,2022-01-28-06:42:14,4,2,2.75874
436,2022-01-28-06:42:18,2,7,3.20378
437,2022-01-28-06:42:22,7,6,4.54613
438,2022-01-28-06:42:27,6,1,4.48192
439,2022-01-28-06:42:29,1,7,2.10554
440,2022-01-28-06:42:31,7,4,2.52082
441,2022-01-28-06:42:34,4,3,2.81945
442,2022-01-28-06:42:38,3,5,3.41069
443,2022-01-28-06:42:41,5,0,3.51786
444,2022-01-28-06:42:45,0,6,3.57529
445,2022-01-28-06:42:48,6,0,3.36741
446,2022-01-28-06:42:50,0,2,2.41346
447,2022-01-28-06:42:53,2,5,2.25277
448,2022-01-28-06:42:55,5,0,2.56761
449,2022-01-28-06:42:58,0,7,2.47358
450,2022-01-28-06:43:01,7,2,3.43099
451,2022-01-28-06:43:05,2,3,3.49675
452,2022-01-28-06:43:08,3,2,3.18618
453,2022-01-28-06:43:11,2,3,3.28460
454,2022-01-28-06:43:15,3,5,3.49229
455,2022-01-28-06:43:18,5,7,3.45562
456,2022-01-28-06:43:21,7,6,3.28929
457,2022-01-28-06:43:26,6,0,4.53178
458,2022-01-28-06:43:29,0,3,3.31602
459,2022-01-28-06:43:32,3,7,2.67227
460,2022-01-28-06:43:35,7,6,3.28723
461,2022-01-28-06:43:40,6,2,4.68728
462,2022-01-28-06:43:46,2,1,6.09849
463,2022-01-28-06:43:49,1,3,2.91293
464,2022-01-28-06:43:53,3,2,3.81873
465,2022-01-28-06:43:57,2,6,4.21746
466,2022-01-28-06:44:01,6,0,4.56586
467,2022-01-28-06:44:05,0,5,3.05881
468,2022-01-28-06:44:08,5,2,3.49806
469,2022-01-28-06:44:10,2,0,2.45525
470,2022-01-28-06:44:13,0,7,2.39660
471,2022-01-28-06:44:15,7,1,2.40628
472,2022-01-28-06:44:18,1,7,2.33219
473,2022-01-28-06:44:20,7,1,2.04104
474,2022-01-28-06:44:23,1,3,3.44766
475,2022-01-28-06:44:26,3,1,3.27963
476,2022-01-28-06:44:29,1,5,2.59303
477,2022-01-28-06:44:32,5,3,2.63407
478,2022-01-28-06:44:34,3,4,2.77438
479,2022-01-28-06:44:37,4,3,2.59097
480,2022-01-28-06:44:40,3,0,3.06896
481,2022-01-28-06:44:43,0,5,3.03108
482,2022-01-28-06:44:46,5,4,2.94620
483,2022-01-28-06:44:48,4,0,2.04922
484,2022-01-28-06:44:52,0,3,3.46105
485,2022-01-28-06:44:57,3,4,5.68829
486,2022-01-28-06:45:01,4,2,3.56828
487,2022-01-28-06:45:05,2,6,3.77384
488,2022-01-28-06:45:10,6,3,5.29605
489,2022-01-28-06:45:13,3,5,3.38116
490,2022-01-28-06:45:16,5,2,2.69704
491,2022-01-28-06:45:18,2,5,2.20128
492,2022-01-28-06:45:22,5,3,4.09834
493,2022-01-28-06:45:26,3,7,4.13966
494,2022-01-28-06:45:29,7,3,3.08934
495,2022-01-28-06:45:32,3,6,2.58720
496,2022-01-28-06:45:36,6,0,3.53600
497,2022-01-28-06:45:39,0,5,3.35339
498,2022-01-28-06:45:43,5,6,4.00634
499,2022-01-28-06:45:48,6,4,4.83009
500,2022-01-28-06:45:51,4,3,2.75196
501,2022-01-28-06:45:53,3,6,2.75044
502,2022-01-28-06:45:57,6,4,4.05514
503,2022-01-28-06:46:00,4,7,2.59882
504,2022-01-28-06:46:05,7,3,5.41640
505,2022-01-28-06:46:10,3,7,4.73956
506,2022-01-28-06:46:13,7,1,2.39890
507,2022-01-28-06:46:16,1,3,3.09987
508,2022-01-28-06:46:19,3,5,3.19516
509,2022-01-28-06:46:22,5,3,2.97522
510,2022-01-28-06:46:25,3,1,3.31932
511,2022-01-28-06:46:27,1,4,1.93188
512,2022-01-28-06:46:29,4,1,2.02823
513,2022-01-28-06:46:31,1,4,1.98347
514,2022-01-28-06:46:34,4,7,2.46479
515,2022-01-28-06:46:37,7,2,3.52540
516,2022-01-28-06:46:39,2,5,2.06575
517,2022-01-28-06:46:42,5,0,2.46288
518,2022-01-28-06:46:45,0,3,3.24829
519,2022-01-28-06:46:48,3,5,3.09351
520,2022-01-28-06:46:51,5,7,3.35911
521,2022-01-28-06:46:55,7,5,3.22259
522,2022-01-28-06:46:57,5,4,2.55252
523,2022-01-28-06:47:01,4,6,4.11799
524,2022-01-28-06:47:06,6,7,4.56080
525,2022-01-28-06:47:09,7,5,3.57623
526,2022-01-28-06:47:12,5,0,2.47737
527,2022-01-28-06:47:16,0,3,3.78689
528,2022-01-28-06:47:20,3,7,4.44645
529,2022-01-28-06:47:23,7,5,3.31097
530,2022-01-28-06:47:26,5,4,2.59619
531,2022-01-28-06:47:28,4,2,2.42067
532,2022-01-28-06:47:31,2,1,2.44507
533,2022-01-28-06:47:33,1,0,1.67158
534,2022-01-28-06:47:37,0,6,4.24571
535,2022-01-28-06:47:40,6,7,3.69477
536,2022-01-28-06:47:45,7,4,4.07189
537,2022-01-28-06:47:47,4,0,2.24347
538,2022-01-28-06:47:49,0,7,2.59459
539,2022-01-28-06:47:52,7,1,3.06340
540,2022-01-28-06:47:54,1,4,1.75542
541,2022-01-28-06:47:57,4,7,2.63395
542,2022-01-28-06:48:00,7,1,2.81906
543,2022-01-28-06:48:04,1,6,4.17495
544,2022-01-28-06:48:09,6,7,5.16084
545,2022-01-28-06:48:12,7,0,2.52224
546,2022-01-28-06:48:15,0,5,3.64719
547,2022-01-28-06:48:19,5,6,4.06851
548,2022-01-28-06:48:24,6,0,4.91103
549,2022-01-28-06:48:27,0,5,3.14843
550,2022-01-28-06:48:31,5,6,3.82134
551,2022-01-28-06:48:35,6,7,3.63023
552,2022-01-28-06:48:38,7,6,3.42122
553,2022-01-28-06:48:43,6,2,5.04426
554,2022-01-28-06:48:49,2,6,5.70994
555,2022-01-28-06:48:56,6,0,6.95162
556,2022-01-28-06:49:01,0,2,5.29985
557,2022-01-28-06:49:08,2,3,6.40285
558,2022-01-28-06:49:12,3,4,3.63095
559,2022-01-28-06:49:15,4,7,2.87893
560,2022-01-28-06:49:19,7,2,3.78694
561,2022-01-28-06:49:21,2,1,2.60331
562,2022-01-28-06:49:26,1,6,4.01150
563,2022-01-28-06:49:30,6,3,4.56620
564,2022-01-28-06:49:33,3,7,2.72395
565,2022-01-28-06:49:38,7,2,4.98425
566,2022-01-28-06:49:40,2,0,2.51106
567,2022-01-28-06:49:44,0,6,3.45201
568,2022-01-28-06:49:47,6,7,3.33965
569,2022-01-28-06:49:51,7,5,3.73481
570,2022-01-28-06:49:53,5,2,2.34810
571,2022-01-28-06:49:57,2,3,3.58454
572,2022-01-28-06:50:00,3,1,3.13654
573,2022-01-28-06:50:02,1,0,2.00874
574,2022-01-28-06:50:04,0,1,2.12918
575,2022-01-28-06:50:07,1,2,2.63786
576,2022-01-28-06:50:10,2,3,3.62796
577,2022-01-28-06:50:14,3,0,3.58848
578,2022-01-28-06:50:17,0,3,3.20422
579,2022-01-28-06:50:20,3,0,3.09431
580,2022-01-28-06:50:23,0,2,2.33943
581,2022-01-28-06:50:25,2,1,2.55887
582,2022-01-28-06:50:29,1,6,4.18827
583,2022-01-28-06:50:34,6,3,4.81465
584,2022-01-28-06:50:38,3,2,3.82824
585,2022-01-28-06:50:42,2,1,3.61634
586,2022-01-28-06:50:46,1,6,4.43007
587,2022-01-28-06:50:50,6,2,3.83782
588,2022-01-28-06:50:54,2,3,4.00673
589,2022-01-28-06:51:00,3,0,5.84068
590,2022-01-28-06:51:03,0,2,2.82372
591,2022-01-28-06:51:08,2,6,5.00161
592,2022-01-28-06:51:14,6,7,5.83900
593,2022-01-28-06:51:19,7,5,4.72351
594,2022-01-28-06:51:23,5,0,3.54165
595,2022-01-28-06:51:28,0,3,4.83506
596,2022-01-28-06:51:32,3,5,4.18917
597,2022-01-28-06:51:37,5,7,5.00456
598,2022-01-28-06:51:42,7,0,4.76644
599,2022-01-28-06:51:46,0,3,4.17237
600,2022-01-28-06:51:50,3,7,4.10514
601,2022-01-28-06:51:57,7,2,7.30261
602,2022-01-28-06:52:03,2,1,5.56987
603,2022-01-28-06:52:06,1,2,2.93138
604,2022-01-28-06:52:10,2,6,4.52133
605,2022-01-28-06:52:14,6,4,3.83216
606,2022-01-28-06:52:20,4,5,6.18947
607,2022-01-28-06:52:23,5,1,3.22672
608,2022-01-28-06:52:26,1,7,2.06716
609,2022-01-28-06:52:29,7,4,3.06038
610,2022-01-28-06:52:30,4,1,1.89846
611,2022-01-28-06:52:33,1,2,2.90159
612,2022-01-28-06:52:37,2,7,3.12920
613,2022-01-28-06:52:40,7,2,3.56402
614,2022-01-28-06:52:46,2,7,5.49679
615,2022-01-28-06:52:51,7,4,5.02098
616,2022-01-28-06:52:55,4,2,3.96178
617,2022-01-28-06:52:58,2,7,2.95952
618,2022-01-28-06:53:00,7,3,2.95155
619,2022-01-28-06:53:06,3,2,5.24426
620,2022-01-28-06:53:10,2,5,4.46973
621,2022-01-28-06:53:13,5,3,3.28388
622,2022-01-28-06:53:20,3,1,6.74323
623,2022-01-28-06:53:31,1,3,7.78382
624,2022-01-28-06:53:35,3,1,3.26395
625,2022-01-28-06:53:39,1,7,3.92231
626,2022-01-28-06:53:44,7,4,5.08456
627,2022-01-28-06:53:47,4,3,2.72659
628,2022-01-28-06:53:52,3,7,5.30594
629,2022-01-28-06:53:55,7,4,2.53549
630,2022-01-28-06:53:57,4,7,2.93797
631,2022-01-28-06:54:02,7,5,4.21423
632,2022-01-28-06:54:06,5,2,4.01876
633,2022-01-28-06:54:09,2,7,3.63902
634,2022-01-28-06:54:13,7,4,3.50267
635,2022-01-28-06:54:17,4,5,4.30855
636,2022-01-28-06:54:21,5,6,3.87477
637,2022-01-28-06:54:24,6,1,3.14631
638,2022-01-28-06:54:28,1,3,3.72336
639,2022-01-28-06:54:32,3,7,4.24482
640,2022-01-28-06:54:37,7,6,4.67794
641,2022-01-28-06:54:40,6,2,3.37446
642,2022-01-28-06:54:44,2,0,3.27647
643,2022-01-28-06:54:46,0,2,2.36513
644,2022-01-28-06:54:48,2,1,2.39229
645,2022-01-28-06:54:52,1,3,3.24062
646,2022-01-28-06:54:54,3,7,2.50843
647,2022-01-28-06:55:01,7,3,6.81561
648,2022-01-28-06:55:18,3,6,8.31159
649,2022-01-28-06:55:27,6,7,5.52533
650,2022-01-28-06:55:30,7,6,3.42852
651,2022-01-28-06:55:35,6,4,4.51202
652,2022-01-28-06:55:37,4,3,2.42075
653,2022-01-28-06:55:41,3,7,3.83961
654,2022-01-28-06:55:45,7,3,3.62540
655,2022-01-28-06:55:48,3,7,3.58825
656,2022-01-28-06:55:53,7,1,4.50523
657,2022-01-28-06:55:55,1,7,2.07374
658,2022-01-28-06:56:00,7,4,4.95861
659,2022-01-28-06:56:02,4,3,2.32960
660,2022-01-28-06:56:06,3,0,3.54184
661,2022-01-28-06:56:08,0,7,2.16261
662,2022-01-28-06:56:10,7,1,2.28374
663,2022-01-28-06:56:15,1,6,4.35941
664,2022-01-28-06:56:19,6,0,4.13084
665,2022-01-28-06:56:25,0,7,5.91740
666,2022-01-28-06:56:28,7,6,3.54367
667,2022-01-28-06:56:32,6,5,3.61734
668,2022-01-28-06:56:35,5,7,2.82028
669,2022-01-28-06:56:39,7,3,4.60567
670,2022-01-28-06:56:42,3,4,2.67277
671,2022-01-28-06:56:44,4,7,1.99747
672,2022-01-28-06:56:46,7,1,2.10085
673,2022-01-28-06:56:50,1,0,3.23148
674,2022-01-28-06:56:52,0,7,2.17851
675,2022-01-28-06:56:56,7,6,4.20145
676,2022-01-28-06:57:00,6,2,3.58827
677,2022-01-28-06:57:02,2,4,2.73188
678,2022-01-28-06:57:06,4,6,3.66795
679,2022-01-28-06:57:10,6,5,3.50511
680,2022-01-28-06:57:13,5,6,3.56880
681,2022-01-28-06:57:18,6,2,5.15954
682,2022-01-28-06:57:23,2,3,4.65862
683,2022-01-28-06:57:26,3,1,2.84352
684,2022-01-28-06:57:27,1,0,1.35515
685,2022-01-28-06:57:31,0,3,3.82780
686,2022-01-28-06:57:35,3,0,3.73729
687,2022-01-28-06:57:37,0,5,2.54481
688,2022-01-28-06:57:40,5,7,2.83395
689,2022-01-28-06:57:43,7,2,2.90475
690,2022-01-28-06:57:45,2,1,2.28642
691,2022-01-28-06:57:48,1,5,2.34698
692,2022-01-28-06:57:50,5,0,2.18106
693,2022-01-28-06:57:54,0,6,3.75731
694,2022-01-28-06:57:57,6,5,3.62198
695,2022-01-28-06:58:00,5,7,2.92359
696,2022-01-28-06:58:04,7,1,3.82402
697,2022-01-28-06:58:06,1,2,2.33338
698,2022-01-28-06:58:09,2,3,2.89561
699,2022-01-28-06:58:12,3,1,2.65209
700,2022-01-28-06:58:14,1,7,1.94682
701,2022-01-28-06:58:17,7,0,3.22844
702,2022-01-28-06:58:19,0,4,2.03629
703,2022-01-28-06:58:21,4,3,2.35361
704,2022-01-28-06:58:24,3,1,2.76422
705,2022-01-28-06:58:27,1,6,3.06873
706,2022-01-28-06:58:32,6,2,4.62380
707,2022-01-28-06:58:37,2,3,4.65142
708,2022-01-28-06:58:39,3,7,2.39225
709,2022-01-28-06:58:41,7,1,1.87135
710,2022-01-28-06:58:43,1,7,1.98283
711,2022-01-28-06:58:46,7,6,2.76917
712,2022-01-28-06:58:49,6,5,3.11383
713,2022-01-28-06:58:51,5,4,2.06226
714,2022-01-28-06:58:53,4,2,2.35882
715,2022-01-28-06:58:58,2,7,4.67445
716,2022-01-28-06:59:01,7,3,3.03733
717,2022-01-28-06:59:04,3,7,3.52127
718,2022-01-28-06:59:08,7,3,3.68817
719,2022-01-28-06:59:12,3,7,3.52726
720,2022-01-28-06:59:14,7,5,2.87935
721,2022-01-28-06:59:17,5,3,2.31031
722,2022-01-28-06:59:19,3,6,2.28032
723,2022-01-28-06:59:22,6,1,3.05622
724,2022-01-28-06:59:25,1,3,2.84537
725,2022-01-28-06:59:28,3,2,2.95134
726,2022-01-28-06:59:30,2,1,2.10353
727,2022-01-28-06:59:33,1,6,3.21832
728,2022-01-28-06:59:36,6,5,3.06953
729,2022-01-28-06:59:38,5,2,2.07729
730,2022-01-28-06:59:41,2,7,2.86409
731,2022-01-28-06:59:43,7,4,2.11614
732,2022-01-28-06:59:48,4,2,4.46218
733,2022-01-28-06:59:52,2,1,4.50573
734,2022-01-28-06:59:55,1,3,2.42081
735,2022-01-28-06:59:57,3,5,2.62994
736,2022-01-28-07:00:00,5,7,2.73656
737,2022-01-28-07:00:03,7,0,3.37308
738,2022-01-28-07:00:07,0,6,3.68643
739,2022-01-28-07:00:11,6,1,3.88050
740,2022-01-28-07:00:13,1,2,2.07384
741,2022-01-28-07:00:15,2,1,2.15510
742,2022-01-28-07:00:17,1,2,2.10559
743,2022-01-28-07:00:20,2,7,2.65565
744,2022-01-28-07:00:23,7,5,2.95354
745,2022-01-28-07:00:25,5,0,2.13786
746,2022-01-28-07:00:26,0,1,1.25995
747,2022-01-28-07:00:29,1,3,2.57585
748,2022-01-28-07:00:32,3,1,2.98672
749,2022-01-28-07:00:33,1,0,1.49131
750,2022-01-28-07:00:37,0,7,3.20070
751,2022-01-28-07:00:40,7,0,3.14618
752,2022-01-28-07:00:42,0,5,1.98267
753,2022-01-28-07:00:45,5,3,3.39988
754,2022-01-28-07:00:49,3,7,4.28099
755,2022-01-28-07:00:54,7,6,4.24402
756,2022-01-28-07:00:57,6,0,3.58444
757,2022-01-28-07:00:59,0,5,2.04753
758,2022-01-28-07:01:02,5,0,2.28807
759,2022-01-28-07:01:04,0,5,2.21663
760,2022-01-28-07:01:08,5,6,3.64741
761,2022-01-28-07:01:11,6,1,3.99135
762,2022-01-28-07:01:13,1,7,1.87151
763,2022-01-28-07:01:16,7,5,3.07060
764,2022-01-28-07:01:19,5,3,2.92785
765,2022-01-28-07:01:23,3,7,4.02157
766,2022-01-28-07:01:27,7,0,3.30337
767,2022-01-28-07:01:28,0,4,1.60172
768,2022-01-28-07:01:31,4,3,2.50992
769,2022-01-28-07:01:34,3,5,2.73965
770,2022-01-28-07:01:38,5,4,4.24116
771,2022-01-28-07:01:41,4,7,3.42825
772,2022-01-28-07:01:45,7,3,3.32459
773,2022-01-28-07:01:47,3,6,2.35099
774,2022-01-28-07:01:50,6,7,2.69991
775,2022-01-28-07:01:54,7,3,4.26920
776,2022-01-28-07:01:58,3,1,3.85780
777,2022-01-28-07:02:00,1,3,2.55737
778,2022-01-28-07:02:03,3,6,2.17659
779,2022-01-28-07:02:06,6,1,3.02927
780,2022-01-28-07:02:07,1,0,1.14059
