date,init_position,final_position,time
2022-01-06-01:29:40,-1,3,2.603890
2022-01-06-01:29:43,3,4,2.182286
2022-01-06-01:29:46,4,6,3.446711
2022-01-06-01:29:50,6,1,3.513371
2022-01-06-01:29:51,1,0,1.026840
2022-01-06-01:29:52,0,1,1.027658
2022-01-06-01:29:53,1,4,1.363480
2022-01-06-01:29:55,4,7,1.898177
2022-01-06-01:29:57,7,5,2.576648
2022-01-06-01:30:00,5,3,2.232535
2022-01-06-01:30:02,3,5,2.182005
2022-01-06-01:30:03,5,2,1.549441
2022-01-06-01:30:05,2,0,1.719642
2022-01-06-01:30:09,0,6,3.447164
2022-01-06-01:30:12,6,4,3.430402
2022-01-06-01:30:14,4,0,1.544905
2022-01-06-01:30:16,0,7,2.014617
2022-01-06-01:30:18,7,0,1.953289
2022-01-06-01:30:19,0,5,1.900865
2022-01-06-01:30:22,5,7,2.640110
2022-01-06-01:30:24,7,0,1.920779
2022-01-06-01:30:26,0,3,2.366241
2022-01-06-01:30:28,3,7,2.112984
2022-01-06-01:30:30,7,1,1.657951
2022-01-06-01:30:32,1,2,2.011534
2022-01-06-01:30:34,2,1,2.011942
2022-01-06-01:30:35,1,0,1.065522
2022-01-06-01:30:37,0,5,1.911126
2022-01-06-01:30:40,5,6,3.144739
2022-01-06-01:30:44,6,3,3.663242
2022-01-06-01:30:46,3,0,2.435151
2022-01-06-01:30:48,0,5,1.899399
2022-01-06-01:30:50,5,2,1.546546
2022-01-06-01:30:53,2,6,3.159420
2022-01-06-01:30:56,6,5,3.108848
2022-01-06-01:30:58,5,4,1.798928
2022-01-06-01:30:59,4,1,1.352638
2022-01-06-01:31:01,1,3,2.249993
2022-01-06-01:31:05,3,6,3.662878
2022-01-06-01:31:08,6,5,3.113437
2022-01-06-01:31:10,5,2,1.526938
2022-01-06-01:31:13,2,6,3.105385
2022-01-06-01:31:16,6,0,3.482047
2022-01-06-01:31:17,0,1,1.101934
2022-01-06-01:31:19,1,0,1.041054
2022-01-06-01:31:22,0,6,3.453331
2022-01-06-01:31:25,6,5,3.154870
2022-01-06-01:31:27,5,4,1.806052
2022-01-06-01:31:29,4,7,1.910432
2022-01-06-01:31:31,7,2,2.608953
2022-01-06-01:31:33,2,1,2.002921
2022-01-06-01:31:35,1,0,1.056340
2022-01-06-01:31:36,0,2,1.682500
2022-01-06-01:31:39,2,6,3.124872
2022-01-06-01:31:43,6,4,3.437170
2022-01-06-01:31:44,4,0,1.531029
2022-01-06-01:31:47,0,3,2.415254
2022-01-06-01:31:49,3,0,2.443189
2022-01-06-01:31:51,0,4,1.542825
2022-01-06-01:31:52,4,0,1.541774
2022-01-06-01:31:53,0,1,1.018123
2022-01-06-01:31:55,1,5,1.963054
2022-01-06-01:31:58,5,6,3.153842
2022-01-06-01:32:02,6,4,3.490019
2022-01-06-01:32:04,4,2,1.754295
2022-01-06-01:32:05,2,5,1.571861
2022-01-06-01:32:07,5,2,1.572381
2022-01-06-01:32:09,2,0,1.739951
2022-01-06-01:32:10,0,2,1.686800
2022-01-06-01:32:12,2,5,1.492596
2022-01-06-01:32:14,5,1,1.892886
2022-01-06-01:32:17,1,6,3.558761
2022-01-06-01:32:20,6,2,3.152195
2022-01-06-01:32:23,2,7,2.594634
2022-01-06-01:32:26,7,2,2.632238
2022-01-06-01:32:27,2,0,1.805023
2022-01-06-01:32:29,0,4,1.577407
2022-01-06-01:32:32,4,6,3.508406
2022-01-06-01:32:36,6,4,3.478077
2022-01-06-01:32:38,4,3,2.101660
2022-01-06-01:32:41,3,2,2.611518
2022-01-06-01:32:43,2,3,2.604591
2022-01-06-01:32:45,3,4,2.101465
2022-01-06-01:32:47,4,7,1.860184
2022-01-06-01:32:49,7,0,1.945892
2022-01-06-01:32:51,0,2,1.737176
2022-01-06-01:32:53,2,7,2.599770
2022-01-06-01:32:56,7,5,2.637954
2022-01-06-01:32:58,5,0,1.862011
2022-01-06-01:33:00,0,3,2.383075
2022-01-06-01:33:03,3,5,2.187493
2022-01-06-01:33:05,5,7,2.552505
2022-01-06-01:33:07,7,0,1.935215
2022-01-06-01:33:09,0,7,1.935012
2022-01-06-01:33:13,7,6,4.017623
2022-01-06-01:33:16,6,2,3.115348
2022-01-06-01:33:18,2,4,1.778380
2022-01-06-01:33:21,4,6,3.413321
2022-01-06-01:33:25,6,1,3.576454
2022-01-06-01:33:27,1,5,1.947648
2022-01-06-01:33:29,5,4,1.837026
2022-01-06-01:33:30,4,0,1.558122
2022-01-06-01:33:32,0,2,1.729616
2022-01-06-01:33:35,2,3,2.598142
2022-01-06-01:33:37,3,1,2.245134
2022-01-06-01:33:38,1,7,1.692049
2022-01-06-01:33:41,7,2,2.562611
2022-01-06-01:33:43,2,1,1.969731
2022-01-06-01:33:44,1,4,1.353783
2022-01-06-01:33:46,4,2,1.814859
2022-01-06-01:33:49,2,3,2.557245
2022-01-06-01:33:51,3,7,2.177945
2022-01-06-01:33:53,7,0,1.937751
2022-01-06-01:33:55,0,7,1.946702
2022-01-06-01:33:57,7,5,2.617723
2022-01-06-01:34:01,5,6,3.169251
2022-01-06-01:34:04,6,3,3.652047
2022-01-06-01:34:06,3,7,2.131021
2022-01-06-01:34:09,7,5,2.604557
2022-01-06-01:34:11,5,3,2.246352
2022-01-06-01:34:13,3,1,2.252666
2022-01-06-01:34:15,1,5,1.938506
2022-01-06-01:34:17,5,0,1.900991
2022-01-06-01:34:19,0,2,1.728282
2022-01-06-01:34:21,2,4,1.795719
2022-01-06-01:34:22,4,1,1.344633
2022-01-06-01:34:23,1,0,1.102083
2022-01-06-01:34:26,0,3,2.405340
2022-01-06-01:34:28,3,4,2.154859
2022-01-06-01:34:30,4,5,1.798634
2022-01-06-01:34:31,5,2,1.548182
2022-01-06-01:34:33,2,1,2.017997
2022-01-06-01:34:35,1,7,1.665917
2022-01-06-01:34:37,7,5,2.555949
2022-01-06-01:34:39,5,2,1.532936
2022-01-06-01:34:41,2,4,1.745526
2022-01-06-01:34:43,4,2,1.851965
2022-01-06-01:34:44,2,5,1.548683
2022-01-06-01:34:47,5,6,3.076856
2022-01-06-01:34:51,6,0,3.484539
2022-01-06-01:34:54,0,6,3.490292
2022-01-06-01:34:58,6,0,3.452053
2022-01-06-01:34:59,0,4,1.569149
2022-01-06-01:35:03,4,6,3.476967
2022-01-06-01:35:07,6,7,4.062487
2022-01-06-01:35:08,7,1,1.711761
2022-01-06-01:35:11,1,3,2.214742
2022-01-06-01:35:13,3,7,2.135747
2022-01-06-01:35:17,7,6,4.012589
2022-01-06-01:35:20,6,1,3.519334
2022-01-06-01:35:22,1,2,2.029792
2022-01-06-01:35:24,2,1,2.003462
2022-01-06-01:35:26,1,2,2.005866
2022-01-06-01:35:29,2,3,2.616471
2022-01-06-01:35:33,3,6,3.702910
2022-01-06-01:35:36,6,5,3.113525
2022-01-06-01:35:38,5,1,1.964301
2022-01-06-01:35:40,1,3,2.239115
2022-01-06-01:35:42,3,7,2.142081
2022-01-06-01:35:44,7,3,2.182444
2022-01-06-01:35:48,3,6,3.667220
2022-01-06-01:35:51,6,5,3.121062
2022-01-06-01:35:54,5,7,2.633787
2022-01-06-01:35:56,7,3,2.163401
2022-01-06-01:36:00,3,6,3.662938
2022-01-06-01:36:03,6,2,3.156911
2022-01-06-01:36:05,2,1,2.002829
2022-01-06-01:36:08,1,6,3.540133
2022-01-06-01:36:12,6,3,3.648664
2022-01-06-01:36:14,3,5,2.228836
2022-01-06-01:36:16,5,1,1.940178
2022-01-06-01:36:17,1,0,1.067568
2022-01-06-01:36:18,0,1,1.047328
2022-01-06-01:36:20,1,3,2.225015
2022-01-06-01:36:23,3,0,2.406590
2022-01-06-01:36:25,0,2,1.735074
2022-01-06-01:36:27,2,7,2.610413
2022-01-06-01:36:29,7,3,2.131480
2022-01-06-01:36:32,3,0,2.354047
2022-01-06-01:36:35,0,6,3.483521
2022-01-06-01:36:38,6,2,3.070211
2022-01-06-01:36:40,2,1,1.960852
2022-01-06-01:36:42,1,5,1.931666
2022-01-06-01:36:44,5,2,1.523907
2022-01-06-01:36:45,2,5,1.539010
2022-01-06-01:36:48,5,7,2.613031
2022-01-06-01:36:50,7,2,2.598780
2022-01-06-01:36:53,2,3,2.605817
2022-01-06-01:36:55,3,0,2.401608
2022-01-06-01:36:57,0,4,1.539296
2022-01-06-01:36:59,4,2,1.819343
2022-01-06-01:37:00,2,5,1.548752
2022-01-06-01:37:03,5,6,3.131227
2022-01-06-01:37:07,6,2,3.122264
2022-01-06-01:37:08,2,5,1.540997
2022-01-06-01:37:11,5,7,2.639726
2022-01-06-01:37:12,7,1,1.674837
2022-01-06-01:37:16,1,6,3.598300
2022-01-06-01:37:20,6,3,3.618504
2022-01-06-01:37:22,3,7,2.163013
2022-01-06-01:37:24,7,0,1.950692
2022-01-06-01:37:26,0,3,2.419439
2022-01-06-01:37:28,3,1,2.304795
2022-01-06-01:37:30,1,2,1.983426
2022-01-06-01:37:33,2,7,2.591458
2022-01-06-01:37:35,7,4,1.925715
2022-01-06-01:37:37,4,2,1.790707
2022-01-06-01:37:39,2,7,2.622712
2022-01-06-01:37:41,7,0,1.940495
2022-01-06-01:37:45,0,6,3.466644
2022-01-06-01:37:48,6,4,3.474846
2022-01-06-01:37:52,4,6,3.454499
2022-01-06-01:37:55,6,3,3.651606
2022-01-06-01:37:58,3,7,2.130286
2022-01-06-01:38:00,7,2,2.641842
2022-01-06-01:38:02,2,1,2.033810
2022-01-06-01:38:04,1,7,1.666235
2022-01-06-01:38:06,7,4,1.861534
2022-01-06-01:38:07,4,0,1.563788
2022-01-06-01:38:09,0,5,1.860094
2022-01-06-01:38:11,5,0,1.919427
2022-01-06-01:38:15,0,6,3.486312
2022-01-06-01:38:18,6,5,3.141522
2022-01-06-01:38:19,5,4,1.762910
2022-01-06-01:38:22,4,3,2.202250
2022-01-06-01:38:24,3,5,2.239183
2022-01-06-01:38:26,5,3,2.229676
2022-01-06-01:38:28,3,7,2.165186
2022-01-06-01:38:30,7,4,1.892073
2022-01-06-01:38:32,4,5,1.769342
2022-01-06-01:38:35,5,7,2.564176
2022-01-06-01:38:36,7,4,1.828676
2022-01-06-01:38:38,4,0,1.552480
2022-01-06-01:38:39,0,4,1.532321
2022-01-06-01:38:41,4,7,1.914905
2022-01-06-01:38:43,7,1,1.663728
2022-01-06-01:38:45,1,2,1.993531
2022-01-06-01:38:47,2,1,1.970335
2022-01-06-01:38:51,1,6,3.576340
2022-01-06-01:38:54,6,4,3.461794
2022-01-06-01:38:56,4,0,1.526413
2022-01-06-01:38:57,0,4,1.543878
2022-01-06-01:38:59,4,5,1.813243
2022-01-06-01:39:01,5,0,1.879743
2022-01-06-01:39:02,0,1,1.106854
2022-01-06-01:39:03,1,0,1.102460
2022-01-06-01:39:05,0,5,1.893183
2022-01-06-01:39:07,5,3,2.192290
2022-01-06-01:39:09,3,0,2.366563
2022-01-06-01:39:10,0,1,1.039302
2022-01-06-01:39:12,1,4,1.276813
2022-01-06-01:39:14,4,3,2.123037
2022-01-06-01:39:16,3,2,2.599361
2022-01-06-01:39:18,2,0,1.759649
2022-01-06-01:39:20,0,2,1.741565
2022-01-06-01:39:22,2,5,1.538963
2022-01-06-01:39:23,5,4,1.801568
2022-01-06-01:39:25,4,1,1.327071
2022-01-06-01:39:26,1,0,1.016394
2022-01-06-01:39:29,0,6,3.467407
2022-01-06-01:39:32,6,5,3.097137
2022-01-06-01:39:35,5,7,2.600789
2022-01-06-01:39:37,7,2,2.652596
2022-01-06-01:39:39,2,5,1.492928
2022-01-06-01:39:40,5,2,1.523104
2022-01-06-01:39:42,2,4,1.806768
2022-01-06-01:39:44,4,7,1.836365
2022-01-06-01:39:46,7,3,2.161791
2022-01-06-01:39:48,3,4,2.136508
2022-01-06-01:39:50,4,7,1.893871
2022-01-06-01:39:52,7,3,2.123240
2022-01-06-01:39:55,3,1,2.261217
2022-01-06-01:39:56,1,7,1.703003
2022-01-06-01:39:59,7,5,2.648925
2022-01-06-01:40:01,5,2,1.542794
2022-01-06-01:40:02,2,0,1.722797
2022-01-06-01:40:04,0,7,1.935341
2022-01-06-01:40:06,7,4,1.870216
2022-01-06-01:40:10,4,6,3.510494
2022-01-06-01:40:13,6,1,3.515371
2022-01-06-01:40:17,1,6,3.576097
2022-01-06-01:40:20,6,5,3.063426
2022-01-06-01:40:23,5,6,3.077637
2022-01-06-01:40:27,6,3,3.682513
2022-01-06-01:40:29,3,7,2.146958
2022-01-06-01:40:31,7,4,1.833771
2022-01-06-01:40:32,4,1,1.374816
2022-01-06-01:40:34,1,7,1.711799
2022-01-06-01:40:36,7,2,2.645758
2022-01-06-01:40:39,2,7,2.612631
2022-01-06-01:40:41,7,4,1.898386
2022-01-06-01:40:43,4,3,2.160841
2022-01-06-01:40:45,3,4,2.132660
2022-01-06-01:40:47,4,2,1.737601
2022-01-06-01:40:49,2,0,1.736271
2022-01-06-01:40:51,0,7,1.930759
2022-01-06-01:40:53,7,2,2.614867
2022-01-06-01:40:55,2,0,1.789435
2022-01-06-01:40:57,0,3,2.378700
2022-01-06-01:40:59,3,5,2.177534
2022-01-06-01:41:02,5,7,2.600277
2022-01-06-01:41:05,7,2,2.621576
2022-01-06-01:41:07,2,7,2.612230
2022-01-06-01:41:09,7,0,1.947857
2022-01-06-01:41:10,0,1,1.026465
2022-01-06-01:41:13,1,3,2.268861
2022-01-06-01:41:15,3,5,2.201103
2022-01-06-01:41:17,5,3,2.213672
2022-01-06-01:41:21,3,6,3.749492
2022-01-06-01:41:24,6,4,3.455388
2022-01-06-01:41:26,4,0,1.543488
2022-01-06-01:41:28,0,3,2.374796
2022-01-06-01:41:30,3,5,2.216826
2022-01-06-01:41:32,5,2,1.571937
2022-01-06-01:41:34,2,1,1.995440
2022-01-06-01:41:36,1,5,1.947148
2022-01-06-01:41:38,5,3,2.237172
2022-01-06-01:41:40,3,7,2.182453
2022-01-06-01:41:43,7,2,2.560551
2022-01-06-01:41:45,2,0,1.728221
2022-01-06-01:41:46,0,1,1.019248
2022-01-06-01:41:48,1,3,2.239671
2022-01-06-01:41:50,3,0,2.405235
2022-01-06-01:41:52,0,2,1.807593
2022-01-06-01:41:55,2,3,2.611064
2022-01-06-01:41:58,3,6,3.650349
2022-01-06-01:42:02,6,0,3.445904
2022-01-06-01:42:04,0,5,1.905353
2022-01-06-01:42:06,5,3,2.150564
2022-01-06-01:42:09,3,6,3.662158
2022-01-06-01:42:13,6,5,3.125784
2022-01-06-01:42:15,5,1,1.939699
2022-01-06-01:42:16,1,5,1.921825
2022-01-06-01:42:18,5,2,1.507374
2022-01-06-01:42:21,2,6,3.098729
2022-01-06-01:42:25,6,0,3.481382
2022-01-06-01:42:26,0,2,1.742779
2022-01-06-01:42:28,2,4,1.823460
2022-01-06-01:42:30,4,2,1.764337
2022-01-06-01:42:32,2,3,2.604652
2022-01-06-01:42:35,3,4,2.092879
2022-01-06-01:42:36,4,1,1.327554
2022-01-06-01:42:39,1,6,3.576093
2022-01-06-01:42:43,6,2,3.121228
2022-01-06-01:42:44,2,5,1.517607
2022-01-06-01:42:47,5,7,2.637827
2022-01-06-01:42:49,7,0,1.951102
2022-01-06-01:42:51,0,7,1.931273
2022-01-06-01:42:52,7,1,1.636288
2022-01-06-01:42:54,1,3,2.241271
2022-01-06-01:42:57,3,0,2.360602
2022-01-06-01:42:59,0,7,1.934702
2022-01-06-01:43:01,7,2,2.559657
2022-01-06-01:43:03,2,4,1.801734
2022-01-06-01:43:05,4,7,1.936422
2022-01-06-01:43:07,7,1,1.706644
2022-01-06-01:43:08,1,0,1.105277
2022-01-06-01:43:10,0,5,1.900278
2022-01-06-01:43:12,5,0,1.927414
2022-01-06-01:43:13,0,1,1.098061
2022-01-06-01:43:15,1,2,1.994333
2022-01-06-01:43:17,2,0,1.736148
2022-01-06-01:43:18,0,2,1.746030
2022-01-06-01:43:20,2,0,1.744652
2022-01-06-01:43:22,0,7,1.946075
2022-01-06-01:43:24,7,4,1.949807
2022-01-06-01:43:26,4,0,1.565446
2022-01-06-01:43:27,0,5,1.880372
2022-01-06-01:43:29,5,1,1.925646
2022-01-06-01:43:31,1,7,1.651319
2022-01-06-01:43:33,7,0,1.938548
2022-01-06-01:43:35,0,2,1.744689
2022-01-06-01:43:38,2,6,3.086050
2022-01-06-01:43:42,6,7,4.060954
2022-01-06-01:43:43,7,1,1.697291
2022-01-06-01:43:46,1,2,2.006121
2022-01-06-01:43:49,2,6,3.108250
2022-01-06-01:43:53,6,7,3.965791
2022-01-06-01:43:55,7,0,1.949384
2022-01-06-01:43:57,0,3,2.406016
2022-01-06-01:44:01,3,6,3.656539
2022-01-06-01:44:04,6,5,3.082494
2022-01-06-01:44:06,5,3,2.158276
2022-01-06-01:44:08,3,5,2.186908
2022-01-06-01:44:10,5,3,2.258924
2022-01-06-01:44:14,3,6,3.620048
2022-01-06-01:44:17,6,2,3.156554
2022-01-06-01:44:20,2,6,3.145916
2022-01-06-01:44:24,6,1,3.553404
2022-01-06-01:44:25,1,4,1.364060
2022-01-06-01:44:27,4,2,1.788041
2022-01-06-01:44:29,2,0,1.707844
2022-01-06-01:44:30,0,5,1.867602
2022-01-06-01:44:33,5,3,2.178419
2022-01-06-01:44:35,3,4,2.120043
2022-01-06-01:44:38,4,6,3.443674
2022-01-06-01:44:42,6,7,3.981540
2022-01-06-01:44:44,7,3,2.234837
2022-01-06-01:44:47,3,5,2.158443
2022-01-06-01:44:50,5,6,3.155031
2022-01-06-01:44:53,6,5,3.122586
2022-01-06-01:44:55,5,1,1.924267
2022-01-06-01:44:58,1,6,3.537393
2022-01-06-01:45:02,6,4,3.456719
2022-01-06-01:45:04,4,5,1.793070
2022-01-06-01:45:06,5,1,1.965961
2022-01-06-01:45:07,1,0,1.015491
2022-01-06-01:45:10,0,6,3.440361
2022-01-06-01:45:13,6,5,3.076000
2022-01-06-01:45:15,5,0,1.912078
2022-01-06-01:45:17,0,3,2.390400
2022-01-06-01:45:20,3,5,2.217760
2022-01-06-01:45:22,5,0,1.893160
2022-01-06-01:45:23,0,5,1.892490
2022-01-06-01:45:25,5,2,1.555922
2022-01-06-01:45:26,2,5,1.531393
2022-01-06-01:45:28,5,2,1.573581
2022-01-06-01:45:30,2,1,1.972821
2022-01-06-01:45:32,1,5,1.946180
2022-01-06-01:45:34,5,4,1.796607
2022-01-06-01:45:35,4,0,1.510941
2022-01-06-01:45:39,0,6,3.424059
2022-01-06-01:45:42,6,2,3.078821
2022-01-06-01:45:44,2,7,2.556032
2022-01-06-01:45:48,7,6,3.967180
2022-01-06-01:45:52,6,1,3.535362
2022-01-06-01:45:53,1,0,0.997044
2022-01-06-01:45:56,0,6,3.408280
2022-01-06-01:46:00,6,3,3.643269
2022-01-06-01:46:02,3,0,2.405252
2022-01-06-01:46:04,0,2,1.752387
2022-01-06-01:46:06,2,1,2.018739
2022-01-06-01:46:07,1,0,1.016918
2022-01-06-01:46:09,0,5,1.871432
2022-01-06-01:46:11,5,0,1.938570
2022-01-06-01:46:13,0,2,1.785865
2022-01-06-01:46:14,2,5,1.531659
2022-01-06-01:46:17,5,6,3.157368
2022-01-06-01:46:21,6,1,3.534179
2022-01-06-01:46:22,1,4,1.331678
2022-01-06-01:46:26,4,6,3.495628
2022-01-06-01:46:29,6,5,3.044762
2022-01-06-01:46:31,5,3,2.207407
2022-01-06-01:46:33,3,5,2.210553
2022-01-06-01:46:36,5,7,2.613395
2022-01-06-01:46:38,7,4,1.897926
2022-01-06-01:46:39,4,1,1.283549
2022-01-06-01:46:43,1,6,3.610402
2022-01-06-01:46:46,6,0,3.489079
2022-01-06-01:46:48,0,2,1.738764
2022-01-06-01:46:50,2,7,2.571933
2022-01-06-01:46:53,7,5,2.533859
2022-01-06-01:46:55,5,3,2.245506
2022-01-06-01:46:57,3,4,2.133753
2022-01-06-01:46:59,4,3,2.145274
2022-01-06-01:47:02,3,7,2.121931
2022-01-06-01:47:04,7,4,1.950260
2022-01-06-01:47:05,4,2,1.808019
2022-01-06-01:47:08,2,7,2.649203
2022-01-06-01:47:12,7,6,3.961377
2022-01-06-01:47:16,6,3,3.641621
2022-01-06-01:47:18,3,7,2.120870
2022-01-06-01:47:20,7,0,1.957194
2022-01-06-01:47:22,0,7,1.922018
2022-01-06-01:47:24,7,3,2.183491
2022-01-06-01:47:26,3,7,2.132248
2022-01-06-01:47:28,7,3,2.134115
2022-01-06-01:47:30,3,1,2.327478
2022-01-06-01:47:32,1,5,1.931716
2022-01-06-01:47:34,5,1,1.937806
2022-01-06-01:47:38,1,6,3.507930
2022-01-06-01:47:41,6,3,3.638412
2022-01-06-01:47:44,3,0,2.403388
2022-01-06-01:47:45,0,1,1.024714
2022-01-06-01:47:46,1,4,1.332561
2022-01-06-01:47:50,4,6,3.399084
2022-01-06-01:47:53,6,5,3.101051
2022-01-06-01:47:55,5,7,2.552139
2022-01-06-01:47:57,7,4,1.842627
2022-01-06-01:48:01,4,6,3.461017
2022-01-06-01:48:05,6,7,4.049233
2022-01-06-01:48:06,7,4,1.890265
2022-01-06-01:48:10,4,6,3.451488
2022-01-06-01:48:13,6,4,3.472536
2022-01-06-01:48:17,4,6,3.429257
2022-01-06-01:48:21,6,7,4.009593
2022-01-06-01:48:23,7,4,1.864944
2022-01-06-01:48:24,4,0,1.549970
2022-01-06-01:48:26,0,5,1.895927
2022-01-06-01:48:28,5,4,1.801343
2022-01-06-01:48:31,4,6,3.454277
2022-01-06-01:48:35,6,1,3.531358
2022-01-06-01:48:38,1,6,3.506727
2022-01-06-01:48:42,6,7,4.005670
2022-01-06-01:48:45,7,3,2.133300
2022-01-06-01:48:47,3,0,2.456207
2022-01-06-01:48:49,0,5,1.903667
2022-01-06-01:48:51,5,0,1.908079
2022-01-06-01:48:54,0,6,3.402723
2022-01-06-01:48:58,6,3,3.626441
2022-01-06-01:49:00,3,7,2.185576
2022-01-06-01:49:02,7,3,2.204324
2022-01-06-01:49:06,3,6,3.631465
2022-01-06-01:49:09,6,2,3.105897
2022-01-06-01:49:11,2,5,1.522721
2022-01-06-01:49:12,5,0,1.893268
2022-01-06-01:49:14,0,2,1.739157
2022-01-06-01:49:17,2,3,2.657194
2022-01-06-01:49:19,3,7,2.141271
2022-01-06-01:49:23,7,6,4.020388
2022-01-06-01:49:26,6,0,3.431061
2022-01-06-01:49:29,0,3,2.394910
2022-01-06-01:49:33,3,6,3.786868
2022-01-06-01:49:37,6,7,3.996295
2022-01-06-01:49:39,7,3,2.143401
2022-01-06-01:49:41,3,1,2.221728
2022-01-06-01:49:45,1,6,3.562280
2022-01-06-01:49:48,6,1,3.538666
2022-01-06-01:49:49,1,4,1.335138
2022-01-06-01:49:51,4,2,1.733176
2022-01-06-01:49:53,2,0,1.734469
2022-01-06-01:49:55,0,3,2.391978
2022-01-06-01:49:58,3,0,2.388032
2022-01-06-01:50:00,0,5,1.877549
2022-01-06-01:50:01,5,4,1.772924
2022-01-06-01:50:03,4,5,1.788842
2022-01-06-01:50:06,5,6,3.149828
2022-01-06-01:50:09,6,2,3.076843
2022-01-06-01:50:11,2,4,1.797428
2022-01-06-01:50:12,4,1,1.317085
2022-01-06-01:50:14,1,5,1.947435
2022-01-06-01:50:17,5,7,2.592814
2022-01-06-01:50:20,7,2,2.638282
2022-01-06-01:50:21,2,5,1.529306
2022-01-06-01:50:23,5,1,1.990550
2022-01-06-01:50:25,1,7,1.681079
2022-01-06-01:50:27,7,0,1.956282
2022-01-06-01:50:29,0,2,1.744925
2022-01-06-01:50:31,2,3,2.624678
2022-01-06-01:50:35,3,6,3.680178
2022-01-06-01:50:38,6,4,3.447739
2022-01-06-01:50:40,4,0,1.584316
2022-01-06-01:50:42,0,5,1.892184
2022-01-06-01:50:44,5,0,1.930959
2022-01-06-01:50:45,0,2,1.719108
2022-01-06-01:50:48,2,7,2.630769
2022-01-06-01:50:50,7,4,1.834843
2022-01-06-01:50:51,4,0,1.530308
2022-01-06-01:50:52,0,1,1.017581
2022-01-06-01:50:54,1,2,2.005731
2022-01-06-01:50:56,2,1,1.968868
2022-01-06-01:51:00,1,6,3.556711
2022-01-06-01:51:03,6,2,3.060452
2022-01-06-01:51:05,2,5,1.523332
2022-01-06-01:51:06,5,4,1.800482
2022-01-06-01:51:10,4,6,3.462767
2022-01-06-01:51:13,6,2,3.095380
2022-01-06-01:51:15,2,0,1.766545
2022-01-06-01:51:17,0,5,1.891267
2022-01-06-01:51:18,5,4,1.791132
2022-01-06-01:51:20,4,0,1.625074
2022-01-06-01:51:22,0,3,2.395533
2022-01-06-01:51:25,3,1,2.241300
2022-01-06-01:51:26,1,7,1.689538
2022-01-06-01:51:28,7,4,1.854566
2022-01-06-01:51:32,4,6,3.452393
2022-01-06-01:51:35,6,5,3.154521
2022-01-06-01:51:37,5,4,1.763516
2022-01-06-01:51:40,4,6,3.443999
2022-01-06-01:51:43,6,0,3.435915
2022-01-06-01:51:45,0,2,1.720996
2022-01-06-01:51:47,2,5,1.554287
2022-01-06-01:51:48,5,2,1.491957
2022-01-06-01:51:51,2,7,2.680139
2022-01-06-01:51:53,7,2,2.573377
2022-01-06-01:51:55,2,5,1.538643
2022-01-06-01:51:57,5,4,1.814030
2022-01-06-01:52:00,4,6,3.445085
2022-01-06-01:52:04,6,7,4.009926
2022-01-06-01:52:07,7,2,2.553160
2022-01-06-01:52:09,2,4,1.767061
2022-01-06-01:52:10,4,1,1.313283
2022-01-06-01:52:13,1,6,3.533378
2022-01-06-01:52:17,6,4,3.441984
2022-01-06-01:52:19,4,3,2.101536
2022-01-06-01:52:21,3,4,2.134099
2022-01-06-01:52:23,4,2,1.768169
2022-01-06-01:52:25,2,1,2.000418
2022-01-06-01:52:27,1,3,2.248257
2022-01-06-01:52:29,3,5,2.160033
2022-01-06-01:52:31,5,0,1.919562
2022-01-06-01:52:32,0,1,1.021719
2022-01-06-01:52:34,1,2,2.032221
2022-01-06-01:52:37,2,6,3.127458
2022-01-06-01:52:41,6,3,3.657077
2022-01-06-01:52:43,3,7,2.156880
2022-01-06-01:52:45,7,3,2.145990
2022-01-06-01:52:48,3,1,2.285119
2022-01-06-01:52:50,1,2,1.991438
2022-01-06-01:52:51,2,0,1.738390
2022-01-06-01:52:54,0,3,2.446886
2022-01-06-01:52:56,3,5,2.235932
2022-01-06-01:52:58,5,4,1.809950
2022-01-06-01:53:00,4,2,1.764794
2022-01-06-01:53:01,2,5,1.517171
2022-01-06-01:53:03,5,1,1.926426
2022-01-06-01:53:05,1,5,1.930546
2022-01-06-01:53:07,5,3,2.232693
2022-01-06-01:53:11,3,6,3.638336
2022-01-06-01:53:14,6,3,3.622263
2022-01-06-01:53:17,3,0,2.374913
2022-01-06-01:53:19,0,5,1.843190
2022-01-06-01:53:21,5,0,1.916091
2022-01-06-01:53:22,0,1,1.021794
2022-01-06-01:53:25,1,6,3.578534
2022-01-06-01:53:28,6,2,3.144736
2022-01-06-01:53:30,2,5,1.524711
2022-01-06-01:53:32,5,4,1.805644
2022-01-06-01:53:33,4,0,1.517875
2022-01-06-01:53:35,0,7,1.939428
2022-01-06-01:53:37,7,3,2.129705
2022-01-06-01:53:40,3,0,2.376700
2022-01-06-01:53:41,0,4,1.539466
2022-01-06-01:53:45,4,6,3.475322
2022-01-06-01:53:48,6,3,3.636511
2022-01-06-01:53:50,3,5,2.205095
2022-01-06-01:53:52,5,0,1.870202
2022-01-06-01:53:53,0,1,1.016015
2022-01-06-01:53:55,1,2,1.990297
2022-01-06-01:53:57,2,0,1.736016
2022-01-06-01:53:59,0,4,1.526673
2022-01-06-01:54:00,4,0,1.523519
2022-01-06-01:54:03,0,3,2.392089
2022-01-06-01:54:05,3,5,2.201726
2022-01-06-01:54:07,5,1,1.991517
2022-01-06-01:54:08,1,7,1.656098
2022-01-06-01:54:10,7,4,1.890937
2022-01-06-01:54:14,4,6,3.442504
2022-01-06-01:54:17,6,5,3.059815
2022-01-06-01:54:19,5,4,1.827493
2022-01-06-01:54:21,4,3,2.129429
2022-01-06-01:54:23,3,4,2.100192
2022-01-06-01:54:25,4,5,1.777633
2022-01-06-01:54:26,5,2,1.533969
2022-01-06-01:54:28,2,0,1.726946
2022-01-06-01:54:30,0,7,1.962313
2022-01-06-01:54:32,7,2,2.543995
2022-01-06-01:54:35,2,7,2.585093
2022-01-06-01:54:37,7,0,1.938859
2022-01-06-01:54:39,0,7,1.925362
2022-01-06-01:54:41,7,2,2.542127
2022-01-06-01:54:44,2,6,3.104495
2022-01-06-01:54:48,6,2,3.059810
2022-01-06-01:54:51,2,6,3.101092
2022-01-06-01:54:54,6,0,3.425679
2022-01-06-01:54:56,0,7,1.979418
2022-01-06-01:54:58,7,4,1.817894
2022-01-06-01:55:00,4,7,1.845923
2022-01-06-01:55:02,7,3,2.111325
2022-01-06-01:55:04,3,5,2.248684
2022-01-06-01:55:06,5,2,1.601523
2022-01-06-01:55:07,2,0,1.721280
2022-01-06-01:55:09,0,5,1.854930
2022-01-06-01:55:12,5,7,2.549925
2022-01-06-01:55:14,7,3,2.143287
2022-01-06-01:55:16,3,0,2.336687
2022-01-06-01:55:17,0,1,1.014091
2022-01-06-01:55:19,1,5,1.927435
2022-01-06-01:55:21,5,2,1.549604
2022-01-06-01:55:23,2,3,2.601743
2022-01-06-01:55:27,3,6,3.629678
2022-01-06-01:55:30,6,5,3.055481
2022-01-06-01:55:32,5,0,1.939202
2022-01-06-01:55:34,0,7,1.995669
2022-01-06-01:55:37,7,5,2.607439
2022-01-06-01:55:39,5,1,1.930655
2022-01-06-01:55:40,1,0,1.135813
2022-01-06-01:55:42,0,7,1.943551
2022-01-06-01:55:44,7,2,2.605402
2022-01-06-01:55:46,2,4,1.791593
2022-01-06-01:55:48,4,2,1.759480
2022-01-06-01:55:49,2,5,1.523876
2022-01-06-01:55:51,5,3,2.187305
2022-01-06-01:55:54,3,5,2.202356
2022-01-06-01:55:56,5,7,2.606119
2022-01-06-01:55:58,7,0,1.896781
2022-01-06-01:56:00,0,2,1.721496
2022-01-06-01:56:01,2,5,1.530836
2022-01-06-01:56:05,5,6,3.163071
2022-01-06-01:56:08,6,3,3.598471
2022-01-06-01:56:10,3,5,2.203566
2022-01-06-01:56:12,5,4,1.834223
2022-01-06-01:56:16,4,6,3.488007
2022-01-06-01:56:19,6,1,3.498459
2022-01-06-01:56:20,1,0,1.020744
2022-01-06-01:56:21,0,1,1.036821
2022-01-06-01:56:23,1,2,1.999613
2022-01-06-01:56:25,2,5,1.491948
2022-01-06-01:56:27,5,4,1.734510
2022-01-06-01:56:28,4,2,1.745118
2022-01-06-01:56:30,2,0,1.745564
2022-01-06-01:56:32,0,3,2.379424
2022-01-06-01:56:35,3,7,2.159562
2022-01-06-01:56:36,7,0,1.894461
2022-01-06-01:56:38,0,7,1.965962
2022-01-06-01:56:41,7,3,2.104045
2022-01-06-01:56:43,3,4,2.189682
2022-01-06-01:56:44,4,2,1.764896
2022-01-06-01:56:47,2,7,2.601439
2022-01-06-01:56:51,7,6,3.932031
2022-01-06-01:56:54,6,5,3.069405
2022-01-06-01:56:56,5,4,1.751050
2022-01-06-01:56:57,4,1,1.288150
2022-01-06-01:56:59,1,5,1.933495
2022-01-06-01:57:02,5,7,2.559876
2022-01-06-01:57:04,7,0,1.926712
2022-01-06-01:57:06,0,3,2.402444
2022-01-06-01:57:08,3,4,2.166172
2022-01-06-01:57:10,4,7,1.855098
2022-01-06-01:57:12,7,4,1.790567
2022-01-06-01:57:14,4,3,2.083706
2022-01-06-01:57:16,3,0,2.353754
2022-01-06-01:57:18,0,2,1.731811
2022-01-06-01:57:21,2,7,2.607954
2022-01-06-01:57:22,7,4,1.888287
2022-01-06-01:57:26,4,6,3.474068
2022-01-06-01:57:30,6,7,4.047273
2022-01-06-01:57:33,7,5,2.620254
2022-01-06-01:57:34,5,4,1.780564
2022-01-06-01:57:36,4,0,1.518218
2022-01-06-01:57:38,0,7,1.932362
2022-01-06-01:57:40,7,3,2.161416
2022-01-06-01:57:43,3,2,2.599539
2022-01-06-01:57:46,2,6,3.178254
2022-01-06-01:57:49,6,2,3.088272
2022-01-06-01:57:51,2,1,1.987189
2022-01-06-01:57:53,1,3,2.233450
2022-01-06-01:57:55,3,0,2.403829
2022-01-06-01:57:57,0,4,1.495652
2022-01-06-01:58:00,4,6,3.441908
2022-01-06-01:58:04,6,3,3.630159
2022-01-06-01:58:06,3,1,2.201406
2022-01-06-01:58:08,1,7,1.661594
2022-01-06-01:58:10,7,1,1.656512
2022-01-06-01:58:11,1,4,1.309682
2022-01-06-01:58:13,4,5,1.787460
2022-01-06-01:58:14,5,2,1.592640
2022-01-06-01:58:16,2,0,1.753436
2022-01-06-01:58:18,0,2,1.726185
2022-01-06-01:58:20,2,7,2.591809
2022-01-06-01:58:22,7,1,1.695675
2022-01-06-01:58:24,1,5,1.938969
2022-01-06-01:58:27,5,6,3.114365
2022-01-06-01:58:31,6,0,3.442546
2022-01-06-01:58:32,0,4,1.524969
2022-01-06-01:58:33,4,1,1.320456
2022-01-06-01:58:35,1,7,1.658769
2022-01-06-01:58:37,7,1,1.681730
2022-01-06-01:58:39,1,3,2.228891
2022-01-06-01:58:41,3,1,2.235700
2022-01-06-01:58:43,1,7,1.679519
2022-01-06-01:58:45,7,1,1.730105
2022-01-06-01:58:47,1,2,2.029177
2022-01-06-01:58:49,2,1,1.964761
2022-01-06-01:58:50,1,0,1.022993
2022-01-06-01:58:53,0,6,3.460291
2022-01-06-01:58:57,6,0,3.481312
2022-01-06-01:58:58,0,2,1.733348
2022-01-06-01:59:00,2,0,1.726602
2022-01-06-01:59:02,0,4,1.521171
2022-01-06-01:59:03,4,7,1.862669
2022-01-06-01:59:05,7,0,2.000724
2022-01-06-01:59:07,0,7,1.948310
2022-01-06-01:59:09,7,1,1.648496
2022-01-06-01:59:11,1,2,2.013737
2022-01-06-01:59:14,2,7,2.537940
2022-01-06-01:59:18,7,6,4.033799
2022-01-06-01:59:22,6,7,3.963460
2022-01-06-01:59:23,7,1,1.690974
2022-01-06-01:59:25,1,2,1.995868
2022-01-06-01:59:27,2,4,1.802078
2022-01-06-01:59:29,4,0,1.547290
2022-01-06-01:59:30,0,4,1.522822
2022-01-06-01:59:32,4,0,1.617146
2022-01-06-01:59:33,0,2,1.690964
2022-01-06-01:59:35,2,4,1.737732
2022-01-06-01:59:37,4,2,1.807831
2022-01-06-01:59:38,2,5,1.484698
2022-01-06-01:59:42,5,6,3.096500
2022-01-06-01:59:45,6,4,3.463398
2022-01-06-01:59:47,4,3,2.214113
2022-01-06-01:59:49,3,4,2.104024
2022-01-06-01:59:53,4,6,3.477633
2022-01-06-01:59:57,6,7,4.047808
2022-01-06-01:59:58,7,1,1.666108
2022-01-06-02:00:02,1,6,3.495834
2022-01-06-02:00:05,6,4,3.511421
2022-01-06-02:00:08,4,3,2.122784
2022-01-06-02:00:11,3,6,3.655872
2022-01-06-02:00:15,6,7,3.956109
2022-01-06-02:00:17,7,4,1.835824
2022-01-06-02:00:19,4,0,1.526748
2022-01-06-02:00:20,0,4,1.530627
2022-01-06-02:00:22,4,1,1.427066
2022-01-06-02:00:23,1,0,1.043432
2022-01-06-02:00:24,0,4,1.544981
2022-01-06-02:00:26,4,2,1.754430
2022-01-06-02:00:29,2,6,3.123817
2022-01-06-02:00:33,6,3,3.656281
2022-01-06-02:00:36,3,6,3.692334
2022-01-06-02:00:40,6,0,3.459574
2022-01-06-02:00:42,0,7,1.887537
2022-01-06-02:00:44,7,5,2.553065
2022-01-06-02:00:46,5,0,1.890668
2022-01-06-02:00:48,0,2,1.751965
2022-01-06-02:00:51,2,7,2.611804
2022-01-06-02:00:54,7,6,3.958555
2022-01-06-02:00:58,6,0,3.401485
2022-01-06-02:01:01,0,6,3.452143
2022-01-06-02:01:05,6,3,3.596933
2022-01-06-02:01:09,3,6,3.669999
2022-01-06-02:01:12,6,1,3.569821
2022-01-06-02:01:14,1,5,1.924898
2022-01-06-02:01:16,5,2,1.529776
2022-01-06-02:01:19,2,6,3.133373
2022-01-06-02:01:23,6,7,3.943157
2022-01-06-02:01:24,7,1,1.681869
2022-01-06-02:01:25,1,0,1.087109
2022-01-06-02:01:28,0,3,2.372688
2022-01-06-02:01:30,3,1,2.241522
2022-01-06-02:01:31,1,4,1.321898
2022-01-06-02:01:35,4,6,3.429268
2022-01-06-02:01:38,6,4,3.462718
2022-01-06-02:01:40,4,7,1.900892
2022-01-06-02:01:43,7,5,2.593790
2022-01-06-02:01:45,5,7,2.596842
2022-01-06-02:01:47,7,4,1.858220
2022-01-06-02:01:49,4,2,1.758099
2022-01-06-02:01:52,2,7,2.568181
2022-01-06-02:01:54,7,4,1.954857
2022-01-06-02:01:55,4,5,1.821309
2022-01-06-02:01:57,5,1,1.934257
2022-01-06-02:01:58,1,0,1.135973
2022-01-06-02:02:00,0,1,1.095490
2022-01-06-02:02:02,1,2,2.025648
2022-01-06-02:02:03,2,5,1.627742
2022-01-06-02:02:05,5,3,2.189756
2022-01-06-02:02:08,3,2,2.586235
2022-01-06-02:02:11,2,3,2.598277
2022-01-06-02:02:13,3,4,2.046935
2022-01-06-02:02:16,4,6,3.434373
2022-01-06-02:02:20,6,7,4.014685
2022-01-06-02:02:22,7,1,1.705969
2022-01-06-02:02:24,1,3,2.262410
2022-01-06-02:02:26,3,5,2.205179
2022-01-06-02:02:28,5,2,1.526310
2022-01-06-02:02:30,2,1,1.992928
2022-01-06-02:02:31,1,7,1.692435
2022-01-06-02:02:34,7,2,2.630378
2022-01-06-02:02:36,2,5,1.519879
2022-01-06-02:02:37,5,0,1.894327
2022-01-06-02:02:39,0,2,1.720578
2022-01-06-02:02:41,2,4,1.786083
2022-01-06-02:02:43,4,5,1.785471
2022-01-06-02:02:45,5,7,2.600026
2022-01-06-02:02:47,7,1,1.626595
2022-01-06-02:02:48,1,0,1.062402
2022-01-06-02:02:51,0,6,3.431347
2022-01-06-02:02:55,6,7,3.966637
2022-01-06-02:02:57,7,0,1.891485
2022-01-06-02:03:00,0,3,2.391790
2022-01-06-02:03:02,3,1,2.228400
2022-01-06-02:03:04,1,2,1.992935
2022-01-06-02:03:07,2,3,2.637407
2022-01-06-02:03:09,3,1,2.186401
2022-01-06-02:03:11,1,2,1.997508
2022-01-06-02:03:13,2,4,1.826297
2022-01-06-02:03:15,4,3,2.134154
2022-01-06-02:03:17,3,1,2.192671
2022-01-06-02:03:19,1,3,2.226260
2022-01-06-02:03:23,3,6,3.686267
2022-01-06-02:03:26,6,1,3.559255
2022-01-06-02:03:29,1,3,2.261345
2022-01-06-02:03:31,3,1,2.238825
2022-01-06-02:03:33,1,2,2.005056
2022-01-06-02:03:36,2,7,2.628651
2022-01-06-02:03:38,7,5,2.656330
2022-01-06-02:03:40,5,3,2.190920
2022-01-06-02:03:43,3,4,2.131239
2022-01-06-02:03:45,4,3,2.121222
2022-01-06-02:03:47,3,4,2.123329
2022-01-06-02:03:49,4,5,1.799719
2022-01-06-02:03:50,5,2,1.526241
2022-01-06-02:03:53,2,7,2.665588
2022-01-06-02:03:57,7,6,4.003826
2022-01-06-02:04:00,6,4,3.462738
2022-01-06-02:04:02,4,5,1.773223
2022-01-06-02:04:04,5,2,1.527045
2022-01-06-02:04:06,2,1,1.998311
2022-01-06-02:04:09,1,6,3.611439
2022-01-06-02:04:12,6,2,3.094945
2022-01-06-02:04:14,2,4,1.739680
2022-01-06-02:04:17,4,6,3.433591
2022-01-06-02:04:21,6,4,3.472740
2022-01-06-02:04:23,4,2,1.804619
2022-01-06-02:04:26,2,6,3.076080
2022-01-06-02:04:29,6,2,3.060808
2022-01-06-02:04:30,2,5,1.535238
2022-01-06-02:04:34,5,6,3.141678
2022-01-06-02:04:37,6,5,3.147853
2022-01-06-02:04:39,5,1,1.918920
2022-01-06-02:04:40,1,7,1.656010
2022-01-06-02:04:42,7,3,2.119351
2022-01-06-02:04:44,3,7,2.133731
