"iteration,date,init_position,final_position,time"
0,2022-01-27-15:58:39,-1,5,2.96172
1,2022-01-27-15:58:42,5,6,2.65880
2,2022-01-27-15:58:45,6,1,2.73370
3,2022-01-27-15:58:47,1,7,1.68133
4,2022-01-27-15:58:48,7,1,1.64549
5,2022-01-27-15:58:50,1,5,2.02278
6,2022-01-27-15:58:52,5,0,1.88050
7,2022-01-27-15:58:55,0,6,2.78736
8,2022-01-27-15:58:58,6,1,3.02022
9,2022-01-27-15:59:00,1,5,1.99683
10,2022-01-27-15:59:03,5,6,3.09498
11,2022-01-27-15:59:06,6,3,3.15653
12,2022-01-27-15:59:09,3,6,3.19660
13,2022-01-27-15:59:12,6,7,2.64304
14,2022-01-27-15:59:15,7,0,3.09604
15,2022-01-27-15:59:17,0,4,2.39860
16,2022-01-27-15:59:19,4,7,1.97809
17,2022-01-27-15:59:22,7,5,2.88751
18,2022-01-27-15:59:25,5,3,2.42358
19,2022-01-27-15:59:27,3,2,2.69328
20,2022-01-27-15:59:30,2,7,2.64391
21,2022-01-27-15:59:33,7,0,2.50101
22,2022-01-27-15:59:36,0,6,3.53565
23,2022-01-27-15:59:40,6,1,3.53770
24,2022-01-27-15:59:42,1,2,1.98795
25,2022-01-27-15:59:43,2,4,1.74056
26,2022-01-27-15:59:45,4,2,2.02888
27,2022-01-27-15:59:48,2,7,2.59881
28,2022-01-27-15:59:51,7,2,2.59680
29,2022-01-27-15:59:53,2,7,2.49266
30,2022-01-27-15:59:56,7,0,3.04670
31,2022-01-27-15:59:58,0,5,1.93173
32,2022-01-27-16:00:01,5,6,2.70693
33,2022-01-27-16:00:04,6,7,3.33822
34,2022-01-27-16:00:07,7,6,2.53899
35,2022-01-27-16:00:10,6,2,3.35541
36,2022-01-27-16:00:12,2,5,1.52232
37,2022-01-27-16:00:14,5,7,2.58264
38,2022-01-27-16:00:17,7,0,3.04481
39,2022-01-27-16:00:20,0,3,2.93339
40,2022-01-27-16:00:22,3,1,2.24163
41,2022-01-27-16:00:25,1,3,2.26608
42,2022-01-27-16:00:27,3,5,2.22757
43,2022-01-27-16:00:29,5,7,2.55964
44,2022-01-27-16:00:33,7,1,3.26617
45,2022-01-27-16:00:34,1,4,1.28744
46,2022-01-27-16:00:36,4,7,1.86825
47,2022-01-27-16:00:38,7,6,2.55065
48,2022-01-27-16:00:41,6,4,2.76651
49,2022-01-27-16:00:42,4,1,1.28873
50,2022-01-27-16:00:44,1,5,1.91698
51,2022-01-27-16:00:46,5,2,1.64784
52,2022-01-27-16:00:47,2,5,1.49740
53,2022-01-27-16:00:50,5,3,2.29152
54,2022-01-27-16:00:52,3,6,2.02850
55,2022-01-27-16:00:54,6,3,2.02913
56,2022-01-27-16:00:56,3,6,1.93557
57,2022-01-27-16:00:59,6,2,3.24126
58,2022-01-27-16:01:01,2,1,1.99414
59,2022-01-27-16:01:02,1,4,1.31716
60,2022-01-27-16:01:04,4,3,2.04017
61,2022-01-27-16:01:06,3,6,2.00529
62,2022-01-27-16:01:09,6,1,2.79064
63,2022-01-27-16:01:11,1,2,1.98506
64,2022-01-27-16:01:13,2,0,1.72884
65,2022-01-27-16:01:16,0,3,2.69139
66,2022-01-27-16:01:18,3,2,2.55525
67,2022-01-27-16:01:21,2,3,2.72571
68,2022-01-27-16:01:23,3,6,2.02759
69,2022-01-27-16:01:26,6,0,3.13352
70,2022-01-27-16:01:28,0,7,1.88639
71,2022-01-27-16:01:31,7,5,2.62192
72,2022-01-27-16:01:34,5,6,3.09283
73,2022-01-27-16:01:37,6,4,3.47070
74,2022-01-27-16:01:39,4,3,2.05338
75,2022-01-27-16:01:41,3,1,2.32501
76,2022-01-27-16:01:43,1,2,1.98500
77,2022-01-27-16:01:46,2,7,2.58136
78,2022-01-27-16:01:50,7,6,4.00900
79,2022-01-27-16:01:53,6,5,3.16370
80,2022-01-27-16:01:55,5,0,1.98101
81,2022-01-27-16:01:57,0,2,1.72326
82,2022-01-27-16:01:59,2,4,1.74139
83,2022-01-27-16:02:00,4,5,1.76715
84,2022-01-27-16:02:03,5,3,2.99410
85,2022-01-27-16:02:06,3,5,2.99715
86,2022-01-27-16:02:09,5,7,2.55711
87,2022-01-27-16:02:12,7,2,3.02905
88,2022-01-27-16:02:16,2,3,4.40076
89,2022-01-27-16:02:18,3,6,2.03134
90,2022-01-27-16:02:22,6,2,4.04365
91,2022-01-27-16:02:26,2,5,3.63265
92,2022-01-27-16:02:28,5,3,2.22310
93,2022-01-27-16:02:31,3,0,2.48711
94,2022-01-27-16:02:33,0,3,2.53764
95,2022-01-27-16:02:36,3,0,2.39570
96,2022-01-27-16:02:39,0,6,2.79697
97,2022-01-27-16:02:42,6,4,3.93641
98,2022-01-27-16:02:47,4,7,4.04265
99,2022-01-27-16:02:48,7,1,1.65138
100,2022-01-27-16:02:50,1,3,2.23521
101,2022-01-27-16:02:53,3,1,2.26351
102,2022-01-27-16:02:54,1,0,1.03364
103,2022-01-27-16:02:57,0,6,3.70125
104,2022-01-27-16:03:01,6,0,3.45762
105,2022-01-27-16:03:03,0,7,1.89756
106,2022-01-27-16:03:05,7,4,1.88669
107,2022-01-27-16:03:06,4,5,1.74809
108,2022-01-27-16:03:08,5,0,1.98730
109,2022-01-27-16:03:10,0,7,1.94449
110,2022-01-27-16:03:13,7,6,2.58594
111,2022-01-27-16:03:16,6,0,2.89637
112,2022-01-27-16:03:17,0,1,1.05011
113,2022-01-27-16:03:18,1,4,1.31882
114,2022-01-27-16:03:20,4,0,1.59216
115,2022-01-27-16:03:23,0,6,2.87431
116,2022-01-27-16:03:25,6,3,2.02313
117,2022-01-27-16:03:27,3,5,2.24005
118,2022-01-27-16:03:31,5,2,3.66165
119,2022-01-27-16:03:34,2,5,3.64552
120,2022-01-27-16:03:36,5,3,2.23519
121,2022-01-27-16:03:39,3,5,2.40109
122,2022-01-27-16:03:41,5,3,2.22441
123,2022-01-27-16:03:44,3,7,3.21319
124,2022-01-27-16:03:47,7,6,2.54932
125,2022-01-27-16:03:50,6,2,3.13318
126,2022-01-27-16:03:52,2,1,1.96233
127,2022-01-27-16:03:54,1,7,1.64257
128,2022-01-27-16:03:58,7,2,4.31621
129,2022-01-27-16:04:01,2,6,3.06634
130,2022-01-27-16:04:05,6,1,3.55986
131,2022-01-27-16:04:06,1,4,1.32070
132,2022-01-27-16:04:07,4,1,1.46588
133,2022-01-27-16:04:09,1,2,1.99941
134,2022-01-27-16:04:11,2,5,1.48239
135,2022-01-27-16:04:13,5,4,1.78901
136,2022-01-27-16:04:14,4,7,1.89517
137,2022-01-27-16:04:16,7,1,1.65460
138,2022-01-27-16:04:18,1,2,2.04482
139,2022-01-27-16:04:20,2,0,1.72276
140,2022-01-27-16:04:21,0,1,1.07850
141,2022-01-27-16:04:23,1,7,1.65702
142,2022-01-27-16:04:25,7,4,1.88937
143,2022-01-27-16:04:27,4,3,2.08935
144,2022-01-27-16:04:29,3,2,2.76609
145,2022-01-27-16:04:33,2,6,3.19961
146,2022-01-27-16:04:36,6,5,3.10489
147,2022-01-27-16:04:38,5,1,2.33510
148,2022-01-27-16:04:39,1,0,1.12544
149,2022-01-27-16:04:40,0,1,1.07713
150,2022-01-27-16:04:44,1,6,3.55668
151,2022-01-27-16:04:47,6,5,3.09996
152,2022-01-27-16:04:49,5,1,1.91831
153,2022-01-27-16:04:51,1,2,1.98657
154,2022-01-27-16:04:52,2,5,1.52046
155,2022-01-27-16:04:54,5,1,2.01911
156,2022-01-27-16:04:56,1,2,1.98396
157,2022-01-27-16:04:58,2,1,1.98969
158,2022-01-27-16:05:00,1,7,1.71799
159,2022-01-27-16:05:02,7,4,1.93005
160,2022-01-27-16:05:04,4,7,1.91952
161,2022-01-27-16:05:06,7,1,1.72214
162,2022-01-27-16:05:08,1,5,2.02592
163,2022-01-27-16:05:11,5,4,3.39513
164,2022-01-27-16:05:15,4,7,4.03310
165,2022-01-27-16:05:19,7,2,4.39856
166,2022-01-27-16:05:24,2,1,4.13600
167,2022-01-27-16:05:26,1,6,2.69934
168,2022-01-27-16:05:30,6,7,3.23957
169,2022-01-27-16:05:33,7,4,3.20976
170,2022-01-27-16:05:34,4,2,1.76037
171,2022-01-27-16:05:36,2,0,1.71674
172,2022-01-27-16:05:39,0,3,2.33160
173,2022-01-27-16:05:42,3,7,3.25718
174,2022-01-27-16:05:45,7,2,3.05131
175,2022-01-27-16:05:49,2,3,4.31902
176,2022-01-27-16:05:51,3,4,2.10671
177,2022-01-27-16:05:53,4,1,1.34387
178,2022-01-27-16:05:54,1,0,1.05850
179,2022-01-27-16:05:55,0,4,1.50759
180,2022-01-27-16:05:57,4,7,1.91955
181,2022-01-27-16:06:00,7,6,2.55706
182,2022-01-27-16:06:03,6,2,3.21843
183,2022-01-27-16:06:06,2,6,3.04683
184,2022-01-27-16:06:08,6,4,2.53814
185,2022-01-27-16:06:10,4,2,1.95292
186,2022-01-27-16:06:12,2,1,1.98498
187,2022-01-27-16:06:14,1,5,1.92277
188,2022-01-27-16:06:16,5,1,1.96851
189,2022-01-27-16:06:17,1,0,1.03338
190,2022-01-27-16:06:21,0,6,3.49842
191,2022-01-27-16:06:24,6,7,2.72605
192,2022-01-27-16:06:27,7,4,3.75251
193,2022-01-27-16:06:31,4,5,3.64420
194,2022-01-27-16:06:33,5,1,1.96413
195,2022-01-27-16:06:34,1,4,1.32365
196,2022-01-27-16:06:36,4,3,2.05450
197,2022-01-27-16:06:38,3,6,2.04484
198,2022-01-27-16:06:41,6,1,2.85099
199,2022-01-27-16:06:44,1,6,2.72486
200,2022-01-27-16:06:47,6,1,3.04847
201,2022-01-27-16:06:48,1,4,1.28663
202,2022-01-27-16:06:50,4,7,1.89177
203,2022-01-27-16:06:52,7,0,1.98680
204,2022-01-27-16:06:55,0,3,2.49088
205,2022-01-27-16:06:57,3,0,2.42766
206,2022-01-27-16:06:59,0,4,1.52204
207,2022-01-27-16:07:01,4,3,2.09603
208,2022-01-27-16:07:04,3,7,3.24396
209,2022-01-27-16:07:07,7,3,3.23110
210,2022-01-27-16:07:10,3,7,3.27461
211,2022-01-27-16:07:13,7,5,2.84318
212,2022-01-27-16:07:16,5,6,2.70153
213,2022-01-27-16:07:19,6,2,3.44633
214,2022-01-27-16:07:21,2,0,1.74521
215,2022-01-27-16:07:23,0,5,1.90647
216,2022-01-27-16:07:25,5,0,1.89115
217,2022-01-27-16:07:27,0,5,1.98098
218,2022-01-27-16:07:29,5,1,2.15125
219,2022-01-27-16:07:30,1,4,1.33767
220,2022-01-27-16:07:34,4,6,3.43264
221,2022-01-27-16:07:38,6,7,4.01069
222,2022-01-27-16:07:40,7,1,1.69299
223,2022-01-27-16:07:43,1,3,3.64419
224,2022-01-27-16:07:47,3,7,3.84619
225,2022-01-27-16:07:50,7,2,2.62869
226,2022-01-27-16:07:52,2,3,2.64346
227,2022-01-27-16:07:55,3,0,2.47115
228,2022-01-27-16:07:56,0,4,1.52703
229,2022-01-27-16:07:58,4,2,2.06508
230,2022-01-27-16:08:01,2,3,2.72135
231,2022-01-27-16:08:03,3,5,2.24564
232,2022-01-27-16:08:05,5,1,1.95489
233,2022-01-27-16:08:07,1,5,1.99433
234,2022-01-27-16:08:09,5,4,2.02781
235,2022-01-27-16:08:13,4,6,3.43223
236,2022-01-27-16:08:16,6,0,3.52739
237,2022-01-27-16:08:18,0,2,1.72258
238,2022-01-27-16:08:20,2,5,1.52394
239,2022-01-27-16:08:23,5,4,3.38292
240,2022-01-27-16:08:26,4,5,3.29568
241,2022-01-27-16:08:29,5,6,2.74364
242,2022-01-27-16:08:32,6,7,2.55005
243,2022-01-27-16:08:33,7,4,1.93118
244,2022-01-27-16:08:35,4,1,1.31647
245,2022-01-27-16:08:37,1,2,1.98837
246,2022-01-27-16:08:40,2,6,3.06166
247,2022-01-27-16:08:44,6,4,3.76959
248,2022-01-27-16:08:47,4,1,3.89202
249,2022-01-27-16:08:50,1,5,2.24717
250,2022-01-27-16:08:52,5,3,2.24559
251,2022-01-27-16:08:54,3,1,2.29856
252,2022-01-27-16:08:56,1,7,1.69942
253,2022-01-27-16:08:58,7,1,1.72960
254,2022-01-27-16:08:59,1,7,1.65608
255,2022-01-27-16:09:01,7,4,1.84464
256,2022-01-27-16:09:03,4,7,1.85819
257,2022-01-27-16:09:06,7,6,2.62648
258,2022-01-27-16:09:08,6,1,2.81593
259,2022-01-27-16:09:12,1,6,3.59917
260,2022-01-27-16:09:16,6,3,3.83869
261,2022-01-27-16:09:18,3,4,2.14851
262,2022-01-27-16:09:20,4,5,1.75681
263,2022-01-27-16:09:22,5,4,1.98542
264,2022-01-27-16:09:24,4,5,1.70518
265,2022-01-27-16:09:26,5,4,2.12118
266,2022-01-27-16:09:27,4,2,1.81992
267,2022-01-27-16:09:29,2,5,1.50306
268,2022-01-27-16:09:31,5,1,2.06152
269,2022-01-27-16:09:33,1,5,1.98665
270,2022-01-27-16:09:36,5,6,3.13258
271,2022-01-27-16:09:40,6,1,3.56649
272,2022-01-27-16:09:41,1,0,1.08443
273,2022-01-27-16:09:43,0,7,1.88774
274,2022-01-27-16:09:44,7,1,1.64374
275,2022-01-27-16:09:46,1,4,1.31936
276,2022-01-27-16:09:47,4,2,1.73729
277,2022-01-27-16:09:49,2,1,2.02004
278,2022-01-27-16:09:51,1,2,1.95101
279,2022-01-27-16:09:53,2,0,1.71920
280,2022-01-27-16:09:56,0,6,2.90612
281,2022-01-27-16:09:59,6,1,2.73350
282,2022-01-27-16:10:01,1,2,1.97654
283,2022-01-27-16:10:02,2,0,1.71813
284,2022-01-27-16:10:06,0,6,3.49543
285,2022-01-27-16:10:09,6,7,2.63523
286,2022-01-27-16:10:11,7,6,2.59875
287,2022-01-27-16:10:15,6,4,3.50346
288,2022-01-27-16:10:17,4,3,2.07150
289,2022-01-27-16:10:19,3,0,2.39889
290,2022-01-27-16:10:21,0,4,1.52303
291,2022-01-27-16:10:23,4,7,1.85938
292,2022-01-27-16:10:25,7,3,2.32958
293,2022-01-27-16:10:27,3,4,2.16310
294,2022-01-27-16:10:29,4,7,1.86213
295,2022-01-27-16:10:31,7,2,2.62007
296,2022-01-27-16:10:33,2,5,1.51536
297,2022-01-27-16:10:35,5,4,2.02460
298,2022-01-27-16:10:37,4,3,2.11054
299,2022-01-27-16:10:40,3,1,2.39717
300,2022-01-27-16:10:42,1,2,1.98519
301,2022-01-27-16:10:44,2,7,2.60844
302,2022-01-27-16:10:48,7,6,4.05896
303,2022-01-27-16:10:52,6,0,3.70841
304,2022-01-27-16:10:55,0,6,2.79085
305,2022-01-27-16:10:57,6,1,2.68606
306,2022-01-27-16:10:59,1,4,1.30710
307,2022-01-27-16:11:01,4,7,1.84855
308,2022-01-27-16:11:03,7,5,2.66127
309,2022-01-27-16:11:05,5,0,1.97356
310,2022-01-27-16:11:07,0,2,1.75481
311,2022-01-27-16:11:08,2,5,1.53383
312,2022-01-27-16:11:10,5,4,1.77196
313,2022-01-27-16:11:12,4,7,1.85657
314,2022-01-27-16:11:14,7,1,1.69093
315,2022-01-27-16:11:16,1,7,2.13616
316,2022-01-27-16:11:18,7,4,1.88898
317,2022-01-27-16:11:19,4,0,1.52682
318,2022-01-27-16:11:21,0,2,1.73880
319,2022-01-27-16:11:23,2,4,1.79297
320,2022-01-27-16:11:26,4,6,3.49774
321,2022-01-27-16:11:30,6,5,3.23943
322,2022-01-27-16:11:33,5,2,3.70205
323,2022-01-27-16:11:36,2,7,3.14489
324,2022-01-27-16:11:39,7,5,2.61849
325,2022-01-27-16:11:41,5,4,2.04162
326,2022-01-27-16:11:43,4,7,1.92213
327,2022-01-27-16:11:46,7,6,2.56061
328,2022-01-27-16:11:48,6,5,2.79990
329,2022-01-27-16:11:51,5,7,2.64781
330,2022-01-27-16:11:54,7,3,3.29921
331,2022-01-27-16:11:58,3,7,3.23001
332,2022-01-27-16:12:01,7,4,3.42275
333,2022-01-27-16:12:03,4,3,2.14493
334,2022-01-27-16:12:06,3,0,3.28162
335,2022-01-27-16:12:08,0,7,1.92840
336,2022-01-27-16:12:10,7,3,2.14945
337,2022-01-27-16:12:14,3,7,3.32976
338,2022-01-27-16:12:17,7,1,3.38857
339,2022-01-27-16:12:20,1,3,2.51155
340,2022-01-27-16:12:23,3,7,3.24335
341,2022-01-27-16:12:26,7,5,2.62436
342,2022-01-27-16:12:28,5,1,1.92447
343,2022-01-27-16:12:30,1,5,2.09218
344,2022-01-27-16:12:32,5,0,2.12481
345,2022-01-27-16:12:34,0,5,1.99096
346,2022-01-27-16:12:37,5,4,3.40265
347,2022-01-27-16:12:40,4,5,3.33709
348,2022-01-27-16:12:42,5,0,1.89062
349,2022-01-27-16:12:44,0,7,1.92325
350,2022-01-27-16:12:47,7,6,2.61029
351,2022-01-27-16:12:50,6,7,3.32777
352,2022-01-27-16:12:54,7,1,3.39878
353,2022-01-27-16:12:56,1,5,2.00126
354,2022-01-27-16:12:58,5,7,2.62928
355,2022-01-27-16:13:01,7,4,3.23652
356,2022-01-27-16:13:05,4,1,3.95445
357,2022-01-27-16:13:09,1,3,3.51695
358,2022-01-27-16:13:13,3,1,3.57768
359,2022-01-27-16:13:15,1,3,2.23262
360,2022-01-27-16:13:18,3,7,3.26576
361,2022-01-27-16:13:21,7,5,2.67427
362,2022-01-27-16:13:23,5,1,2.05710
363,2022-01-27-16:13:24,1,7,1.70793
364,2022-01-27-16:13:27,7,3,2.36405
365,2022-01-27-16:13:29,3,0,2.60149
366,2022-01-27-16:13:31,0,5,1.92861
367,2022-01-27-16:13:33,5,2,1.52430
368,2022-01-27-16:13:35,2,1,1.96184
369,2022-01-27-16:13:37,1,7,1.72025
370,2022-01-27-16:13:39,7,3,2.29432
371,2022-01-27-16:13:41,3,1,2.23836
372,2022-01-27-16:13:43,1,2,1.99527
373,2022-01-27-16:13:46,2,7,2.59656
374,2022-01-27-16:13:49,7,2,2.86362
375,2022-01-27-16:13:52,2,3,3.04467
376,2022-01-27-16:13:56,3,2,4.26890
377,2022-01-27-16:14:00,2,0,4.11215
378,2022-01-27-16:14:01,0,1,1.03838
379,2022-01-27-16:14:02,1,0,1.06869
380,2022-01-27-16:14:05,0,3,2.64124
381,2022-01-27-16:14:07,3,5,2.27856
382,2022-01-27-16:14:10,5,6,2.69835
383,2022-01-27-16:14:13,6,1,2.82913
384,2022-01-27-16:14:14,1,4,1.31275
385,2022-01-27-16:14:15,4,1,1.29966
386,2022-01-27-16:14:17,1,2,1.94849
387,2022-01-27-16:14:20,2,3,2.94829
388,2022-01-27-16:14:23,3,6,3.43619
389,2022-01-27-16:14:26,6,3,2.03729
390,2022-01-27-16:14:28,3,1,2.36724
391,2022-01-27-16:14:29,1,4,1.32146
392,2022-01-27-16:14:31,4,2,1.85793
393,2022-01-27-16:14:34,2,7,2.60976
394,2022-01-27-16:14:37,7,0,3.04401
395,2022-01-27-16:14:38,0,1,1.03437
396,2022-01-27-16:14:39,1,0,1.05600
397,2022-01-27-16:14:41,0,2,1.77032
398,2022-01-27-16:14:44,2,6,3.23471
399,2022-01-27-16:14:47,6,0,3.47916
400,2022-01-27-16:14:49,0,4,1.52328
401,2022-01-27-16:14:51,4,7,1.86277
402,2022-01-27-16:14:52,7,1,1.74391
403,2022-01-27-16:14:54,1,5,2.06055
404,2022-01-27-16:14:57,5,7,2.59044
405,2022-01-27-16:15:00,7,6,2.58968
406,2022-01-27-16:15:03,6,5,3.33983
407,2022-01-27-16:15:06,5,3,3.09797
408,2022-01-27-16:15:09,3,2,2.59446
409,2022-01-27-16:15:13,2,0,3.93035
410,2022-01-27-16:15:15,0,5,2.12647
411,2022-01-27-16:15:16,5,2,1.53003
412,2022-01-27-16:15:18,2,1,1.97163
413,2022-01-27-16:15:21,1,3,2.34857
414,2022-01-27-16:15:23,3,1,2.33302
415,2022-01-27-16:15:25,1,5,1.95273
416,2022-01-27-16:15:28,5,7,2.62089
417,2022-01-27-16:15:30,7,2,2.59117
418,2022-01-27-16:15:32,2,0,1.72158
419,2022-01-27-16:15:33,0,1,1.08894
420,2022-01-27-16:15:35,1,2,1.94782
421,2022-01-27-16:15:37,2,7,2.59895
422,2022-01-27-16:15:39,7,4,1.89984
423,2022-01-27-16:15:41,4,3,2.05114
424,2022-01-27-16:15:44,3,0,2.37817
425,2022-01-27-16:15:47,0,6,3.48916
426,2022-01-27-16:15:51,6,0,3.47873
427,2022-01-27-16:15:52,0,2,1.72299
428,2022-01-27-16:15:54,2,5,1.52808
429,2022-01-27-16:15:56,5,1,1.93329
430,2022-01-27-16:15:58,1,7,1.72177
431,2022-01-27-16:16:00,7,5,2.60359
432,2022-01-27-16:16:02,5,1,2.03186
433,2022-01-27-16:16:06,1,6,3.63388
434,2022-01-27-16:16:09,6,0,3.46673
435,2022-01-27-16:16:11,0,4,1.52399
436,2022-01-27-16:16:12,4,0,1.51954
437,2022-01-27-16:16:16,0,6,3.75676
438,2022-01-27-16:16:19,6,4,3.24152
439,2022-01-27-16:16:21,4,2,1.89744
440,2022-01-27-16:16:24,2,6,3.12873
441,2022-01-27-16:16:28,6,0,3.74326
442,2022-01-27-16:16:29,0,1,1.06793
443,2022-01-27-16:16:30,1,0,1.03325
444,2022-01-27-16:16:32,0,5,1.92205
445,2022-01-27-16:16:34,5,0,1.94151
446,2022-01-27-16:16:38,0,6,3.55239
447,2022-01-27-16:16:41,6,2,3.28113
448,2022-01-27-16:16:44,2,6,3.11775
449,2022-01-27-16:16:48,6,2,3.43193
450,2022-01-27-16:16:51,2,6,3.04318
451,2022-01-27-16:16:53,6,7,2.60361
452,2022-01-27-16:16:56,7,0,2.30611
453,2022-01-27-16:16:57,0,1,1.03715
454,2022-01-27-16:16:58,1,0,1.04882
455,2022-01-27-16:16:59,0,2,1.73778
456,2022-01-27-16:17:01,2,4,1.75476
457,2022-01-27-16:17:03,4,7,1.88681
458,2022-01-27-16:17:06,7,6,2.61824
459,2022-01-27-16:17:08,6,5,2.70059
460,2022-01-27-16:17:10,5,1,1.92545
461,2022-01-27-16:17:12,1,7,1.74468
462,2022-01-27-16:17:14,7,3,2.15259
463,2022-01-27-16:17:16,3,6,1.98718
464,2022-01-27-16:17:19,6,1,2.65225
465,2022-01-27-16:17:20,1,7,1.71723
466,2022-01-27-16:17:25,7,3,4.16316
467,2022-01-27-16:17:27,3,2,2.61794
468,2022-01-27-16:17:30,2,6,3.08194
469,2022-01-27-16:17:34,6,5,3.19968
470,2022-01-27-16:17:36,5,3,2.20761
471,2022-01-27-16:17:38,3,5,2.24145
472,2022-01-27-16:17:40,5,3,2.24692
473,2022-01-27-16:17:42,3,4,2.10986
474,2022-01-27-16:17:44,4,3,2.03721
475,2022-01-27-16:17:47,3,2,2.75694
476,2022-01-27-16:17:50,2,6,3.21969
477,2022-01-27-16:17:54,6,5,3.17828
478,2022-01-27-16:17:56,5,1,1.97165
479,2022-01-27-16:17:58,1,3,2.30501
480,2022-01-27-16:18:00,3,4,2.14009
481,2022-01-27-16:18:02,4,5,1.83069
482,2022-01-27-16:18:03,5,2,1.53774
483,2022-01-27-16:18:05,2,0,1.73463
484,2022-01-27-16:18:07,0,5,2.27741
485,2022-01-27-16:18:11,5,4,3.47599
486,2022-01-27-16:18:14,4,2,3.16820
487,2022-01-27-16:18:17,2,7,2.70529
488,2022-01-27-16:18:20,7,1,3.30467
489,2022-01-27-16:18:21,1,0,1.05148
490,2022-01-27-16:18:23,0,5,1.92247
491,2022-01-27-16:18:25,5,3,2.21077
492,2022-01-27-16:18:27,3,5,2.27121
493,2022-01-27-16:18:29,5,0,1.83029
494,2022-01-27-16:18:32,0,3,2.52790
495,2022-01-27-16:18:34,3,4,2.07328
496,2022-01-27-16:18:36,4,3,2.09237
497,2022-01-27-16:18:38,3,1,2.34123
498,2022-01-27-16:18:39,1,0,1.08674
499,2022-01-27-16:18:41,0,2,1.84138
500,2022-01-27-16:18:44,2,7,2.57048
501,2022-01-27-16:18:46,7,0,1.99103
502,2022-01-27-16:18:48,0,5,1.95109
503,2022-01-27-16:18:50,5,7,2.58657
504,2022-01-27-16:18:54,7,4,3.18242
505,2022-01-27-16:18:57,4,1,3.82240
506,2022-01-27-16:18:59,1,4,1.33226
507,2022-01-27-16:19:01,4,7,1.89666
508,2022-01-27-16:19:03,7,3,2.30608
509,2022-01-27-16:19:05,3,5,2.35384
510,2022-01-27-16:19:07,5,1,2.00625
511,2022-01-27-16:19:09,1,2,1.95680
512,2022-01-27-16:19:11,2,4,1.81424
513,2022-01-27-16:19:13,4,7,1.86605
514,2022-01-27-16:19:15,7,1,1.71897
515,2022-01-27-16:19:16,1,0,1.06238
516,2022-01-27-16:19:17,0,2,1.73855
517,2022-01-27-16:19:19,2,5,1.54867
518,2022-01-27-16:19:21,5,4,1.90365
519,2022-01-27-16:19:23,4,5,1.74083
520,2022-01-27-16:19:25,5,3,2.32881
521,2022-01-27-16:19:28,3,1,2.66070
522,2022-01-27-16:19:29,1,7,1.68324
523,2022-01-27-16:19:32,7,2,2.71118
524,2022-01-27-16:19:34,2,0,1.72727
525,2022-01-27-16:19:35,0,1,1.11477
526,2022-01-27-16:19:37,1,2,1.99953
527,2022-01-27-16:19:38,2,5,1.50024
528,2022-01-27-16:19:42,5,2,3.72814
529,2022-01-27-16:19:46,2,1,4.08224
530,2022-01-27-16:19:48,1,5,1.99763
531,2022-01-27-16:19:52,5,2,3.66773
532,2022-01-27-16:19:56,2,7,4.47073
533,2022-01-27-16:19:59,7,5,2.64079
534,2022-01-27-16:20:01,5,3,2.22791
535,2022-01-27-16:20:04,3,7,3.25076
536,2022-01-27-16:20:08,7,1,3.21255
537,2022-01-27-16:20:10,1,2,1.99153
538,2022-01-27-16:20:11,2,4,1.80473
539,2022-01-27-16:20:13,4,0,1.55287
540,2022-01-27-16:20:16,0,6,2.83445
541,2022-01-27-16:20:18,6,7,2.56274
542,2022-01-27-16:20:21,7,2,2.66938
543,2022-01-27-16:20:24,2,6,3.15008
544,2022-01-27-16:20:28,6,1,3.60408
545,2022-01-27-16:20:29,1,0,1.05260
546,2022-01-27-16:20:30,0,4,1.56008
547,2022-01-27-16:20:32,4,7,1.86149
548,2022-01-27-16:20:34,7,4,1.95922
549,2022-01-27-16:20:36,4,1,1.33449
550,2022-01-27-16:20:37,1,7,1.68747
551,2022-01-27-16:20:40,7,5,2.63076
552,2022-01-27-16:20:42,5,7,2.54501
553,2022-01-27-16:20:45,7,2,2.63864
554,2022-01-27-16:20:48,2,6,3.24255
555,2022-01-27-16:20:52,6,1,3.86440
556,2022-01-27-16:20:55,1,3,2.46073
557,2022-01-27-16:20:57,3,2,2.63981
558,2022-01-27-16:21:01,2,6,3.23567
559,2022-01-27-16:21:03,6,3,2.06499
560,2022-01-27-16:21:05,3,2,2.56804
561,2022-01-27-16:21:08,2,7,2.57283
562,2022-01-27-16:21:12,7,6,4.09872
563,2022-01-27-16:21:16,6,3,3.86296
564,2022-01-27-16:21:18,3,6,2.02342
565,2022-01-27-16:21:21,6,0,3.11226
566,2022-01-27-16:21:23,0,2,1.78773
567,2022-01-27-16:21:25,2,7,2.59171
568,2022-01-27-16:21:27,7,3,2.12529
569,2022-01-27-16:21:30,3,0,2.43935
570,2022-01-27-16:21:31,0,1,1.03998
571,2022-01-27-16:21:32,1,7,1.70191
572,2022-01-27-16:21:35,7,3,2.81338
573,2022-01-27-16:21:39,3,7,3.24069
574,2022-01-27-16:21:42,7,4,3.15481
575,2022-01-27-16:21:45,4,6,3.49369
576,2022-01-27-16:21:49,6,2,3.37942
577,2022-01-27-16:21:52,2,6,3.19941
578,2022-01-27-16:21:55,6,0,3.46080
579,2022-01-27-16:21:59,0,3,3.47950
580,2022-01-27-16:22:02,3,0,3.27317
581,2022-01-27-16:22:04,0,2,1.80343
582,2022-01-27-16:22:06,2,7,2.61655
583,2022-01-27-16:22:09,7,5,2.81713
584,2022-01-27-16:22:11,5,0,2.04750
585,2022-01-27-16:22:15,0,6,3.48168
586,2022-01-27-16:22:19,6,7,4.21197
587,2022-01-27-16:22:23,7,3,3.93786
588,2022-01-27-16:22:27,3,1,3.77888
589,2022-01-27-16:22:30,1,6,3.67832
590,2022-01-27-16:22:34,6,4,3.66525
591,2022-01-27-16:22:36,4,0,1.56023
592,2022-01-27-16:22:38,0,3,2.43527
593,2022-01-27-16:22:40,3,4,2.09704
594,2022-01-27-16:22:44,4,6,3.46864
595,2022-01-27-16:22:47,6,4,3.63918
596,2022-01-27-16:22:49,4,2,1.86771
597,2022-01-27-16:22:53,2,0,4.17482
598,2022-01-27-16:22:57,0,3,3.51318
599,2022-01-27-16:23:01,3,7,3.84733
600,2022-01-27-16:23:03,7,4,1.94895
601,2022-01-27-16:23:06,4,6,3.43651
602,2022-01-27-16:23:09,6,5,3.21319
603,2022-01-27-16:23:12,5,6,3.15740
604,2022-01-27-16:23:16,6,5,3.38306
605,2022-01-27-16:23:18,5,3,2.20467
606,2022-01-27-16:23:20,3,6,2.09538
607,2022-01-27-16:23:23,6,2,3.06860
608,2022-01-27-16:23:25,2,0,1.73486
609,2022-01-27-16:23:26,0,1,1.09507
610,2022-01-27-16:23:27,1,0,1.12781
611,2022-01-27-16:23:28,0,1,1.06813
612,2022-01-27-16:23:30,1,2,2.02206
613,2022-01-27-16:23:32,2,5,1.52435
614,2022-01-27-16:23:34,5,7,2.59663
615,2022-01-27-16:23:38,7,5,3.60836
616,2022-01-27-16:23:40,5,4,1.91012
617,2022-01-27-16:23:41,4,1,1.31568
618,2022-01-27-16:23:43,1,5,1.90586
619,2022-01-27-16:23:45,5,4,1.88024
620,2022-01-27-16:23:47,4,3,2.12247
621,2022-01-27-16:23:49,3,6,2.02670
622,2022-01-27-16:23:53,6,7,3.61507
623,2022-01-27-16:23:56,7,1,3.46362
624,2022-01-27-16:23:57,1,0,1.10547
625,2022-01-27-16:23:59,0,2,1.72012
626,2022-01-27-16:24:01,2,4,1.74618
627,2022-01-27-16:24:03,4,2,1.94785
628,2022-01-27-16:24:05,2,3,2.62793
629,2022-01-27-16:24:08,3,0,2.38014
630,2022-01-27-16:24:10,0,3,2.48685
631,2022-01-27-16:24:14,3,7,3.30760
632,2022-01-27-16:24:16,7,6,2.57756
633,2022-01-27-16:24:20,6,1,3.68075
634,2022-01-27-16:24:22,1,3,2.25829
635,2022-01-27-16:24:24,3,0,2.42520
636,2022-01-27-16:24:26,0,1,1.10700
637,2022-01-27-16:24:27,1,0,1.06099
638,2022-01-27-16:24:29,0,5,2.18008
639,2022-01-27-16:24:30,5,2,1.53861
640,2022-01-27-16:24:32,2,5,1.53854
641,2022-01-27-16:24:34,5,3,2.24962
642,2022-01-27-16:24:37,3,2,2.64705
643,2022-01-27-16:24:38,2,5,1.54091
644,2022-01-27-16:24:41,5,3,3.12607
645,2022-01-27-16:24:45,3,1,3.63122
646,2022-01-27-16:24:47,1,2,1.97604
647,2022-01-27-16:24:49,2,4,1.79581
648,2022-01-27-16:24:50,4,1,1.33244
649,2022-01-27-16:24:53,1,3,2.34504
650,2022-01-27-16:24:57,3,2,4.28818
651,2022-01-27-16:25:01,2,7,4.41429
652,2022-01-27-16:25:03,7,1,1.74067
653,2022-01-27-16:25:06,1,6,2.64462
654,2022-01-27-16:25:08,6,1,2.83751
655,2022-01-27-16:25:10,1,0,1.09212
656,2022-01-27-16:25:12,0,6,2.84080
657,2022-01-27-16:25:14,6,3,2.03593
658,2022-01-27-16:25:18,3,7,3.34895
659,2022-01-27-16:25:21,7,2,2.98534
660,2022-01-27-16:25:25,2,3,4.47450
661,2022-01-27-16:25:27,3,6,2.06016
662,2022-01-27-16:25:31,6,7,3.37064
663,2022-01-27-16:25:33,7,2,2.66471
664,2022-01-27-16:25:35,2,5,1.53316
665,2022-01-27-16:25:37,5,7,2.58319
666,2022-01-27-16:25:40,7,5,2.76248
667,2022-01-27-16:25:42,5,2,1.52156
668,2022-01-27-16:25:44,2,7,2.61911
669,2022-01-27-16:25:48,7,6,4.01723
670,2022-01-27-16:25:52,6,0,3.64493
671,2022-01-27-16:25:55,0,3,3.24553
672,2022-01-27-16:25:59,3,7,3.34230
673,2022-01-27-16:26:01,7,6,2.57271
674,2022-01-27-16:26:04,6,5,3.14641
675,2022-01-27-16:26:06,5,0,2.13784
676,2022-01-27-16:26:10,0,6,3.64724
677,2022-01-27-16:26:14,6,2,3.43839
678,2022-01-27-16:26:16,2,1,1.97248
679,2022-01-27-16:26:18,1,5,2.09725
680,2022-01-27-16:26:20,5,3,2.23998
681,2022-01-27-16:26:23,3,7,3.28582
682,2022-01-27-16:26:26,7,6,2.59673
683,2022-01-27-16:26:29,6,0,3.58036
684,2022-01-27-16:26:30,0,1,1.12845
685,2022-01-27-16:26:32,1,0,1.07620
686,2022-01-27-16:26:33,0,2,1.73219
687,2022-01-27-16:26:35,2,0,1.76815
688,2022-01-27-16:26:37,0,5,1.92474
689,2022-01-27-16:26:40,5,6,3.15937
690,2022-01-27-16:26:44,6,3,3.77418
691,2022-01-27-16:26:46,3,4,2.09758
692,2022-01-27-16:26:48,4,7,1.94959
693,2022-01-27-16:26:52,7,6,4.14699
694,2022-01-27-16:26:56,6,1,3.57053
695,2022-01-27-16:26:57,1,4,1.35083
696,2022-01-27-16:26:59,4,2,1.82597
697,2022-01-27-16:27:01,2,7,2.63871
698,2022-01-27-16:27:06,7,6,4.06064
699,2022-01-27-16:27:09,6,3,3.88062
700,2022-01-27-16:27:13,3,7,3.24665
701,2022-01-27-16:27:15,7,6,2.58501
702,2022-01-27-16:27:18,6,2,3.20279
703,2022-01-27-16:27:22,2,6,3.14952
704,2022-01-27-16:27:25,6,1,3.60687
705,2022-01-27-16:27:29,1,6,3.65911
706,2022-01-27-16:27:33,6,3,3.75745
707,2022-01-27-16:27:36,3,7,3.25418
708,2022-01-27-16:27:39,7,3,3.35878
709,2022-01-27-16:27:42,3,2,2.69584
710,2022-01-27-16:27:45,2,7,2.61923
711,2022-01-27-16:27:48,7,3,3.24223
712,2022-01-27-16:27:51,3,2,2.79319
713,2022-01-27-16:27:53,2,7,2.57025
714,2022-01-27-16:27:56,7,6,2.66902
715,2022-01-27-16:27:59,6,0,3.64747
716,2022-01-27-16:28:01,0,4,1.58879
717,2022-01-27-16:28:03,4,7,1.89078
718,2022-01-27-16:28:05,7,3,2.18840
719,2022-01-27-16:28:08,3,0,2.43226
720,2022-01-27-16:28:09,0,4,1.58728
721,2022-01-27-16:28:11,4,5,1.78353
722,2022-01-27-16:28:14,5,6,3.16593
723,2022-01-27-16:28:17,6,5,3.14005
724,2022-01-27-16:28:20,5,3,2.34427
725,2022-01-27-16:28:22,3,0,2.54512
726,2022-01-27-16:28:24,0,7,1.91436
727,2022-01-27-16:28:26,7,0,1.95254
728,2022-01-27-16:28:27,0,1,1.07432
729,2022-01-27-16:28:28,1,0,1.05218
730,2022-01-27-16:28:30,0,2,1.72225
731,2022-01-27-16:28:33,2,6,3.27743
732,2022-01-27-16:28:36,6,2,3.23983
733,2022-01-27-16:28:39,2,3,2.70806
734,2022-01-27-16:28:41,3,4,2.10895
735,2022-01-27-16:28:43,4,3,2.04424
736,2022-01-27-16:28:46,3,5,2.66638
737,2022-01-27-16:28:47,5,2,1.53796
738,2022-01-27-16:28:50,2,7,2.60486
739,2022-01-27-16:28:53,7,5,2.67944
740,2022-01-27-16:28:56,5,6,3.24692
741,2022-01-27-16:28:59,6,5,3.14415
742,2022-01-27-16:29:02,5,7,2.57867
743,2022-01-27-16:29:05,7,0,3.11588
744,2022-01-27-16:29:07,0,2,1.79554
745,2022-01-27-16:29:08,2,4,1.83959
746,2022-01-27-16:29:10,4,7,1.89999
747,2022-01-27-16:29:14,7,3,3.89054
748,2022-01-27-16:29:18,3,1,3.54521
749,2022-01-27-16:29:19,1,4,1.36360
750,2022-01-27-16:29:21,4,7,1.91135
751,2022-01-27-16:29:23,7,0,2.07103
752,2022-01-27-16:29:25,0,4,1.56345
753,2022-01-27-16:29:26,4,1,1.34560
754,2022-01-27-16:29:28,1,7,1.75032
755,2022-01-27-16:29:30,7,0,1.92977
756,2022-01-27-16:29:32,0,5,1.93447
757,2022-01-27-16:29:35,5,2,3.75512
758,2022-01-27-16:29:37,2,4,1.83795
759,2022-01-27-16:29:41,4,5,3.89345
760,2022-01-27-16:29:44,5,4,2.60438
761,2022-01-27-16:29:46,4,2,1.86229
762,2022-01-27-16:29:48,2,7,2.60845
763,2022-01-27-16:29:50,7,3,2.17890
764,2022-01-27-16:29:53,3,1,2.30567
765,2022-01-27-16:29:54,1,0,1.23272
766,2022-01-27-16:29:55,0,4,1.55462
767,2022-01-27-16:29:57,4,1,1.33922
768,2022-01-27-16:29:58,1,4,1.33327
769,2022-01-27-16:30:00,4,1,1.39843
770,2022-01-27-16:30:01,1,0,1.07494
771,2022-01-27-16:30:04,0,3,3.44391
772,2022-01-27-16:30:07,3,5,3.09551
773,2022-01-27-16:30:10,5,3,2.33919
774,2022-01-27-16:30:13,3,7,3.27227
775,2022-01-27-16:30:16,7,5,2.76754
776,2022-01-27-16