"iteration,date,init_position,final_position,time"
0,2022-01-27-09:27:55,-1,0,2.29459
1,2022-01-27-09:27:56,0,1,1.08728
2,2022-01-27-09:27:58,1,2,1.99098
3,2022-01-27-09:28:00,2,7,2.59795
4,2022-01-27-09:28:02,7,3,2.13842
5,2022-01-27-09:28:05,3,5,2.18994
6,2022-01-27-09:28:06,5,0,1.84971
7,2022-01-27-09:28:08,0,4,1.48416
8,2022-01-27-09:28:11,4,6,3.43907
9,2022-01-27-09:28:15,6,4,3.44792
10,2022-01-27-09:28:17,4,7,1.85566
11,2022-01-27-09:28:19,7,2,2.58330
12,2022-01-27-09:28:21,2,0,1.68628
13,2022-01-27-09:28:24,0,6,3.44923
14,2022-01-27-09:28:28,6,1,3.52749
15,2022-01-27-09:28:29,1,0,1.03549
16,2022-01-27-09:28:31,0,5,1.88847
17,2022-01-27-09:28:34,5,6,3.13775
18,2022-01-27-09:28:38,6,7,4.01263
19,2022-01-27-09:28:40,7,1,1.75129
20,2022-01-27-09:28:41,1,0,1.09131
21,2022-01-27-09:28:43,0,7,1.95971
22,2022-01-27-09:28:45,7,0,1.88813
23,2022-01-27-09:28:46,0,1,1.03565
24,2022-01-27-09:28:47,1,0,1.03594
25,2022-01-27-09:28:48,0,2,1.73220
26,2022-01-27-09:28:50,2,1,1.95723
27,2022-01-27-09:28:52,1,2,1.95793
28,2022-01-27-09:28:55,2,7,2.56713
29,2022-01-27-09:28:57,7,1,1.70605
30,2022-01-27-09:29:00,1,6,3.53171
31,2022-01-27-09:29:03,6,5,3.11510
32,2022-01-27-09:29:05,5,4,1.72861
33,2022-01-27-09:29:08,4,6,3.43938
34,2022-01-27-09:29:12,6,4,3.42531
35,2022-01-27-09:29:13,4,1,1.32458
36,2022-01-27-09:29:15,1,2,1.99913
37,2022-01-27-09:29:17,2,1,1.97072
38,2022-01-27-09:29:19,1,3,2.22283
39,2022-01-27-09:29:22,3,7,2.13447
40,2022-01-27-09:29:24,7,3,2.13036
41,2022-01-27-09:29:26,3,0,2.39689
42,2022-01-27-09:29:28,0,3,2.38865
43,2022-01-27-09:29:32,3,6,3.63616
44,2022-01-27-09:29:36,6,3,3.64783
45,2022-01-27-09:29:38,3,5,2.19722
46,2022-01-27-09:29:40,5,0,1.84014
47,2022-01-27-09:29:42,0,5,1.88267
48,2022-01-27-09:29:43,5,0,1.86227
49,2022-01-27-09:29:45,0,2,1.73018
50,2022-01-27-09:29:48,2,3,2.54684
51,2022-01-27-09:29:50,3,1,2.21905
52,2022-01-27-09:29:51,1,0,1.01623
53,2022-01-27-09:29:53,0,7,1.92962
54,2022-01-27-09:29:56,7,5,2.65281
55,2022-01-27-09:29:58,5,7,2.56479
56,2022-01-27-09:30:00,7,3,2.13573
57,2022-01-27-09:30:02,3,7,2.19712
58,2022-01-27-09:30:07,7,6,4.04757
59,2022-01-27-09:30:10,6,4,3.44640
60,2022-01-27-09:30:11,4,1,1.35199
61,2022-01-27-09:30:14,1,3,2.23275
62,2022-01-27-09:30:16,3,5,2.23019
63,2022-01-27-09:30:18,5,1,1.94081
64,2022-01-27-09:30:21,1,6,3.55914
65,2022-01-27-09:30:25,6,4,3.54830
66,2022-01-27-09:30:28,4,6,3.45354
67,2022-01-27-09:30:31,6,5,3.09264
68,2022-01-27-09:30:33,5,1,1.92262
69,2022-01-27-09:30:34,1,0,1.08719
70,2022-01-27-09:30:36,0,7,1.93009
71,2022-01-27-09:30:38,7,4,1.89254
72,2022-01-27-09:30:40,4,7,1.92441
73,2022-01-27-09:30:44,7,6,4.02637
74,2022-01-27-09:30:47,6,2,3.12231
75,2022-01-27-09:30:50,2,7,2.55686
76,2022-01-27-09:30:52,7,3,2.12451
77,2022-01-27-09:30:54,3,0,2.38895
78,2022-01-27-09:30:56,0,2,1.72637
79,2022-01-27-09:30:58,2,1,1.99263
80,2022-01-27-09:31:00,1,2,1.98659
81,2022-01-27-09:31:02,2,0,1.71516
82,2022-01-27-09:31:04,0,5,1.87339
83,2022-01-27-09:31:06,5,7,2.59373
84,2022-01-27-09:31:08,7,1,1.63740
85,2022-01-27-09:31:11,1,6,3.53393
86,2022-01-27-09:31:15,6,4,3.44034
87,2022-01-27-09:31:17,4,3,2.14517
88,2022-01-27-09:31:19,3,7,2.15607
89,2022-01-27-09:31:21,7,3,2.13535
90,2022-01-27-09:31:25,3,6,3.63727
91,2022-01-27-09:31:28,6,0,3.44334
92,2022-01-27-09:31:30,0,7,1.94207
93,2022-01-27-09:31:32,7,1,1.69417
94,2022-01-27-09:31:33,1,0,1.03078
95,2022-01-27-09:31:35,0,7,1.93215
96,2022-01-27-09:31:38,7,5,2.59446
97,2022-01-27-09:31:41,5,6,3.08685
98,2022-01-27-09:31:44,6,3,3.62957
99,2022-01-27-09:31:47,3,0,2.35445
100,2022-01-27-09:31:48,0,2,1.69485
101,2022-01-27-09:31:51,2,7,2.64062
102,2022-01-27-09:31:53,7,1,1.68536
103,2022-01-27-09:31:55,1,3,2.20472
104,2022-01-27-09:31:57,3,7,2.13091
105,2022-01-27-09:31:59,7,0,1.92270
106,2022-01-27-09:32:02,0,6,3.43500
107,2022-01-27-09:32:05,6,2,3.10261
108,2022-01-27-09:32:07,2,4,1.75950
109,2022-01-27-09:32:09,4,1,1.29452
110,2022-01-27-09:32:10,1,0,0.99022
111,2022-01-27-09:32:11,0,7,1.93241
112,2022-01-27-09:32:13,7,4,1.86389
113,2022-01-27-09:32:15,4,7,1.86418
114,2022-01-27-09:32:19,7,6,3.98940
115,2022-01-27-09:32:23,6,0,3.43541
116,2022-01-27-09:32:24,0,4,1.56385
117,2022-01-27-09:32:26,4,7,1.87838
118,2022-01-27-09:32:28,7,4,1.86247
119,2022-01-27-09:32:29,4,0,1.50025
120,2022-01-27-09:32:30,0,1,1.05989
121,2022-01-27-09:32:32,1,7,1.69678
122,2022-01-27-09:32:34,7,1,1.69967
123,2022-01-27-09:32:36,1,2,1.96969
124,2022-01-27-09:32:37,2,5,1.52730
125,2022-01-27-09:32:39,5,4,1.79040
126,2022-01-27-09:32:40,4,1,1.32856
127,2022-01-27-09:32:42,1,7,1.68508
128,2022-01-27-09:32:44,7,4,1.84408
129,2022-01-27-09:32:46,4,2,1.76082
130,2022-01-27-09:32:47,2,0,1.71916
131,2022-01-27-09:32:49,0,4,1.55410
132,2022-01-27-09:32:53,4,6,3.50453
133,2022-01-27-09:32:56,6,1,3.53594
134,2022-01-27-09:32:57,1,0,1.09058
135,2022-01-27-09:32:59,0,5,1.85386
136,2022-01-27-09:33:02,5,7,2.61520
137,2022-01-27-09:33:04,7,3,2.17133
138,2022-01-27-09:33:06,3,5,2.17228
139,2022-01-27-09:33:08,5,4,1.80542
140,2022-01-27-09:33:09,4,1,1.33637
141,2022-01-27-09:33:11,1,2,1.94244
142,2022-01-27-09:33:13,2,1,1.98580
143,2022-01-27-09:33:14,1,0,1.01530
144,2022-01-27-09:33:16,0,3,2.39157
145,2022-01-27-09:33:19,3,1,2.23300
146,2022-01-27-09:33:22,1,6,3.53086
147,2022-01-27-09:33:25,6,2,3.09853
148,2022-01-27-09:33:28,2,7,2.58092
149,2022-01-27-09:33:32,7,6,3.97488
150,2022-01-27-09:33:35,6,2,3.09890
151,2022-01-27-09:33:37,2,1,1.97343
152,2022-01-27-09:33:38,1,4,1.32632
153,2022-01-27-09:33:40,4,3,2.14239
154,2022-01-27-09:33:43,3,4,2.15237
155,2022-01-27-09:33:44,4,0,1.52020
156,2022-01-27-09:33:46,0,4,1.53171
157,2022-01-27-09:33:49,4,6,3.45200
158,2022-01-27-09:33:53,6,3,3.59566
159,2022-01-27-09:33:55,3,2,2.54416
160,2022-01-27-09:33:58,2,7,2.56266
161,2022-01-27-09:34:00,7,2,2.56233
162,2022-01-27-09:34:03,2,7,2.56155
163,2022-01-27-09:34:05,7,5,2.56289
164,2022-01-27-09:34:07,5,0,1.89159
165,2022-01-27-09:34:10,0,3,2.35729
166,2022-01-27-09:34:12,3,1,2.18370
167,2022-01-27-09:34:15,1,6,3.52827
168,2022-01-27-09:34:19,6,3,3.64966
169,2022-01-27-09:34:21,3,0,2.34458
170,2022-01-27-09:34:23,0,7,1.94186
171,2022-01-27-09:34:27,7,6,4.02296
172,2022-01-27-09:34:31,6,4,3.42630
173,2022-01-27-09:34:32,4,0,1.52555
174,2022-01-27-09:34:34,0,7,1.91788
175,2022-01-27-09:34:37,7,2,2.55877
176,2022-01-27-09:34:39,2,4,1.75857
177,2022-01-27-09:34:41,4,3,2.12780
178,2022-01-27-09:34:43,3,0,2.38603
179,2022-01-27-09:34:45,0,7,1.91961
180,2022-01-27-09:34:47,7,3,2.12393
181,2022-01-27-09:34:51,3,6,3.65815
182,2022-01-27-09:34:54,6,5,3.08765
183,2022-01-27-09:34:56,5,7,2.59430
184,2022-01-27-09:34:59,7,2,2.59485
185,2022-01-27-09:35:01,2,0,1.72939
186,2022-01-27-09:35:03,0,2,1.77061
187,2022-01-27-09:35:04,2,4,1.79343
188,2022-01-27-09:35:08,4,6,3.43335
189,2022-01-27-09:35:11,6,5,3.14858
190,2022-01-27-09:35:13,5,4,1.78599
191,2022-01-27-09:35:15,4,5,1.75631
192,2022-01-27-09:35:16,5,4,1.79839
193,2022-01-27-09:35:18,4,0,1.52519
194,2022-01-27-09:35:19,0,4,1.51273
195,2022-01-27-09:35:21,4,2,1.74995
196,2022-01-27-09:35:23,2,0,1.72964
197,2022-01-27-09:35:24,0,4,1.52193
198,2022-01-27-09:35:28,4,6,3.46705
199,2022-01-27-09:35:31,6,2,3.06966
200,2022-01-27-09:35:32,2,5,1.54096
201,2022-01-27-09:35:36,5,6,3.14744
202,2022-01-27-09:35:39,6,5,3.11092
203,2022-01-27-09:35:41,5,0,1.88808
204,2022-01-27-09:35:42,0,4,1.52139
205,2022-01-27-09:35:44,4,2,1.72322
206,2022-01-27-09:35:46,2,3,2.58961
207,2022-01-27-09:35:49,3,5,2.15569
208,2022-01-27-09:35:50,5,1,1.92058
209,2022-01-27-09:35:52,1,5,1.92749
210,2022-01-27-09:35:55,5,7,2.59310
211,2022-01-27-09:35:57,7,0,1.93067
212,2022-01-27-09:36:00,0,6,3.46862
213,2022-01-27-09:36:04,6,5,3.11732
214,2022-01-27-09:36:06,5,3,2.20882
215,2022-01-27-09:36:09,3,6,3.63968
216,2022-01-27-09:36:13,6,0,3.53337
217,2022-01-27-09:36:14,0,1,0.98472
218,2022-01-27-09:36:16,1,7,1.65717
219,2022-01-27-09:36:17,7,4,1.83417
220,2022-01-27-09:36:19,4,1,1.32128
221,2022-01-27-09:36:21,1,3,2.23881
222,2022-01-27-09:36:23,3,4,2.10089
223,2022-01-27-09:36:25,4,7,1.89546
224,2022-01-27-09:36:27,7,1,1.68751
225,2022-01-27-09:36:29,1,5,1.89583
226,2022-01-27-09:36:31,5,3,2.19269
227,2022-01-27-09:36:33,3,4,2.08566
228,2022-01-27-09:36:35,4,7,1.89092
229,2022-01-27-09:36:37,7,0,1.89967
230,2022-01-27-09:36:40,0,6,3.43257
231,2022-01-27-09:36:43,6,5,3.06027
232,2022-01-27-09:36:45,5,2,1.51941
233,2022-01-27-09:36:46,2,0,1.72830
234,2022-01-27-09:36:48,0,5,1.85751
235,2022-01-27-09:36:51,5,6,3.08539
236,2022-01-27-09:36:54,6,2,3.05998
237,2022-01-27-09:36:56,2,1,1.98798
238,2022-01-27-09:36:58,1,4,1.31470
239,2022-01-27-09:36:59,4,5,1.75644
240,2022-01-27-09:37:01,5,2,1.52349
241,2022-01-27-09:37:04,2,3,2.60572
242,2022-01-27-09:37:06,3,0,2.39471
243,2022-01-27-09:37:07,0,1,0.98890
244,2022-01-27-09:37:10,1,6,3.58484
245,2022-01-27-09:37:14,6,0,3.43172
246,2022-01-27-09:37:15,0,1,1.01664
247,2022-01-27-09:37:17,1,3,2.22140
248,2022-01-27-09:37:19,3,1,2.23533
249,2022-01-27-09:37:21,1,5,1.92243
250,2022-01-27-09:37:23,5,1,1.93496
251,2022-01-27-09:37:25,1,4,1.30407
252,2022-01-27-09:37:26,4,0,1.52497
253,2022-01-27-09:37:28,0,4,1.54165
254,2022-01-27-09:37:29,4,5,1.77023
255,2022-01-27-09:37:32,5,3,2.19796
256,2022-01-27-09:37:34,3,1,2.24278
257,2022-01-27-09:37:35,1,0,1.09172
258,2022-01-27-09:37:37,0,2,1.75548
259,2022-01-27-09:37:39,2,3,2.59359
260,2022-01-27-09:37:42,3,0,2.36601
261,2022-01-27-09:37:44,0,3,2.37497
262,2022-01-27-09:37:46,3,4,2.23344
263,2022-01-27-09:37:48,4,0,1.53144
264,2022-01-27-09:37:50,0,5,1.88840
265,2022-01-27-09:37:52,5,7,2.58155
266,2022-01-27-09:37:55,7,5,2.55753
267,2022-01-27-09:37:57,5,3,2.23436
268,2022-01-27-09:38:01,3,6,3.65012
269,2022-01-27-09:38:05,6,7,4.03894
270,2022-01-27-09:38:09,7,6,3.99877
271,2022-01-27-09:38:13,6,7,3.99804
272,2022-01-27-09:38:17,7,6,4.00200
273,2022-01-27-09:38:20,6,2,3.10130
274,2022-01-27-09:38:22,2,1,1.95628
275,2022-01-27-09:38:24,1,3,2.23206
276,2022-01-27-09:38:26,3,5,2.20119
277,2022-01-27-09:38:28,5,2,1.52365
278,2022-01-27-09:38:29,2,0,1.68852
279,2022-01-27-09:38:31,0,2,1.72660
280,2022-01-27-09:38:34,2,6,3.10008
281,2022-01-27-09:38:38,6,0,3.43191
282,2022-01-27-09:38:39,0,1,1.05186
283,2022-01-27-09:38:41,1,3,2.22424
284,2022-01-27-09:38:43,3,7,2.12512
285,2022-01-27-09:38:45,7,1,1.64132
286,2022-01-27-09:38:46,1,0,1.03984
287,2022-01-27-09:38:48,0,2,1.71433
288,2022-01-27-09:38:49,2,0,1.72163
289,2022-01-27-09:38:51,0,5,1.85217
290,2022-01-27-09:38:53,5,0,1.88572
291,2022-01-27-09:38:54,0,1,1.04655
292,2022-01-27-09:38:55,1,0,1.01865
293,2022-01-27-09:38:57,0,2,1.73349
294,2022-01-27-09:38:59,2,0,1.78950
295,2022-01-27-09:39:00,0,1,1.01942
296,2022-01-27-09:39:01,1,5,1.92746
297,2022-01-27-09:39:03,5,2,1.52177
298,2022-01-27-09:39:05,2,1,1.95331
299,2022-01-27-09:39:06,1,0,1.01612
300,2022-01-27-09:39:09,0,6,3.46332
301,2022-01-27-09:39:13,6,7,4.00995
302,2022-01-27-09:39:16,7,5,2.55525
303,2022-01-27-09:39:18,5,3,2.17595
304,2022-01-27-09:39:21,3,2,2.59265
305,2022-01-27-09:39:23,2,1,1.94931
306,2022-01-27-09:39:25,1,3,2.21921
307,2022-01-27-09:39:27,3,7,2.13037
308,2022-01-27-09:39:29,7,1,1.64656
309,2022-01-27-09:39:31,1,5,1.92295
310,2022-01-27-09:39:32,5,4,1.78060
311,2022-01-27-09:39:34,4,0,1.56537
312,2022-01-27-09:39:35,0,1,1.03309
313,2022-01-27-09:39:36,1,4,1.32528
314,2022-01-27-09:39:38,4,7,1.85826
315,2022-01-27-09:39:42,7,6,4.04283
316,2022-01-27-09:39:46,6,1,3.53593
317,2022-01-27-09:39:49,1,6,3.55056
318,2022-01-27-09:39:53,6,0,3.43072
319,2022-01-27-09:39:55,0,7,1.92165
320,2022-01-27-09:39:57,7,0,1.90582
321,2022-01-27-09:39:58,0,4,1.51819
322,2022-01-27-09:40:02,4,6,3.44597
323,2022-01-27-09:40:05,6,0,3.45112
324,2022-01-27-09:40:07,0,5,1.85084
325,2022-01-27-09:40:09,5,0,1.85571
326,2022-01-27-09:40:11,0,3,2.36880
327,2022-01-27-09:40:15,3,6,3.63189
328,2022-01-27-09:40:18,6,3,3.63216
329,2022-01-27-09:40:21,3,0,2.40118
330,2022-01-27-09:40:22,0,4,1.54432
331,2022-01-27-09:40:24,4,3,2.15914
332,2022-01-27-09:40:27,3,4,2.12983
333,2022-01-27-09:40:29,4,3,2.14022
334,2022-01-27-09:40:31,3,4,2.12642
335,2022-01-27-09:40:34,4,6,3.43365
336,2022-01-27-09:40:38,6,0,3.46898
337,2022-01-27-09:40:41,0,6,3.43121
338,2022-01-27-09:40:45,6,1,3.54841
339,2022-01-27-09:40:47,1,3,2.28697
340,2022-01-27-09:40:49,3,1,2.29542
341,2022-01-27-09:40:51,1,2,1.92862
342,2022-01-27-09:40:54,2,3,2.56098
343,2022-01-27-09:40:56,3,0,2.32471
344,2022-01-27-09:40:58,0,2,1.75194
345,2022-01-27-09:41:01,2,3,2.61009
346,2022-01-27-09:41:03,3,4,2.12857
347,2022-01-27-09:41:04,4,0,1.53003
348,2022-01-27-09:41:06,0,4,1.52923
349,2022-01-27-09:41:08,4,7,1.86461
350,2022-01-27-09:41:10,7,5,2.62150
351,2022-01-27-09:41:12,5,4,1.75956
352,2022-01-27-09:41:15,4,6,3.42650
353,2022-01-27-09:41:19,6,3,3.61175
354,2022-01-27-09:41:21,3,1,2.22838
355,2022-01-27-09:41:23,1,4,1.38946
356,2022-01-27-09:41:24,4,1,1.32381
357,2022-01-27-09:41:26,1,2,1.99418
358,2022-01-27-09:41:29,2,6,3.06265
359,2022-01-27-09:41:32,6,4,3.43562
360,2022-01-27-09:41:34,4,1,1.31828
361,2022-01-27-09:41:36,1,5,1.92447
362,2022-01-27-09:41:38,5,7,2.55618
363,2022-01-27-09:41:41,7,5,2.59435
364,2022-01-27-09:41:42,5,2,1.54107
365,2022-01-27-09:41:44,2,5,1.52222
366,2022-01-27-09:41:46,5,7,2.53925
367,2022-01-27-09:41:48,7,1,1.66474
368,2022-01-27-09:41:52,1,6,3.55149
369,2022-01-27-09:41:55,6,5,3.10170
370,2022-01-27-09:41:57,5,4,1.78527
371,2022-01-27-09:41:58,4,1,1.33893
372,2022-01-27-09:42:00,1,3,2.18244
373,2022-01-27-09:42:02,3,5,2.16241
374,2022-01-27-09:42:04,5,0,1.88274
375,2022-01-27-09:42:06,0,7,1.89932
376,2022-01-27-09:42:09,7,5,2.56328
377,2022-01-27-09:42:11,5,7,2.59792
378,2022-01-27-09:42:13,7,4,1.84459
379,2022-01-27-09:42:15,4,2,1.78719
380,2022-01-27-09:42:17,2,3,2.58631
381,2022-01-27-09:42:19,3,4,2.12875
382,2022-01-27-09:42:21,4,2,1.79442
383,2022-01-27-09:42:23,2,4,1.80623
384,2022-01-27-09:42:25,4,5,1.79984
385,2022-01-27-09:42:27,5,0,1.88177
386,2022-01-27-09:42:29,0,7,1.92727
387,2022-01-27-09:42:31,7,5,2.58986
388,2022-01-27-09:42:33,5,4,1.78862
389,2022-01-27-09:42:37,4,6,3.44805
390,2022-01-27-09:42:40,6,3,3.64122
391,2022-01-27-09:42:43,3,2,2.56559
392,2022-01-27-09:42:44,2,0,1.75757
393,2022-01-27-09:42:46,0,2,1.72870
394,2022-01-27-09:42:48,2,0,1.74100
395,2022-01-27-09:42:50,0,2,1.73648
396,2022-01-27-09:42:51,2,5,1.53310
397,2022-01-27-09:42:53,5,2,1.54170
398,2022-01-27-09:42:55,2,7,2.60929
399,2022-01-27-09:42:58,7,3,2.12425
400,2022-01-27-09:43:01,3,6,3.65760
401,2022-01-27-09:43:05,6,1,3.53790
402,2022-01-27-09:43:06,1,7,1.70288
403,2022-01-27-09:43:10,7,6,4.04091
404,2022-01-27-09:43:14,6,7,4.01199
405,2022-01-27-09:43:18,7,6,4.00099
406,2022-01-27-09:43:22,6,4,3.47435
407,2022-01-27-09:43:23,4,1,1.39206
408,2022-01-27-09:43:27,1,6,3.63325
409,2022-01-27-09:43:31,6,7,3.96737
410,2022-01-27-09:43:33,7,3,2.12839
411,2022-01-27-09:43:37,3,6,3.66327
412,2022-01-27-09:43:40,6,5,3.09970
413,2022-01-27-09:43:43,5,6,3.10311
414,2022-01-27-09:43:47,6,7,3.99332
415,2022-01-27-09:43:50,7,5,2.61062
416,2022-01-27-09:43:51,5,1,1.91096
417,2022-01-27-09:43:54,1,3,2.22624
418,2022-01-27-09:43:56,3,4,2.13013
419,2022-01-27-09:43:57,4,1,1.32021
420,2022-01-27-09:43:59,1,5,1.94083
421,2022-01-27-09:44:01,5,2,1.53199
422,2022-01-27-09:44:02,2,0,1.72031
423,2022-01-27-09:44:04,0,2,1.72004
424,2022-01-27-09:44:06,2,5,1.52150
425,2022-01-27-09:44:07,5,2,1.56385
426,2022-01-27-09:44:10,2,3,2.63067
427,2022-01-27-09:44:12,3,5,2.17971
428,2022-01-27-09:44:15,5,6,3.10619
429,2022-01-27-09:44:18,6,0,3.44395
430,2022-01-27-09:44:20,0,1,1.07936
431,2022-01-27-09:44:22,1,3,2.22171
432,2022-01-27-09:44:24,3,1,2.22150
433,2022-01-27-09:44:26,1,2,1.99475
434,2022-01-27-09:44:28,2,1,2.02469
435,2022-01-27-09:44:29,1,0,1.15604
436,2022-01-27-09:44:32,0,3,2.37469
437,2022-01-27-09:44:34,3,4,2.18896
438,2022-01-27-09:44:36,4,7,1.86810
439,2022-01-27-09:44:38,7,3,2.12386
440,2022-01-27-09:44:40,3,2,2.57735
441,2022-01-27-09:44:42,2,4,1.78704
442,2022-01-27-09:44:44,4,3,2.12524
443,2022-01-27-09:44:46,3,4,2.07279
444,2022-01-27-09:44:48,4,7,1.87101
445,2022-01-27-09:44:52,7,6,4.00831
446,2022-01-27-09:44:56,6,7,4.01441
447,2022-01-27-09:45:00,7,6,3.99594
448,2022-01-27-09:45:04,6,7,3.94454
449,2022-01-27-09:45:07,7,5,2.59556
450,2022-01-27-09:45:09,5,7,2.58044
451,2022-01-27-09:45:11,7,4,1.86168
452,2022-01-27-09:45:13,4,3,2.11062
453,2022-01-27-09:45:15,3,4,2.13141
454,2022-01-27-09:45:17,4,1,1.31997
455,2022-01-27-09:45:20,1,6,3.54824
456,2022-01-27-09:45:24,6,4,3.44403
457,2022-01-27-09:45:25,4,2,1.75496
458,2022-01-27-09:45:27,2,5,1.52354
459,2022-01-27-09:45:29,5,4,1.75441
460,2022-01-27-09:45:31,4,2,1.75888
461,2022-01-27-09:45:32,2,4,1.75383
462,2022-01-27-09:45:34,4,0,1.52950
463,2022-01-27-09:45:36,0,3,2.36490
464,2022-01-27-09:45:39,3,0,2.39817
465,2022-01-27-09:45:40,0,4,1.53123
466,2022-01-27-09:45:42,4,0,1.50268
467,2022-01-27-09:45:43,0,1,1.04370
468,2022-01-27-09:45:46,1,6,3.60662
469,2022-01-27-09:45:49,6,5,3.06767
470,2022-01-27-09:45:51,5,1,1.94170
471,2022-01-27-09:45:52,1,0,1.02115
472,2022-01-27-09:45:54,0,7,1.93138
473,2022-01-27-09:45:56,7,3,2.12296
474,2022-01-27-09:45:59,3,0,2.36152
475,2022-01-27-09:46:00,0,4,1.52131
476,2022-01-27-09:46:04,4,6,3.44983
477,2022-01-27-09:46:07,6,4,3.43717
478,2022-01-27-09:46:09,4,2,1.79922
479,2022-01-27-09:46:11,2,4,1.85363
480,2022-01-27-09:46:13,4,2,1.77867
481,2022-01-27-09:46:15,2,7,2.59731
482,2022-01-27-09:46:19,7,6,4.02478
483,2022-01-27-09:46:23,6,1,3.54261
484,2022-01-27-09:46:24,1,4,1.32514
485,2022-01-27-09:46:27,4,6,3.44233
486,2022-01-27-09:46:31,6,1,3.52623
487,2022-01-27-09:46:32,1,4,1.31199
488,2022-01-27-09:46:34,4,5,1.79353
489,2022-01-27-09:46:36,5,3,2.18821
490,2022-01-27-09:46:38,3,4,2.11649
491,2022-01-27-09:46:40,4,5,1.78419
492,2022-01-27-09:46:42,5,0,1.88719
493,2022-01-27-09:46:44,0,2,1.71706
494,2022-01-27-09:46:46,2,1,1.98415
495,2022-01-27-09:46:47,1,7,1.71688
496,2022-01-27-09:46:49,7,4,1.88100
497,2022-01-27-09:46:53,4,6,3.44036
498,2022-01-27-09:46:56,6,3,3.62965
499,2022-01-27-09:46:59,3,1,2.25275
500,2022-01-27-09:47:00,1,0,1.04966
501,2022-01-27-09:47:03,0,6,3.42770
502,2022-01-27-09:47:06,6,5,3.12225
503,2022-01-27-09:47:08,5,1,1.90777
504,2022-01-27-09:47:12,1,6,3.52349
505,2022-01-27-09:47:16,6,7,4.01534
506,2022-01-27-09:47:18,7,2,2.58155
507,2022-01-27-09:47:21,2,3,2.56976
508,2022-01-27-09:47:23,3,7,2.11641
509,2022-01-27-09:47:25,7,1,1.75455
510,2022-01-27-09:47:27,1,5,1.94216
511,2022-01-27-09:47:30,5,6,3.08554
512,2022-01-27-09:47:33,6,4,3.42773
513,2022-01-27-09:47:35,4,7,1.83959
514,2022-01-27-09:47:37,7,4,1.86290
515,2022-01-27-09:47:38,4,1,1.33675
516,2022-01-27-09:47:40,1,2,1.95224
517,2022-01-27-09:47:42,2,4,1.75687
518,2022-01-27-09:47:44,4,3,2.12536
519,2022-01-27-09:47:48,3,6,3.63043
520,2022-01-27-09:47:51,6,5,3.08987
521,2022-01-27-09:47:54,5,6,3.12668
522,2022-01-27-09:47:57,6,4,3.42902
523,2022-01-27-09:47:59,4,0,1.49069
524,2022-01-27-09:48:00,0,1,1.04834
525,2022-01-27-09:48:01,1,0,1.02057
526,2022-01-27-09:48:03,0,5,1.89326
527,2022-01-27-09:48:04,5,2,1.51870
528,2022-01-27-09:48:07,2,6,3.09109
529,2022-01-27-09:48:11,6,7,4.03305
530,2022-01-27-09:48:15,7,6,3.99670
531,2022-01-27-09:48:19,6,5,3.10702
532,2022-01-27-09:48:20,5,1,1.87993
533,2022-01-27-09:48:22,1,0,1.05098
534,2022-01-27-09:48:24,0,3,2.35452
535,2022-01-27-09:48:27,3,6,3.61339
536,2022-01-27-09:48:31,6,7,4.00101
537,2022-01-27-09:48:33,7,0,1.93201
538,2022-01-27-09:48:36,0,3,2.36715
539,2022-01-27-09:48:38,3,4,2.13545
540,2022-01-27-09:48:40,4,2,1.75962
541,2022-01-27-09:48:41,2,5,1.51860
542,2022-01-27-09:48:44,5,6,3.09177
543,2022-01-27-09:48:48,6,7,4.00495
544,2022-01-27-09:48:50,7,1,1.68547
545,2022-01-27-09:48:52,1,7,1.65763
546,2022-01-27-09:48:54,7,0,1.90103
547,2022-01-27-09:48:55,0,4,1.53816
548,2022-01-27-09:48:58,4,6,3.42254
549,2022-01-27-09:49:02,6,0,3.43733
550,2022-01-27-09:49:04,0,2,1.73084
551,2022-01-27-09:49:05,2,5,1.52908
552,2022-01-27-09:49:07,5,3,2.20334
553,2022-01-27-09:49:10,3,0,2.38854
554,2022-01-27-09:49:11,0,4,1.51515
555,2022-01-27-09:49:13,4,1,1.31360
556,2022-01-27-09:49:15,1,2,2.01400
557,2022-01-27-09:49:16,2,4,1.74867
558,2022-01-27-09:49:18,4,0,1.52275
559,2022-01-27-09:49:20,0,2,1.71437
560,2022-01-27-09:49:21,2,5,1.55358
561,2022-01-27-09:49:23,5,3,2.18557
562,2022-01-27-09:49:27,3,6,3.62740
563,2022-01-27-09:49:31,6,7,3.99803
564,2022-01-27-09:49:33,7,1,1.72615
565,2022-01-27-09:49:35,1,5,1.92555
566,2022-01-27-09:49:37,5,1,1.93081
567,2022-01-27-09:49:38,1,0,1.04046
568,2022-01-27-09:49:39,0,5,1.89103
569,2022-01-27-09:49:41,5,4,1.82513
570,2022-01-27-09:49:43,4,1,1.38826
571,2022-01-27-09:49:45,1,2,1.99110
572,2022-01-27-09:49:46,2,5,1.59538
573,2022-01-27-09:49:48,5,4,1.79207
574,2022-01-27-09:49:50,4,0,1.52068
575,2022-01-27-09:49:53,0,6,3.45689
576,2022-01-27-09:49:57,6,0,3.43867
577,2022-01-27-09:49:59,0,3,2.37810
578,2022-01-27-09:50:01,3,4,2.13105
579,2022-01-27-09:50:02,4,1,1.31633
580,2022-01-27-09:50:04,1,4,1.32625
581,2022-01-27-09:50:06,4,7,1.89225
582,2022-01-27-09:50:07,7,1,1.71581
583,2022-01-27-09:50:08,1,0,1.01768
584,2022-01-27-09:50:10,0,2,1.73271
585,2022-01-27-09:50:13,2,7,2.58885
586,2022-01-27-09:50:15,7,0,1.91818
587,2022-01-27-09:50:16,0,4,1.52228
588,2022-01-27-09:50:18,4,5,1.80886
589,2022-01-27-09:50:20,5,7,2.58950
590,2022-01-27-09:50:22,7,1,1.68405
591,2022-01-27-09:50:26,1,6,3.54782
592,2022-01-27-09:50:29,6,3,3.63852
593,2022-01-27-09:50:31,3,7,2.12179
594,2022-01-27-09:50:33,7,4,1.92803
595,2022-01-27-09:50:35,4,5,1.73594
596,2022-01-27-09:50:37,5,0,1.90026
597,2022-01-27-09:50:39,0,2,1.72578
598,2022-01-27-09:50:41,2,7,2.57139
599,2022-01-27-09:50:44,7,5,2.63174
600,2022-01-27-09:50:45,5,2,1.55176
601,2022-01-27-09:50:47,2,1,1.95343
602,2022-01-27-09:50:51,1,6,3.55469
603,2022-01-27-09:50:54,6,5,3.10529
604,2022-01-27-09:50:57,5,6,3.12855
605,2022-01-27-09:51:01,6,1,3.53715
606,2022-01-27-09:51:03,1,3,2.23432
607,2022-01-27-09:51:07,3,6,3.61270
608,2022-01-27-09:51:10,6,5,3.09230
609,2022-01-27-09:51:12,5,3,2.14837
610,2022-01-27-09:51:15,3,6,3.63553
611,2022-01-27-09:51:19,6,5,3.10182
612,2022-01-27-09:51:21,5,1,1.92688
613,2022-01-27-09:51:22,1,2,1.96733
614,2022-01-27-09:51:24,2,1,1.99618
615,2022-01-27-09:51:27,1,2,2.08019
616,2022-01-27-09:51:29,2,3,2.55886
617,2022-01-27-09:51:32,3,0,2.39499
618,2022-01-27-09:51:33,0,5,1.88427
619,2022-01-27-09:51:36,5,3,2.20746
620,2022-01-27-09:51:38,3,0,2.36780
621,2022-01-27-09:51:40,0,3,2.36270
622,2022-01-27-09:51:43,3,5,2.20099
623,2022-01-27-09:51:44,5,2,1.51936
624,2022-01-27-09:51:46,2,1,1.98599
625,2022-01-27-09:51:50,1,6,3.55717
626,2022-01-27-09:51:53,6,4,3.46960
627,2022-01-27-09:51:55,4,5,1.84360
628,2022-01-27-09:51:57,5,4,1.82031
629,2022-01-27-09:51:58,4,2,1.76489
630,2022-01-27-09:52:01,2,3,2.60913
631,2022-01-27-09:52:03,3,1,2.22441
632,2022-01-27-09:52:05,1,2,1.96923
633,2022-01-27-09:52:07,2,0,1.73449
634,2022-01-27-09:52:10,0,6,3.44990
635,2022-01-27-09:52:14,6,2,3.09254
636,2022-01-27-09:52:15,2,0,1.72204
637,2022-01-27-09:52:16,0,1,1.06824
638,2022-01-27-09:52:20,1,6,3.53082
639,2022-01-27-09:52:23,6,4,3.43144
640,2022-01-27-09:52:25,4,1,1.33527
641,2022-01-27-09:52:26,1,0,1.08184
642,2022-01-27-09:52:28,0,3,2.39001
643,2022-01-27-09:52:30,3,4,2.12609
644,2022-01-27-09:52:32,4,1,1.32446
645,2022-01-27-09:52:35,1,6,3.55495
646,2022-01-27-09:52:39,6,4,3.44279
647,2022-01-27-09:52:40,4,7,1.85743
648,2022-01-27-09:52:42,7,1,1.70530
649,2022-01-27-09:52:44,1,7,1.70626
650,2022-01-27-09:52:48,7,6,4.03421
651,2022-01-27-09:52:51,6,1,3.54271
652,2022-01-27-09:52:53,1,5,1.91315
653,2022-01-27-09:52:55,5,2,1.51855
654,2022-01-27-09:52:58,2,6,3.09414
655,2022-01-27-09:53:01,6,2,3.09317
656,2022-01-27-09:53:03,2,4,1.80552
657,2022-01-27-09:53:06,4,6,3.44133
658,2022-01-27-09:53:10,6,4,3.41971
659,2022-01-27-09:53:11,4,1,1.33815
660,2022-01-27-09:53:13,1,2,1.92593
661,2022-01-27-09:53:15,2,4,1.77684
662,2022-01-27-09:53:17,4,3,2.13581
663,2022-01-27-09:53:19,3,2,2.59966
664,2022-01-27-09:53:23,2,6,3.16359
665,2022-01-27-09:53:26,6,3,3.65496
666,2022-01-27-09:53:28,3,4,2.15278
667,2022-01-27-09:53:30,4,2,1.76234
668,2022-01-27-09:53:33,2,3,2.62473
669,2022-01-27-09:53:35,3,0,2.37850
670,2022-01-27-09:53:37,0,4,1.54306
671,2022-01-27-09:53:38,4,1,1.31515
672,2022-01-27-09:53:40,1,3,2.22337
673,2022-01-27-09:53:43,3,0,2.34240
674,2022-01-27-09:53:44,0,2,1.73284
675,2022-01-27-09:53:46,2,4,1.78558
676,2022-01-27-09:53:48,4,0,1.51946
677,2022-01-27-09:53:50,0,7,1.90987
678,2022-01-27-09:53:51,7,1,1.69485
679,2022-01-27-09:53:53,1,2,1.97394
680,2022-01-27-09:53:56,2,7,2.59696
681,2022-01-27-09:54:00,7,6,4.00198
682,2022-01-27-09:54:04,6,7,4.07401
683,2022-01-27-09:54:07,7,5,2.64417
684,2022-01-27-09:54:10,5,6,3.07978
685,2022-01-27-09:54:13,6,0,3.43238
686,2022-01-27-09:54:15,0,2,1.78154
687,2022-01-27-09:54:17,2,7,2.58836
688,2022-01-27-09:54:20,7,3,2.18288
689,2022-01-27-09:54:22,3,1,2.24091
690,2022-01-27-09:54:24,1,3,2.25981
691,2022-01-27-09:54:26,3,5,2.26791
692,2022-01-27-09:54:29,5,3,2.16974
693,2022-01-27-09:54:31,3,1,2.24529
694,2022-01-27-09:54:32,1,4,1.33797
695,2022-01-27-09:54:34,4,5,1.82903
696,2022-01-27-09:54:36,5,2,1.57786
697,2022-01-27-09:54:38,2,7,2.56437
698,2022-01-27-09:54:40,7,3,2.18613
699,2022-01-27-09:54:43,3,0,2.37651
700,2022-01-27-09:54:45,0,3,2.41219
701,2022-01-27-09:54:47,3,4,2.15269
702,2022-01-27-09:54:49,4,2,1.77272
703,2022-01-27-09:54:52,2,6,3.08206
704,2022-01-27-09:54:55,6,5,3.09738
705,2022-01-27-09:54:57,5,3,2.25271
706,2022-01-27-09:55:00,3,5,2.22120
707,2022-01-27-09:55:03,5,6,3.10027
708,2022-01-27-09:55:06,6,1,3.59768
709,2022-01-27-09:55:08,1,7,1.67157
710,2022-01-27-09:55:10,7,0,1.91179
711,2022-01-27-09:55:12,0,7,1.94702
712,2022-01-27-09:55:16,7,6,4.01392
713,2022-01-27-09:55:19,6,0,3.44041
714,2022-01-27-09:55:23,0,6,3.47541
715,2022-01-27-09:55:26,6,1,3.54837
716,2022-01-27-09:55:28,1,2,1.99105
717,2022-01-27-09:55:31,2,7,2.57157
718,2022-01-27-09:55:33,7,3,2.10536
719,2022-01-27-09:55:35,3,7,2.13978
720,2022-01-27-09:55:38,7,5,2.56516
721,2022-01-27-09:55:40,5,7,2.61156
722,2022-01-27-09:55:42,7,4,1.90620
723,2022-01-27-09:55:44,4,7,1.87184
724,2022-01-27-09:55:47,7,5,2.56948
725,2022-01-27-09:55:49,5,3,2.16659
726,2022-01-27-09:55:52,3,2,2.64187
727,2022-01-27-09:55:53,2,4,1.76645
728,2022-01-27-09:55:55,4,1,1.31522
729,2022-01-27-09:55:56,1,7,1.67178
730,2022-01-27-09:56:00,7,6,3.99565
731,2022-01-27-09:56:04,6,4,3.42932
732,2022-01-27-09:56:06,4,7,1.90074
733,2022-01-27-09:56:08,7,0,1.94864
734,2022-01-27-09:56:09,0,1,1.01320
735,2022-01-27-09:56:11,1,3,2.27500
736,2022-01-27-09:56:13,3,0,2.44420
737,2022-01-27-09:56:15,0,5,1.90071
738,2022-01-27-09:56:18,5,6,3.10053
739,2022-01-27-09:56:22,6,7,4.05154
740,2022-01-27-09:56:25,7,5,2.58780
741,2022-01-27-09:56:28,5,7,2.60510
742,2022-01-27-09:56:30,7,2,2.58521
743,2022-01-27-09:56:33,2,3,2.73057
744,2022-01-27-09:56:35,3,0,2.40306
745,2022-01-27-09:56:37,0,2,1.82341
746,2022-01-27-09:56:39,2,4,1.75264
747,2022-01-27-09:56:41,4,7,1.88930
748,2022-01-27-09:56:43,7,3,2.12418
749,2022-01-27-09:56:45,3,4,2.15070
750,2022-01-27-09:56:46,4,1,1.42620
751,2022-01-27-09:56:48,1,7,1.69123
752,2022-01-27-09:56:51,7,5,2.55932
753,2022-01-27-09:56:53,5,3,2.20277
754,2022-01-27-09:56:55,3,0,2.36803
755,2022-01-27-09:56:57,0,5,1.90751
756,2022-01-27-09:56:59,5,3,2.18828
757,2022-01-27-09:57:03,3,6,3.68732
758,2022-01-27-09:57:07,6,1,3.54804
759,2022-01-27-09:57:08,1,7,1.69914
760,2022-01-27-09:57:10,7,4,1.89721
761,2022-01-27-09:57:12,4,3,2.12052
762,2022-01-27-09:57:15,3,2,2.57709
763,2022-01-27-09:57:17,2,4,1.76163
764,2022-01-27-09:57:18,4,0,1.49129
765,2022-01-27-09:57:19,0,1,1.05505
766,2022-01-27-09:57:23,1,6,3.54818
767,2022-01-27-09:57:26,6,1,3.53136
768,2022-01-27-09:57:27,1,0,1.02419
769,2022-01-27-09:57:29,0,7,1.91536
770,2022-01-27-09:57:31,7,1,1.68816
771,2022-01-27-09:57:34,1,6,3.56052
772,2022-01-27-09:57:38,6,2,3.11135
773,2022-01-27-09:57:40,2,7,2.58487
774,2022-01-27-09:57:42,7,0,1.91819
775,2022-01-27-09:57:44,0,2,1.73330
776,2022-01-27-09:57:45,2,5,1.58671
777,2022-01-27-09:57:47,5,1,1.92968
778,2022-01-27-09:57:49,1,2,2.00274
779,2022-01-27-09:57:52,2,3,2.62779
780,2022-01-27-09:57:56,3,6,3.68547
781,2022-01-27-09:57:59,6,5,3.14480
782,2022-01-27-09:58:01,5,3,2.15662
783,2022-01-27-09:58:04,3,2,2.58206
784,2022-01-27-09:58:05,2,0,1.73209
785,2022-01-27-09:58:07,0,7,1.92679
786,2022-01-27-09:58:10,7,2,2.59007
787,2022-01-27-09:58:12,2,0,1.71750
788,2022-01-27-09:58:14,0,3,2.40498
789,2022-01-27-09:58:16,3,0,2.40655
790,2022-01-27-09:58:19,0,3,2.39822
791,2022-01-27-09:58:21,3,1,2.22810
792,2022-01-27-09:58:22,1,4,1.31985
793,2022-01-27-09:58:24,4,7,1.86009
794,2022-01-27-09:58:27,7,2,2.63397
795,2022-01-27-09:58:29,2,4,1.76176
796,2022-01-27-09:58:30,4,1,1.32762
797,2022-01-27-09:58:32,1,7,1.72095
798,2022-01-27-09:58:36,7,6,4.00926
799,2022-01-27-09:58:39,6,3,3.62895
800,2022-01-27-09:58:41,3,5,2.16745
801,2022-01-27-09:58:43,5,1,1.94359
802,2022-01-27-09:58:44,1,0,1.08341
803,2022-01-27-09:58:46,0,2,1.73872
804,2022-01-27-09:58:48,2,4,1.74497
805,2022-01-27-09:58:50,4,2,1.76839
806,2022-01-27-09:58:52,2,1,1.96176
807,2022-01-27-09:58:54,1,5,1.95358
808,2022-01-27-09:58:56,5,1,1.93661
809,2022-01-27-09:58:58,1,2,1.98477
810,2022-01-27-09:58:59,2,0,1.72762
811,2022-01-27-09:59:01,0,7,1.95632
812,2022-01-27-09:59:04,7,5,2.59194
813,2022-01-27-09:59:06,5,0,1.89988
814,2022-01-27-09:59:07,0,1,1.09965
815,2022-01-27-09:59:09,1,2,2.02659
816,2022-01-27-09:59:10,2,5,1.52207
817,2022-01-27-09:59:13,5,6,3.07558
818,2022-01-27-09:59:17,6,0,3.43843
819,2022-01-27-09:59:19,0,5,1.87544
820,2022-01-27-09:59:21,5,4,1.79513
821,2022-01-27-09:59:22,4,1,1.33852
822,2022-01-27-09:59:23,1,4,1.33262
823,2022-01-27-09:59:25,4,0,1.55220
824,2022-01-27-09:59:26,0,4,1.54057
825,2022-01-27-09:59:30,4,6,3.44984
826,2022-01-27-09:59:33,6,5,3.06911
827,2022-01-27-09:59:36,5,6,3.13375
828,2022-01-27-09:59:40,6,7,4.00096
829,2022-01-27-09:59:43,7,2,2.60638
830,2022-01-27-09:59:45,2,1,1.96017
831,2022-01-27-09:59:46,1,2,1.95738
832,2022-01-27-09:59:48,2,5,1.53386
833,2022-01-27-09:59:50,5,2,1.52398
834,2022-01-27-09:59:51,2,0,1.74466
835,2022-01-27-09:59:53,0,5,1.89061
836,2022-01-27-09:59:56,5,6,3.09685
837,2022-01-27-10:00:00,6,0,3.45254
838,2022-01-27-10:00:01,0,4,1.52023
839,2022-01-27-10:00:03,4,2,1.78348
840,2022-01-27-10:00:05,2,5,1.51798
841,2022-01-27-10:00:08,5,6,3.13178
842,2022-01-27-10:00:11,6,2,3.10244
843,2022-01-27-10:00:13,2,1,1.98173
844,2022-01-27-10:00:14,1,7,1.68905
845,2022-01-27-10:00:16,7,1,1.71198
846,2022-01-27-10:00:17,1,4,1.35265
847,2022-01-27-10:00:19,4,2,1.80527
848,2022-01-27-10:00:22,2,6,3.09891
849,2022-01-27-10:00:26,6,3,3.62618
850,2022-01-27-10:00:30,3,6,3.67398
851,2022-01-27-10:00:34,6,7,3.99720
852,2022-01-27-10:00:36,7,0,1.92693
853,2022-01-27-10:00:37,0,4,1.53309
854,2022-01-27-10:00:39,4,7,1.91999
855,2022-01-27-10:00:43,7,6,4.01818
856,2022-01-27-10:00:46,6,5,3.09721
857,2022-01-27-10:00:48,5,4,1.81802
858,2022-01-27-10:00:50,4,2,1.78338
859,2022-01-27-10:00:52,2,4,1.77843
860,2022-01-27-10:00:53,4,0,1.52422
861,2022-01-27-10:00:55,0,4,1.52622
862,2022-01-27-10:00:57,4,3,2.13988
863,2022-01-27-10:00:59,3,7,2.14598
864,2022-01-27-10:01:01,7,3,2.16162
865,2022-01-27-10:01:05,3,6,3.65500
866,2022-01-27-10:01:08,6,3,3.63810
867,2022-01-27-10:01:11,3,4,2.13283
868,2022-01-27-10:01:12,4,1,1.31748
869,2022-01-27-10:01:15,1,6,3.54233
870,2022-01-27-10:01:18,6,5,3.09279
871,2022-01-27-10:01:21,5,3,2.20678
872,2022-01-27-10:01:23,3,0,2.39691
873,2022-01-27-10:01:25,0,3,2.40071
874,2022-01-27-10:01:29,3,6,3.67212
875,2022-01-27-10:01:33,6,7,4.04166
876,2022-01-27-10:01:36,7,2,2.61883
877,2022-01-27-10:01:38,2,3,2.59121
878,2022-01-27-10:01:41,3,1,2.22432
879,2022-01-27-10:01:43,1,5,1.93754
880,2022-01-27-10:01:45,5,3,2.19147
881,2022-01-27-10:01:47,3,0,2.39208
882,2022-01-27-10:01:50,0,3,2.39753
883,2022-01-27-10:01:52,3,1,2.23595
884,2022-01-27-10:01:55,1,6,3.57091
885,2022-01-27-10:01:59,6,0,3.45085
886,2022-01-27-10:02:00,0,4,1.52251
887,20