date,init_position,final_position,time
1,2022-01-07-22:38:28,-1,6,3.234688
2,2022-01-07-22:38:31,6,2,3.061353
3,2022-01-07-22:38:33,2,1,1.964218
4,2022-01-07-22:38:36,1,6,3.539369
5,2022-01-07-22:38:40,6,0,3.408490
6,2022-01-07-22:38:42,0,3,2.343060
7,2022-01-07-22:38:44,3,4,2.099146
8,2022-01-07-22:38:45,4,1,1.321354
9,2022-01-07-22:38:47,1,5,1.881077
10,2022-01-07-22:38:49,5,4,1.717572
11,2022-01-07-22:38:52,4,6,3.431094
12,2022-01-07-22:38:56,6,0,3.416130
13,2022-01-07-22:38:58,0,7,1.891016
14,2022-01-07-22:38:59,7,1,1.628136
15,2022-01-07-22:39:03,1,6,3.517592
16,2022-01-07-22:39:06,6,4,3.429622
17,2022-01-07-22:39:10,4,6,3.434109
18,2022-01-07-22:39:13,6,1,3.611502
19,2022-01-07-22:39:15,1,2,1.956105
20,2022-01-07-22:39:17,2,0,1.710390
21,2022-01-07-22:39:20,0,6,3.455290
22,2022-01-07-22:39:24,6,4,3.539114
23,2022-01-07-22:39:25,4,1,1.315735
24,2022-01-07-22:39:26,1,0,0.980533
25,2022-01-07-22:39:27,0,1,1.034180
26,2022-01-07-22:39:29,1,4,1.276515
27,2022-01-07-22:39:31,4,3,2.120308
28,2022-01-07-22:39:33,3,5,2.133131
29,2022-01-07-22:39:35,5,0,1.884256
30,2022-01-07-22:39:38,0,6,3.434051
31,2022-01-07-22:39:42,6,7,4.002145
32,2022-01-07-22:39:45,7,5,2.541700
33,2022-01-07-22:39:48,5,6,3.039953
34,2022-01-07-22:39:51,6,0,3.448715
35,2022-01-07-22:39:54,0,3,2.326969
36,2022-01-07-22:39:56,3,0,2.398558
37,2022-01-07-22:39:59,0,6,3.437301
38,2022-01-07-22:40:03,6,4,3.428032
39,2022-01-07-22:40:04,4,0,1.482014
40,2022-01-07-22:40:07,0,3,2.341510
41,2022-01-07-22:40:10,3,6,3.630122
42,2022-01-07-22:40:14,6,4,3.434014
43,2022-01-07-22:40:15,4,0,1.484598
44,2022-01-07-22:40:17,0,7,1.905125
45,2022-01-07-22:40:19,7,0,1.885571
46,2022-01-07-22:40:22,0,6,3.431651
47,2022-01-07-22:40:26,6,7,3.955717
48,2022-01-07-22:40:30,7,6,4.027976
49,2022-01-07-22:40:34,6,7,3.965637
50,2022-01-07-22:40:36,7,4,1.839970
51,2022-01-07-22:40:37,4,1,1.281784
52,2022-01-07-22:40:40,1,3,2.209195
53,2022-01-07-22:40:42,3,5,2.135044
54,2022-01-07-22:40:45,5,6,3.075186
55,2022-01-07-22:40:48,6,3,3.627756
56,2022-01-07-22:40:51,3,7,2.127431
57,2022-01-07-22:40:53,7,0,1.897047
58,2022-01-07-22:40:55,0,3,2.355029
59,2022-01-07-22:40:57,3,0,2.288021
60,2022-01-07-22:40:59,0,2,1.697158
61,2022-01-07-22:41:01,2,7,2.550920
62,2022-01-07-22:41:03,7,0,1.879397
63,2022-01-07-22:41:05,0,7,1.880680
64,2022-01-07-22:41:08,7,5,2.527031
65,2022-01-07-22:41:10,5,0,1.829289
66,2022-01-07-22:41:12,0,3,2.380399
67,2022-01-07-22:41:14,3,5,2.144004
68,2022-01-07-22:41:16,5,0,1.837071
69,2022-01-07-22:41:18,0,2,1.715816
70,2022-01-07-22:41:19,2,0,1.718100
71,2022-01-07-22:41:23,0,6,3.463053
72,2022-01-07-22:41:27,6,7,3.992963
73,2022-01-07-22:41:31,7,6,3.976045
74,2022-01-07-22:41:34,6,4,3.435731
75,2022-01-07-22:41:36,4,0,1.484439
76,2022-01-07-22:41:38,0,3,2.353516
77,2022-01-07-22:41:42,3,6,3.630660
78,2022-01-07-22:41:45,6,0,3.447724
79,2022-01-07-22:41:47,0,7,1.901462
80,2022-01-07-22:41:49,7,0,1.884493
81,2022-01-07-22:41:51,0,3,2.334660
82,2022-01-07-22:41:53,3,7,2.116839
83,2022-01-07-22:41:55,7,1,1.632665
84,2022-01-07-22:41:57,1,2,1.918395
85,2022-01-07-22:42:00,2,6,3.047035
86,2022-01-07-22:42:03,6,0,3.427566
87,2022-01-07-22:42:04,0,1,0.983949
88,2022-01-07-22:42:05,1,0,0.983103
89,2022-01-07-22:42:07,0,7,1.895236
90,2022-01-07-22:42:09,7,1,1.622856
91,2022-01-07-22:42:10,1,4,1.283315
92,2022-01-07-22:42:12,4,3,2.103203
93,2022-01-07-22:42:14,3,7,2.088987
94,2022-01-07-22:42:17,7,5,2.561893
95,2022-01-07-22:42:19,5,4,1.747636
96,2022-01-07-22:42:21,4,3,2.118794
97,2022-01-07-22:42:23,3,2,2.560386
98,2022-01-07-22:42:26,2,6,3.103148
99,2022-01-07-22:42:30,6,0,3.436529
100,2022-01-07-22:42:31,0,4,1.525677
101,2022-01-07-22:42:33,4,2,1.748801
102,2022-01-07-22:42:36,2,3,2.549614
103,2022-01-07-22:42:38,3,1,2.190330
104,2022-01-07-22:42:39,1,4,1.280711
105,2022-01-07-22:42:41,4,0,1.486989
106,2022-01-07-22:42:42,0,1,1.046796
107,2022-01-07-22:42:43,1,0,1.030353
108,2022-01-07-22:42:45,0,7,1.926666
109,2022-01-07-22:42:46,7,4,1.833627
110,2022-01-07-22:42:48,4,5,1.753249
111,2022-01-07-22:42:51,5,6,3.063127
112,2022-01-07-22:42:55,6,1,3.537738
113,2022-01-07-22:42:56,1,7,1.635555
114,2022-01-07-22:42:59,7,3,2.085079
115,2022-01-07-22:43:01,3,5,2.163264
116,2022-01-07-22:43:04,5,6,3.046795
117,2022-01-07-22:43:07,6,1,3.534441
118,2022-01-07-22:43:11,1,6,3.538803
119,2022-01-07-22:43:14,6,3,3.598256
120,2022-01-07-22:43:17,3,2,2.546080
121,2022-01-07-22:43:20,2,6,3.108392
122,2022-01-07-22:43:23,6,2,3.126355
123,2022-01-07-22:43:26,2,7,2.583806
124,2022-01-07-22:43:30,7,6,3.967904
125,2022-01-07-22:43:34,6,7,3.956236
126,2022-01-07-22:43:38,7,6,3.990126
127,2022-01-07-22:43:42,6,7,3.972214
128,2022-01-07-22:43:44,7,3,2.119523
129,2022-01-07-22:43:46,3,5,2.189328
130,2022-01-07-22:43:49,5,6,3.112856
131,2022-01-07-22:43:53,6,4,3.430927
132,2022-01-07-22:43:55,4,3,2.133878
133,2022-01-07-22:43:58,3,6,3.636243
134,2022-01-07-22:44:02,6,3,3.627815
135,2022-01-07-22:44:04,3,5,2.134601
136,2022-01-07-22:44:06,5,4,1.734903
137,2022-01-07-22:44:08,4,5,1.743724
138,2022-01-07-22:44:09,5,2,1.535650
139,2022-01-07-22:44:11,2,0,1.677142
140,2022-01-07-22:44:13,0,5,1.852580
141,2022-01-07-22:44:15,5,1,1.940419
142,2022-01-07-22:44:17,1,2,1.930445
143,2022-01-07-22:44:20,2,6,3.063162
144,2022-01-07-22:44:23,6,0,3.412696
145,2022-01-07-22:44:25,0,7,1.917230
146,2022-01-07-22:44:27,7,4,1.862419
147,2022-01-07-22:44:29,4,5,1.755562
148,2022-01-07-22:44:30,5,0,1.850328
149,2022-01-07-22:44:32,0,5,1.831769
150,2022-01-07-22:44:34,5,4,1.750629
151,2022-01-07-22:44:36,4,5,1.723659
152,2022-01-07-22:44:39,5,6,3.064641
153,2022-01-07-22:44:42,6,2,3.054270
154,2022-01-07-22:44:44,2,1,1.936790
155,2022-01-07-22:44:45,1,7,1.712810
156,2022-01-07-22:44:47,7,0,1.897126
157,2022-01-07-22:44:49,0,4,1.503726
158,2022-01-07-22:44:51,4,7,1.850261
159,2022-01-07-22:44:53,7,0,1.884807
160,2022-01-07-22:44:54,0,5,1.818926
161,2022-01-07-22:44:56,5,0,1.879113
162,2022-01-07-22:44:59,0,3,2.335814
163,2022-01-07-22:45:01,3,4,2.103583
164,2022-01-07-22:45:04,4,6,3.395163
165,2022-01-07-22:45:07,6,0,3.384474
166,2022-01-07-22:45:09,0,5,1.833333
167,2022-01-07-22:45:11,5,1,1.883981
168,2022-01-07-22:45:13,1,3,2.235659
169,2022-01-07-22:45:16,3,7,2.110640
170,2022-01-07-22:45:19,7,6,3.934121
171,2022-01-07-22:45:23,6,0,3.406935
172,2022-01-07-22:45:26,0,6,3.443427
173,2022-01-07-22:45:30,6,0,3.482681
174,2022-01-07-22:45:33,0,6,3.488062
175,2022-01-07-22:45:37,6,7,4.004038
176,2022-01-07-22:45:40,7,5,2.591162
177,2022-01-07-22:45:43,5,6,3.064709
178,2022-01-07-22:45:46,6,4,3.393164
179,2022-01-07-22:45:48,4,5,1.749301
180,2022-01-07-22:45:50,5,0,1.833842
181,2022-01-07-22:45:51,0,4,1.535095
182,2022-01-07-22:45:53,4,7,1.825825
183,2022-01-07-22:45:55,7,3,2.118093
184,2022-01-07-22:45:58,3,5,2.150992
185,2022-01-07-22:46:00,5,1,1.922974
186,2022-01-07-22:46:02,1,3,2.218226
187,2022-01-07-22:46:04,3,4,2.084248
188,2022-01-07-22:46:07,4,6,3.431795
189,2022-01-07-22:46:10,6,2,3.057086
190,2022-01-07-22:46:13,2,3,2.594028
191,2022-01-07-22:46:15,3,1,2.223333
192,2022-01-07-22:46:16,1,4,1.318154
193,2022-01-07-22:46:18,4,7,1.853446
194,2022-01-07-22:46:20,7,3,2.133041
195,2022-01-07-22:46:23,3,5,2.128712
196,2022-01-07-22:46:24,5,4,1.738312
197,2022-01-07-22:46:26,4,1,1.319157
198,2022-01-07-22:46:27,1,5,1.886898
199,2022-01-07-22:46:29,5,1,1.880851
200,2022-01-07-22:46:31,1,4,1.287148
201,2022-01-07-22:46:33,4,7,1.855561
202,2022-01-07-22:46:35,7,2,2.578833
203,2022-01-07-22:46:37,2,5,1.535142
204,2022-01-07-22:46:38,5,2,1.665808
205,2022-01-07-22:46:40,2,5,1.509456
206,2022-01-07-22:46:42,5,1,1.924219
207,2022-01-07-22:46:43,1,4,1.313170
208,2022-01-07-22:46:47,4,6,3.478551
209,2022-01-07-22:46:50,6,1,3.531095
210,2022-01-07-22:46:52,1,2,1.950739
211,2022-01-07-22:46:54,2,1,1.957421
212,2022-01-07-22:46:56,1,5,1.921742
213,2022-01-07-22:46:59,5,6,3.049403
214,2022-01-07-22:47:02,6,4,3.443696
215,2022-01-07-22:47:05,4,3,2.138874
216,2022-01-07-22:47:07,3,2,2.536394
217,2022-01-07-22:47:09,2,1,1.930755
218,2022-01-07-22:47:11,1,7,1.693516
219,2022-01-07-22:47:13,7,3,2.128410
220,2022-01-07-22:47:15,3,5,2.144458
221,2022-01-07-22:47:16,5,2,1.520255
222,2022-01-07-22:47:18,2,1,1.951288
223,2022-01-07-22:47:19,1,0,1.013981
224,2022-01-07-22:47:21,0,2,1.767785
225,2022-01-07-22:47:24,2,3,2.645917
226,2022-01-07-22:47:26,3,4,2.106813
227,2022-01-07-22:47:28,4,5,1.780221
228,2022-01-07-22:47:30,5,7,2.542423
229,2022-01-07-22:47:34,7,6,3.997622
230,2022-01-07-22:47:37,6,5,3.142649
231,2022-01-07-22:47:41,5,6,3.128497
232,2022-01-07-22:47:44,6,4,3.433340
233,2022-01-07-22:47:46,4,3,2.134658
234,2022-01-07-22:47:48,3,7,2.129007
235,2022-01-07-22:47:50,7,3,2.119603
236,2022-01-07-22:47:54,3,6,3.645482
237,2022-01-07-22:47:58,6,3,3.629797
238,2022-01-07-22:48:01,3,6,3.633606
239,2022-01-07-22:48:05,6,0,3.442937
240,2022-01-07-22:48:06,0,4,1.523274
241,2022-01-07-22:48:08,4,7,1.849346
242,2022-01-07-22:48:10,7,3,2.113701
243,2022-01-07-22:48:14,3,6,3.639376
244,2022-01-07-22:48:17,6,5,3.036698
245,2022-01-07-22:48:19,5,0,1.888404
246,2022-01-07-22:48:21,0,2,1.729178
247,2022-01-07-22:48:23,2,7,2.535670
248,2022-01-07-22:48:26,7,5,2.535867
249,2022-01-07-22:48:27,5,4,1.736338
250,2022-01-07-22:48:31,4,6,3.431508
251,2022-01-07-22:48:34,6,2,3.075245
252,2022-01-07-22:48:36,2,1,1.934277
253,2022-01-07-22:48:38,1,3,2.214072
254,2022-01-07-22:48:40,3,7,2.087593
255,2022-01-07-22:48:42,7,1,1.653824
256,2022-01-07-22:48:44,1,3,2.219827
257,2022-01-07-22:48:46,3,2,2.569311
258,2022-01-07-22:48:48,2,0,1.691263
259,2022-01-07-22:48:50,0,7,1.920123
260,2022-01-07-22:48:53,7,2,2.554852
261,2022-01-07-22:48:56,2,6,3.055863
262,2022-01-07-22:48:59,6,1,3.532865
263,2022-01-07-22:49:01,1,3,2.226874
264,2022-01-07-22:49:04,3,0,2.367258
265,2022-01-07-22:49:05,0,4,1.526436
266,2022-01-07-22:49:07,4,3,2.111292
267,2022-01-07-22:49:10,3,1,2.240728
268,2022-01-07-22:49:12,1,5,1.917762
269,2022-01-07-22:49:14,5,0,1.866116
270,2022-01-07-22:49:15,0,7,1.885513
271,2022-01-07-22:49:17,7,3,2.094621
272,2022-01-07-22:49:20,3,4,2.130380
273,2022-01-07-22:49:22,4,3,2.085274
274,2022-01-07-22:49:24,3,0,2.354079
275,2022-01-07-22:49:26,0,5,1.864812
276,2022-01-07-22:49:28,5,3,2.119946
277,2022-01-07-22:49:31,3,2,2.533592
278,2022-01-07-22:49:32,2,4,1.724398
279,2022-01-07-22:49:36,4,6,3.467044
280,2022-01-07-22:49:39,6,4,3.397243
281,2022-01-07-22:49:43,4,6,3.427611
282,2022-01-07-22:49:46,6,0,3.426272
283,2022-01-07-22:49:48,0,5,1.850997
284,2022-01-07-22:49:50,5,4,1.749773
285,2022-01-07-22:49:51,4,5,1.738945
286,2022-01-07-22:49:53,5,1,1.927731
287,2022-01-07-22:49:57,1,6,3.564927
288,2022-01-07-22:50:00,6,2,3.053201
289,2022-01-07-22:50:02,2,7,2.547949
290,2022-01-07-22:50:04,7,0,1.888175
291,2022-01-07-22:50:06,0,4,1.505656
292,2022-01-07-22:50:07,4,0,1.524450
293,2022-01-07-22:50:08,0,1,1.010072
294,2022-01-07-22:50:10,1,5,1.921147
295,2022-01-07-22:50:12,5,3,2.135996
296,2022-01-07-22:50:15,3,1,2.206625
297,2022-01-07-22:50:16,1,4,1.304780
298,2022-01-07-22:50:18,4,3,2.131572
299,2022-01-07-22:50:21,3,2,2.553682
300,2022-01-07-22:50:22,2,0,1.693574
301,2022-01-07-22:50:25,0,3,2.348913
302,2022-01-07-22:50:27,3,2,2.596110
303,2022-01-07-22:50:30,2,6,3.062026
304,2022-01-07-22:50:34,6,7,3.943816
305,2022-01-07-22:50:37,7,5,2.533889
306,2022-01-07-22:50:38,5,2,1.489529
307,2022-01-07-22:50:41,2,3,2.553051
308,2022-01-07-22:50:43,3,5,2.152098
309,2022-01-07-22:50:45,5,1,1.891851
310,2022-01-07-22:50:48,1,6,3.511388
311,2022-01-07-22:50:52,6,0,3.512524
312,2022-01-07-22:50:54,0,7,1.932061
313,2022-01-07-22:50:56,7,4,1.863035
314,2022-01-07-22:50:59,4,6,3.431311
315,2022-01-07-22:51:03,6,4,3.447671
316,2022-01-07-22:51:06,4,6,3.427779
317,2022-01-07-22:51:10,6,3,3.604733
318,2022-01-07-22:51:12,3,0,2.360441
319,2022-01-07-22:51:13,0,1,1.015122
320,2022-01-07-22:51:15,1,5,1.915579
321,2022-01-07-22:51:17,5,7,2.537069
322,2022-01-07-22:51:19,7,1,1.666535
323,2022-01-07-22:51:21,1,3,2.206823
324,2022-01-07-22:51:25,3,6,3.583268
325,2022-01-07-22:51:28,6,2,3.084572
326,2022-01-07-22:51:30,2,1,1.938129
327,2022-01-07-22:51:34,1,6,3.551755
328,2022-01-07-22:51:37,6,0,3.500277
329,2022-01-07-22:51:39,0,2,1.716527
330,2022-01-07-22:51:40,2,4,1.730531
331,2022-01-07-22:51:43,4,3,2.137668
332,2022-01-07-22:51:45,3,7,2.116950
333,2022-01-07-22:51:47,7,3,2.120288
334,2022-01-07-22:51:49,3,1,2.225242
335,2022-01-07-22:51:53,1,6,3.560192
336,2022-01-07-22:51:56,6,0,3.440887
337,2022-01-07-22:51:58,0,2,1.722118
338,2022-01-07-22:52:01,2,6,3.093981
339,2022-01-07-22:52:04,6,2,3.093246
340,2022-01-07-22:52:07,2,3,2.540130
341,2022-01-07-22:52:09,3,0,2.344566
342,2022-01-07-22:52:11,0,2,1.722060
343,2022-01-07-22:52:13,2,7,2.594419
344,2022-01-07-22:52:17,7,6,4.003554
345,2022-01-07-22:52:21,6,0,3.438799
346,2022-01-07-22:52:23,0,7,1.895834
347,2022-01-07-22:52:25,7,3,2.146515
348,2022-01-07-22:52:27,3,1,2.204506
349,2022-01-07-22:52:29,1,2,1.968159
350,2022-01-07-22:52:31,2,7,2.593267
351,2022-01-07-22:52:33,7,1,1.694913
352,2022-01-07-22:52:37,1,6,3.545402
353,2022-01-07-22:52:41,6,7,4.017490
354,2022-01-07-22:52:45,7,6,3.986671
355,2022-01-07-22:52:49,6,7,3.979159
356,2022-01-07-22:52:51,7,0,1.902323
357,2022-01-07-22:52:52,0,5,1.863138
358,2022-01-07-22:52:55,5,7,2.583202
359,2022-01-07-22:52:57,7,4,1.864456
360,2022-01-07-22:52:58,4,0,1.547308
361,2022-01-07-22:53:00,0,2,1.723951
362,2022-01-07-22:53:03,2,3,2.606047
363,2022-01-07-22:53:05,3,5,2.170256
364,2022-01-07-22:53:07,5,1,1.926433
365,2022-01-07-22:53:08,1,0,0.996765
366,2022-01-07-22:53:10,0,5,1.855152
367,2022-01-07-22:53:12,5,7,2.581043
368,2022-01-07-22:53:14,7,3,2.122514
369,2022-01-07-22:53:17,3,5,2.168075
370,2022-01-07-22:53:20,5,6,3.096821
371,2022-01-07-22:53:23,6,0,3.422136
372,2022-01-07-22:53:25,0,5,1.862250
373,2022-01-07-22:53:27,5,3,2.160739
374,2022-01-07-22:53:31,3,6,3.642714
375,2022-01-07-22:53:34,6,1,3.531816
376,2022-01-07-22:53:36,1,7,1.622190
377,2022-01-07-22:53:40,7,6,3.965809
378,2022-01-07-22:53:44,6,7,3.993709
379,2022-01-07-22:53:46,7,1,1.682374
380,2022-01-07-22:53:47,1,4,1.306526
381,2022-01-07-22:53:49,4,7,1.862536
382,2022-01-07-22:53:51,7,4,1.900059
383,2022-01-07-22:53:52,4,5,1.735259
384,2022-01-07-22:53:54,5,0,1.874379
385,2022-01-07-22:53:56,0,5,1.877759
386,2022-01-07-22:53:58,5,0,1.852678
387,2022-01-07-22:53:59,0,4,1.516788
388,2022-01-07-22:54:01,4,0,1.516986
389,2022-01-07-22:54:03,0,2,1.820424
390,2022-01-07-22:54:05,2,0,1.723734
391,2022-01-07-22:54:06,0,2,1.734900
392,2022-01-07-22:54:08,2,1,1.949065
393,2022-01-07-22:54:10,1,5,1.931176
394,2022-01-07-22:54:12,5,4,1.741178
395,2022-01-07-22:54:15,4,6,3.379579
396,2022-01-07-22:54:18,6,5,3.068721
397,2022-01-07-22:54:20,5,4,1.731603
398,2022-01-07-22:54:24,4,6,3.458174
399,2022-01-07-22:54:27,6,3,3.591970
400,2022-01-07-22:54:30,3,0,2.387688
401,2022-01-07-22:54:31,0,1,1.052508
402,2022-01-07-22:54:32,1,4,1.287846
403,2022-01-07-22:54:34,4,3,2.128647
404,2022-01-07-22:54:36,3,0,2.364998
405,2022-01-07-22:54:37,0,1,1.047715
406,2022-01-07-22:54:41,1,6,3.558511
407,2022-01-07-22:54:44,6,2,3.028206
408,2022-01-07-22:54:47,2,7,2.569740
409,2022-01-07-22:54:48,7,4,1.837473
410,2022-01-07-22:54:50,4,5,1.746556
411,2022-01-07-22:54:52,5,1,1.899298
412,2022-01-07-22:54:54,1,7,1.710914
413,2022-01-07-22:54:56,7,3,2.139285
414,2022-01-07-22:54:58,3,1,2.196512
415,2022-01-07-22:54:59,1,0,1.023417
416,2022-01-07-22:55:03,0,6,3.438840
417,2022-01-07-22:55:06,6,2,3.055648
418,2022-01-07-22:55:08,2,7,2.592027
419,2022-01-07-22:55:10,7,1,1.650849
420,2022-01-07-22:55:12,1,7,1.680712
421,2022-01-07-22:55:16,7,6,3.993394
422,2022-01-07-22:55:19,6,3,3.621199
423,2022-01-07-22:55:22,3,2,2.548696
424,2022-01-07-22:55:23,2,5,1.524087
425,2022-01-07-22:55:26,5,7,2.539723
426,2022-01-07-22:55:28,7,0,1.958638
427,2022-01-07-22:55:29,0,2,1.720107
428,2022-01-07-22:55:31,2,4,1.738057
429,2022-01-07-22:55:35,4,6,3.453276
430,2022-01-07-22:55:39,6,7,4.005776
431,2022-01-07-22:55:43,7,6,3.962673
432,2022-01-07-22:55:46,6,0,3.437189
433,2022-01-07-22:55:49,0,6,3.434032
434,2022-01-07-22:55:53,6,1,3.498147
435,2022-01-07-22:55:55,1,3,2.229577
436,2022-01-07-22:55:58,3,0,2.328364
437,2022-01-07-22:56:00,0,3,2.399510
438,2022-01-07-22:56:02,3,7,2.139550
439,2022-01-07-22:56:05,7,2,2.568750
440,2022-01-07-22:56:06,2,0,1.729755
441,2022-01-07-22:56:08,0,5,1.851127
442,2022-01-07-22:56:10,5,2,1.520372
443,2022-01-07-22:56:12,2,0,1.805617
444,2022-01-07-22:56:13,0,1,1.017414
445,2022-01-07-22:56:14,1,7,1.657139
446,2022-01-07-22:56:16,7,3,2.141442
447,2022-01-07-22:56:19,3,5,2.157921
448,2022-01-07-22:56:20,5,2,1.525913
449,2022-01-07-22:56:23,2,3,2.574999
450,2022-01-07-22:56:26,3,6,3.622742
451,2022-01-07-22:56:29,6,5,3.046950
452,2022-01-07-22:56:32,5,7,2.543079
453,2022-01-07-22:56:34,7,4,1.825214
454,2022-01-07-22:56:37,4,6,3.450583
455,2022-01-07-22:56:41,6,1,3.540926
456,2022-01-07-22:56:43,1,5,1.912709
457,2022-01-07-22:56:44,5,4,1.739145
458,2022-01-07-22:56:46,4,1,1.327807
459,2022-01-07-22:56:48,1,3,2.216968
460,2022-01-07-22:56:50,3,7,2.106470
461,2022-01-07-22:56:52,7,0,1.889803
462,2022-01-07-22:56:54,0,7,1.885641
463,2022-01-07-22:56:56,7,3,2.122895
464,2022-01-07-22:56:58,3,4,2.102413
465,2022-01-07-22:57:00,4,2,1.739552
466,2022-01-07-22:57:01,2,0,1.685445
467,2022-01-07-22:57:03,0,5,1.850685
468,2022-01-07-22:57:05,5,1,1.880567
469,2022-01-07-22:57:06,1,4,1.323766
470,2022-01-07-22:57:08,4,2,1.783196
471,2022-01-07-22:57:10,2,0,1.706202
472,2022-01-07-22:57:12,0,3,2.348227
473,2022-01-07-22:57:14,3,7,2.124486
474,2022-01-07-22:57:16,7,4,1.884363
475,2022-01-07-22:57:18,4,7,1.885208
476,2022-01-07-22:57:20,7,3,2.114424
477,2022-01-07-22:57:24,3,6,3.645636
478,2022-01-07-22:57:27,6,4,3.469740
479,2022-01-07-22:57:29,4,0,1.533384
480,2022-01-07-22:57:31,0,7,1.906386
481,2022-01-07-22:57:33,7,5,2.560013
482,2022-01-07-22:57:35,5,4,1.729419
483,2022-01-07-22:57:37,4,3,2.154352
484,2022-01-07-22:57:40,3,0,2.388876
485,2022-01-07-22:57:43,0,6,3.452022
486,2022-01-07-22:57:47,6,0,3.428645
487,2022-01-07-22:57:50,0,6,3.453012
488,2022-01-07-22:57:53,6,2,3.063518
489,2022-01-07-22:57:56,2,3,2.615483
490,2022-01-07-22:57:59,3,6,3.641106
491,2022-01-07-22:58:02,6,2,3.078083
492,2022-01-07-22:58:04,2,1,1.940789
493,2022-01-07-22:58:06,1,4,1.308160
494,2022-01-07-22:58:07,4,2,1.739962
495,2022-01-07-22:58:10,2,7,2.562379
496,2022-01-07-22:58:12,7,0,1.883837
497,2022-01-07-22:58:14,0,3,2.367908
498,2022-01-07-22:58:18,3,6,3.649809
499,2022-01-07-22:58:21,6,1,3.558038
500,2022-01-07-22:58:25,1,6,3.557150
501,2022-01-07-22:58:28,6,4,3.451049
502,2022-01-07-22:58:32,4,6,3.504738
503,2022-01-07-22:58:35,6,4,3.435188
504,2022-01-07-22:58:37,4,5,1.814861
505,2022-01-07-22:58:39,5,1,1.939153
506,2022-01-07-22:58:43,1,6,3.529454
507,2022-01-07-22:58:46,6,1,3.520474
508,2022-01-07-22:58:47,1,4,1.319293
509,2022-01-07-22:58:49,4,1,1.294066
510,2022-01-07-22:58:50,1,7,1.692467
511,2022-01-07-22:58:53,7,3,2.175881
512,2022-01-07-22:58:55,3,5,2.152538
513,2022-01-07-22:58:57,5,4,1.763477
514,2022-01-07-22:58:58,4,5,1.764503
515,2022-01-07-22:59:00,5,1,1.907646
516,2022-01-07-22:59:04,1,6,3.535174
517,2022-01-07-22:59:07,6,3,3.601535
518,2022-01-07-22:59:10,3,5,2.168851
519,2022-01-07-22:59:12,5,7,2.540265
520,2022-01-07-22:59:15,7,5,2.569190
521,2022-01-07-22:59:18,5,6,3.102735
522,2022-01-07-22:59:21,6,3,3.604922
523,2022-01-07-22:59:23,3,7,2.128302
524,2022-01-07-22:59:26,7,3,2.124553
525,2022-01-07-22:59:28,3,0,2.392270
526,2022-01-07-22:59:30,0,2,1.695985
527,2022-01-07-22:59:32,2,3,2.590990
528,2022-01-07-22:59:35,3,0,2.406874
529,2022-01-07-22:59:36,0,4,1.523153
530,2022-01-07-22:59:38,4,1,1.322111
531,2022-01-07-22:59:39,1,7,1.631640
532,2022-01-07-22:59:41,7,0,1.932237
533,2022-01-07-22:59:43,0,2,1.722161
534,2022-01-07-22:59:45,2,0,1.714036
535,2022-01-07-22:59:47,0,3,2.353745
536,2022-01-07-22:59:49,3,0,2.399522
537,2022-01-07-22:59:51,0,4,1.488009
538,2022-01-07-22:59:52,4,1,1.315879
539,2022-01-07-22:59:53,1,0,1.012452
540,2022-01-07-22:59:55,0,2,1.690564
541,2022-01-07-22:59:57,2,0,1.730837
542,2022-01-07-22:59:58,0,2,1.705967
543,2022-01-07-23:00:01,2,7,2.610440
544,2022-01-07-23:00:03,7,2,2.593741
545,2022-01-07-23:00:05,2,5,1.530839
546,2022-01-07-23:00:07,5,3,2.163752
547,2022-01-07-23:00:09,3,5,2.154739
548,2022-01-07-23:00:11,5,1,1.940664
549,2022-01-07-23:00:12,1,0,1.030760
550,2022-01-07-23:00:15,0,3,2.376302
551,2022-01-07-23:00:17,3,0,2.361535
552,2022-01-07-23:00:19,0,3,2.362652
553,2022-01-07-23:00:22,3,4,2.127786
554,2022-01-07-23:00:23,4,1,1.281191
555,2022-01-07-23:00:25,1,5,1.936885
556,2022-01-07-23:00:26,5,4,1.734944
557,2022-01-07-23:00:28,4,2,1.796588
558,2022-01-07-23:00:30,2,4,1.793159
559,2022-01-07-23:00:32,4,0,1.558839
560,2022-01-07-23:00:33,0,4,1.538862
561,2022-01-07-23:00:34,4,1,1.317078
562,2022-01-07-23:00:36,1,7,1.662481
563,2022-01-07-23:00:38,7,4,1.871120
564,2022-01-07-23:00:39,4,1,1.318801
565,2022-01-07-23:00:40,1,0,1.017795
566,2022-01-07-23:00:41,0,1,0.984265
567,2022-01-07-23:00:43,1,2,1.954328
568,2022-01-07-23:00:45,2,1,1.965152
569,2022-01-07-23:00:47,1,7,1.670001
570,2022-01-07-23:00:50,7,2,2.613139
571,2022-01-07-23:00:52,2,3,2.550443
572,2022-01-07-23:00:55,3,2,2.602913
573,2022-01-07-23:00:57,2,1,1.964138
574,2022-01-07-23:00:59,1,5,1.935812
575,2022-01-07-23:01:02,5,6,3.109242
576,2022-01-07-23:01:05,6,4,3.453924
577,2022-01-07-23:01:07,4,1,1.387111
578,2022-01-07-23:01:10,1,6,3.528418
579,2022-01-07-23:01:14,6,0,3.465962
580,2022-01-07-23:01:15,0,5,1.824463
581,2022-01-07-23:01:17,5,3,2.143133
582,2022-01-07-23:01:20,3,1,2.184884
583,2022-01-07-23:01:21,1,7,1.681688
584,2022-01-07-23:01:23,7,0,1.896558
585,2022-01-07-23:01:25,0,2,1.707302
586,2022-01-07-23:01:27,2,5,1.547108
587,2022-01-07-23:01:28,5,0,1.865399
588,2022-01-07-23:01:32,0,6,3.479693
589,2022-01-07-23:01:35,6,0,3.478109
590,2022-01-07-23:01:36,0,1,1.020853
591,2022-01-07-23:01:38,1,7,1.687430
592,2022-01-07-23:01:40,7,0,1.904448
593,2022-01-07-23:01:43,0,6,3.445425
594,2022-01-07-23:01:47,6,1,3.559137
595,2022-01-07-23:01:49,1,3,2.229197
596,2022-01-07-23:01:52,3,2,2.571879
597,2022-01-07-23:01:53,2,5,1.519912
598,2022-01-07-23:01:55,5,1,1.932041
599,2022-01-07-23:01:57,1,2,1.929964
600,2022-01-07-23:02:00,2,3,2.629848
601,2022-01-07-23:02:02,3,7,2.121056
602,2022-01-07-23:02:04,7,3,2.137101
603,2022-01-07-23:02:06,3,5,2.160628
604,2022-01-07-23:02:09,5,6,3.068298
605,2022-01-07-23:02:12,6,5,3.067711
606,2022-01-07-23:02:15,5,6,3.078345
607,2022-01-07-23:02:19,6,3,3.641066
608,2022-01-07-23:02:21,3,5,2.140471
609,2022-01-07-23:02:23,5,0,1.836265
610,2022-01-07-23:02:24,0,1,1.029429
611,2022-01-07-23:02:25,1,0,1.016261
612,2022-01-07-23:02:29,0,6,3.494213
613,2022-01-07-23:02:32,6,1,3.549423
614,2022-01-07-23:02:34,1,3,2.241662
615,2022-01-07-23:02:37,3,2,2.589323
616,2022-01-07-23:02:39,2,1,1.999110
617,2022-01-07-23:02:41,1,3,2.239698
618,2022-01-07-23:02:43,3,4,2.120760
619,2022-01-07-23:02:45,4,5,1.768940
620,2022-01-07-23:02:48,5,7,2.601677
621,2022-01-07-23:02:50,7,4,1.833123
622,2022-01-07-23:02:51,4,1,1.328480
623,2022-01-07-23:02:53,1,3,2.180336
624,2022-01-07-23:02:56,3,2,2.554878
625,2022-01-07-23:02:57,2,5,1.480934
626,2022-01-07-23:02:59,5,1,1.926754
627,2022-01-07-23:03:01,1,3,2.218469
628,2022-01-07-23:03:03,3,1,2.212229
629,2022-01-07-23:03:05,1,7,1.643292
630,2022-01-07-23:03:07,7,1,1.672563
631,2022-01-07-23:03:08,1,4,1.363697
632,2022-01-07-23:03:10,4,2,1.752555
633,2022-01-07-23:03:12,2,4,1.742455
634,2022-01-07-23:03:13,4,0,1.538220
635,2022-01-07-23:03:17,0,6,3.447821
636,2022-01-07-23:03:20,6,2,3.098831
637,2022-01-07-23:03:22,2,3,2.574215
638,2022-01-07-23:03:24,3,4,2.110710
639,2022-01-07-23:03:26,4,7,1.851224
640,2022-01-07-23:03:28,7,4,1.872603
641,2022-01-07-23:03:30,4,0,1.543139
642,2022-01-07-23:03:31,0,1,1.075409
643,2022-01-07-23:03:34,1,6,3.564212
644,2022-01-07-23:03:38,6,0,3.452973
645,2022-01-07-23:03:41,0,6,3.455570
646,2022-01-07-23:03:44,6,2,3.130950
647,2022-01-07-23:03:47,2,6,3.138957
648,2022-01-07-23:03:51,6,3,3.655112
649,2022-01-07-23:03:53,3,7,2.148331
650,2022-01-07-23:03:55,7,3,2.121214
651,2022-01-07-23:03:58,3,1,2.205216
652,2022-01-07-23:04:00,1,2,1.935845
653,2022-01-07-23:04:01,2,4,1.757426
654,2022-01-07-23:04:03,4,1,1.350861
655,2022-01-07-23:04:05,1,5,1.922357
656,2022-01-07-23:04:08,5,6,3.111000
657,2022-01-07-23:04:11,6,0,3.462558
658,2022-01-07-23:04:13,0,7,1.921343
659,2022-01-07-23:04:16,7,2,2.578924
660,2022-01-07-23:04:17,2,4,1.731349
661,2022-01-07-23:04:19,4,7,1.862769
662,2022-01-07-23:04:22,7,5,2.575854
663,2022-01-07-23:04:24,5,7,2.562766
664,2022-01-07-23:04:27,7,5,2.626211
665,2022-01-07-23:04:30,5,7,2.546994
666,2022-01-07-23:04:34,7,6,3.983422
667,2022-01-07-23:04:37,6,4,3.420216
668,2022-01-07-23:04:38,4,1,1.325036
669,2022-01-07-23:04:40,1,5,1.937554
670,2022-01-07-23:04:43,5,6,3.077268
671,2022-01-07-23:04:47,6,0,3.472186
672,2022-01-07-23:04:50,0,6,3.479212
673,2022-01-07-23:04:54,6,3,3.707579
674,2022-01-07-23:04:56,3,1,2.226276
675,2022-01-07-23:04:57,1,0,1.011087
676,2022-01-07-23:05:01,0,6,3.450834
677,2022-01-07-23:05:04,6,3,3.664478
678,2022-01-07-23:05:07,3,0,2.352159
679,2022-01-07-23:05:08,0,1,1.021491
680,2022-01-07-23:05:09,1,0,1.044664
681,2022-01-07-23:05:10,0,2,1.729037
682,2022-01-07-23:05:12,2,1,1.984129
683,2022-01-07-23:05:15,1,3,2.231420
684,2022-01-07-23:05:17,3,0,2.398508
685,2022-01-07-23:05:19,0,5,1.902359
686,2022-01-07-23:05:22,5,7,2.619412
687,2022-01-07-23:05:24,7,5,2.575448
688,2022-01-07-23:05:26,5,0,1.848263
689,2022-01-07-23:05:28,0,7,1.922631
690,2022-01-07-23:05:32,7,6,4.015267
691,2022-01-07-23:05:36,6,7,3.960222
692,2022-01-07-23:05:38,7,3,2.128511
693,2022-01-07-23:05:40,3,4,2.124138
694,2022-01-07-23:05:42,4,7,1.844601
695,2022-01-07-23:05:45,7,2,2.629368
696,2022-01-07-23:05:46,2,0,1.769798
697,2022-01-07-23:05:48,0,4,1.523198
698,2022-01-07-23:05:51,4,6,3.466063
699,2022-01-07-23:05:55,6,0,3.510798
700,2022-01-07-23:05:57,0,7,1.933566
701,2022-01-07-23:05:59,7,0,1.923274
702,2022-01-07-23:06:01,0,5,1.864387
703,2022-01-07-23:06:04,5,6,3.122822
704,2022-01-07-23:06:08,6,7,3.990974
705,2022-01-07-23:06:10,7,2,2.549279
706,2022-01-07-23:06:12,2,4,1.774670
707,2022-01-07-23:06:14,4,0,1.527009
708,2022-01-07-23:06:15,0,5,1.859749
709,2022-01-07-23:06:18,5,7,2.567004
710,2022-01-07-23:06:20,7,0,1.926223
711,2022-01-07-23:06:22,0,7,1.967797
712,2022-01-07-23:06:24,7,5,2.569598
713,2022-01-07-23:06:28,5,6,3.141188
714,2022-01-07-23:06:31,6,3,3.634005
715,2022-01-07-23:06:33,3,5,2.155602
716,2022-01-07-23:06:36,5,7,2.590980
717,2022-01-07-23:06:38,7,3,2.125114
718,2022-01-07-23:06:41,3,2,2.560298
719,2022-01-07-23:06:43,2,3,2.600757
720,2022-01-07-23:06:45,3,4,2.125317
721,2022-01-07-23:06:47,4,1,1.331716
722,2022-01-07-23:06:48,1,0,1.094042
723,2022-01-07-23:06:49,0,1,1.063340
724,2022-01-07-23:06:51,1,3,2.232584
725,2022-01-07-23:06:55,3,6,3.623717
726,2022-01-07-23:06:58,6,3,3.654820
727,2022-01-07-23:07:01,3,5,2.191828
728,2022-01-07-23:07:03,5,3,2.177622
729,2022-01-07-23:07:05,3,4,2.146618
730,2022-01-07-23:07:07,4,7,1.943300
731,2022-01-07-23:07:09,7,1,1.704822
732,2022-01-07-23:07:10,1,5,1.921660
733,2022-01-07-23:07:12,5,2,1.542857
734,2022-01-07-23:07:14,2,4,1.753327
735,2022-01-07-23:07:16,4,7,1.928109
736,2022-01-07-23:07:18,7,0,1.939493
737,2022-01-07-23:07:19,0,2,1.734747
738,2022-01-07-23:07:22,2,7,2.604919
739,2022-01-07-23:07:24,7,1,1.644588
740,2022-01-07-23:07:26,1,3,2.245418
741,2022-01-07-23:07:28,3,1,2.289501
742,2022-01-07-23:07:30,1,5,1.955768
743,2022-01-07-23:07:33,5,7,2.616756
744,2022-01-07-23:07:35,7,5,2.601838
745,2022-01-07-23:07:37,5,2,1.511417
746,2022-01-07-23:07:40,2,6,3.078959
747,2022-01-07-23:07:43,6,2,3.084068
748,2022-01-07-23:07:45,2,1,1.955421
749,2022-01-07-23:07:46,1,4,1.318961
750,2022-01-07-23:07:48,4,1,1.326012
751,2022-01-07-23:07:51,1,6,3.587033
752,2022-01-07-23:07:55,6,3,3.673827
753,2022-01-07-23:07:59,3,6,3.690438
754,2022-01-07-23:08:02,6,5,3.133441
755,2022-01-07-23:08:04,5,7,2.567077
756,2022-01-07-23:08:06,7,1,1.667998
757,2022-01-07-23:08:07,1,4,1.327080
758,2022-01-07-23:08:09,4,1,1.309086
759,2022-01-07-23:08:10,1,4,1.341729
760,2022-01-07-23:08:12,4,2,1.793138
761,2022-01-07-23:08:13,2,5,1.519615
762,2022-01-07-23:08:16,5,6,3.082920
763,2022-01-07-23:08:20,6,7,3.981180
764,2022-01-07-23:08:23,7,5,2.554709
765,2022-01-07-23:08:25,5,1,1.965496
766,2022-01-07-23:08:27,1,2,1.969515
767,2022-01-07-23:08:29,2,7,2.597787
768,2022-01-07-23:08:32,7,5,2.551889
769,2022-01-07-23:08:34,5,0,1.846407
770,2022-01-07-23:08:36,0,5,1.838280
771,2022-01-07-23:08:37,5,2,1.527440
772,2022-01-07-23:08:40,2,6,3.060409
773,2022-01-07-23:08:44,6,0,3.469763
774,2022-01-07-23:08:47,0,6,3.451362
775,2022-01-07-23:08:50,6,2,3.062169
776,2022-01-07-23:08:53,2,7,2.584146
777,2022-01-07-23:08:55,7,2,2.556960
778,2022-01-07-23:08:58,2,6,3.082128
779,2022-01-07-23:09:02,6,3,3.652135
780,2022-01-07-23:09:04,3,7,2.132379
781,2022-01-07-23:09:06,7,3,2.120013
782,2022-01-07-23:09:09,3,5,2.166693
783,2022-01-07-23:09:11,5,7,2.595530
784,2022-01-07-23:09:13,7,0,1.927430
785,2022-01-07-23:09:15,0,4,1.520256
786,2022-01-07-23:09:16,4,7,1.856690
787,2022-01-07-23:09:18,7,4,1.857844
788,2022-01-07-23:09:20,4,5,1.870659
789,2022-01-07-23:09:23,5,6,3.085890
790,2022-01-07-23:09:27,6,3,3.662458
791,2022-01-07-23:09:29,3,0,2.416849
792,2022-01-07-23:09:33,0,6,3.454072
793,2022-01-07-23:09:36,6,3,3.649779
794,2022-01-07-23:09:39,3,5,2.188186
795,2022-01-07-23:09:40,5,0,1.867426
796,2022-01-07-23:09:42,0,7,1.959301
797,2022-01-07-23:09:45,7,3,2.127094
798,2022-01-07-23:09:47,3,1,2.235116
799,2022-01-07-23:09:49,1,2,1.953666
800,2022-01-07-23:09:51,2,3,2.565367
801,2022-01-07-23:09:54,3,5,2.214132
802,2022-01-07-23:09:57,5,6,3.059456
803,2022-01-07-23:10:00,6,0,3.447022
804,2022-01-07-23:10:02,0,4,1.544061
805,2022-01-07-23:10:05,4,6,3.506078
806,2022-01-07-23:10:08,6,2,3.091313
807,2022-01-07-23:10:10,2,0,1.764355
808,2022-01-07-23:10:12,0,4,1.522703
809,2022-01-07-23:10:13,4,1,1.340228
810,2022-01-07-23:10:15,1,5,1.958754
811,2022-01-07-23:10:17,5,0,1.910051
812,2022-01-07-23:10:19,0,7,1.935072
813,2022-01-07-23:10:21,7,5,2.598366
814,2022-01-07-23:10:23,5,1,1.930789
815,2022-01-07-23:10:25,1,4,1.332636
816,2022-01-07-23:10:26,4,2,1.821622
817,2022-01-07-23:10:29,2,3,2.639497
818,2022-01-07-23:10:33,3,6,3.661424
819,2022-01-07-23:10:36,6,4,3.400807
820,2022-01-07-23:10:38,4,5,1.750122
821,2022-01-07-23:10:40,5,4,1.837390
822,2022-01-07-23:10:41,4,0,1.564835
823,2022-01-07-23:10:43,0,7,1.959572
824,2022-01-07-23:10:45,7,1,1.719300
825,2022-01-07-23:10:48,1,6,3.530603
826,2022-01-07-23:10:52,6,4,3.451429
827,2022-01-07-23:10:55,4,6,3.447939
828,2022-01-07-23:10:59,6,1,3.587245
829,2022-01-07-23:11:01,1,5,1.914802
830,2022-01-07-23:11:03,5,7,2.598469
831,2022-01-07-23:11:06,7,2,2.564304
832,2022-01-07-23:11:09,2,6,3.086717
833,2022-01-07-23:11:13,6,3,3.639922
834,2022-01-07-23:11:15,3,4,2.117884
835,2022-01-07-23:11:17,4,5,1.862404
836,2022-01-07-23:11:19,5,0,1.851394
837,2022-01-07-23:11:20,0,7,1.932238
838,2022-01-07-23:11:23,7,3,2.124301
839,2022-01-07-23:11:25,3,0,2.392670
840,2022-01-07-23:11:27,0,4,1.594451
841,2022-01-07-23:11:29,4,3,2.185836
842,2022-01-07-23:11:31,3,2,2.534145
843,2022-01-07-23:11:33,2,4,1.735451
844,2022-01-07-23:11:35,4,0,1.525024
845,2022-01-07-23:11:36,0,5,1.872045
846,2022-01-07-23:11:38,5,2,1.571526
847,2022-01-07-23:11:40,2,5,1.504211
848,2022-01-07-23:11:41,5,2,1.522927
849,2022-01-07-23:11:44,2,7,2.633121
850,2022-01-07-23:11:48,7,6,4.087845
851,2022-01-07-23:11:51,6,4,3.435492
852,2022-01-07-23:11:53,4,2,1.812655
853,2022-01-07-23:11:55,2,1,1.952350
854,2022-01-07-23:11:56,1,4,1.324626
855,2022-01-07-23:11:58,4,3,2.169804
856,2022-01-07-23:12:02,3,6,3.652806
857,2022-01-07-23:12:06,6,0,3.487168
858,2022-01-07-23:12:07,0,4,1.542215
859,2022-01-07-23:12:09,4,0,1.570695
860,2022-01-07-23:12:10,0,4,1.554338
861,2022-01-07-23:12:12,4,3,2.124238
862,2022-01-07-23:12:15,3,0,2.368066
863,2022-01-07-23:12:17,0,2,1.769008
864,2022-01-07-23:12:18,2,0,1.724443
865,2022-01-07-23:12:20,0,2,1.729018
866,2022-01-07-23:12:23,2,6,3.147586
867,2022-01-07-23:12:26,6,2,3.105427
868,2022-01-07-23:12:29,2,6,3.132273
869,2022-01-07-23:12:33,6,2,3.140315
870,2022-01-07-23:12:35,2,7,2.587658
871,2022-01-07-23:12:37,7,0,1.925458
872,2022-01-07-23:12:39,0,4,1.554830
873,2022-01-07-23:12:40,4,0,1.534145
874,2022-01-07-23:12:42,0,5,1.873330
875,2022-01-07-23:12:44,5,1,1.908729
876,2022-01-07-23:12:46,1,2,1.987173
877,2022-01-07-23:12:49,2,7,2.632463
878,2022-01-07-23:12:51,7,2,2.636072
879,2022-01-07-23:12:54,2,3,2.608705
880,2022-01-07-23:12:56,3,0,2.348766
881,2022-01-07-23:12:58,0,5,1.928028
882,2022-01-07-23:13:00,5,4,1.757598
883,2022-01-07-23:13:02,4,2,1.760405
884,2022-01-07-23:13:03,2,5,1.636543
885,2022-01-07-23:13:05,5,4,1.811890
886,2022-01-07-23:13:07,4,7,1.868583
887,2022-01-07-23:13:10,7,5,2.632995
888,2022-01-07-23:13:11,5,0,1.916584
889,2022-01-07-23:13:12,0,1,1.051378
890,2022-01-07-23:13:14,1,4,1.355384
891,2022-01-07-23:13:17,4,6,3.461096
892,2022-01-07-23:13:20,6,5,3.153974
893,2022-01-07-23:13:22,5,2,1.530039
894,2022-01-07-23:13:25,2,7,2.648926
895,2022-01-07-23:13:27,7,0,1.991270
896,2022-01-07-23:13:29,0,7,1.904431
897,2022-01-07-23:13:33,7,6,4.024902
898,2022-01-07-23:13:36,6,1,3.542711
899,2022-01-07-23:13:40,1,6,3.624579
900,2022-01-07-23:13:43,6,4,3.441889
901,2022-01-07-23:13:45,4,3,2.140361
902,2022-01-07-23:13:48,3,1,2.271586
903,2022-01-07-23:13:49,1,7,1.768550
904,2022-01-07-23:13:51,7,3,2.143983
905,2022-01-07-23:13:55,3,6,3.681925
906,2022-01-07-23:13:59,6,0,3.487459
907,2022-01-07-23:14:00,0,4,1.537885
908,2022-01-07-23:14:02,4,0,1.529400
909,2022-01-07-23:14:03,0,1,1.039911
910,2022-01-07-23:14:05,1,5,1.947836
911,2022-01-07-23:14:07,5,4,1.793011
912,2022-01-07-23:14:09,4,3,2.165899
913,2022-01-07-23:14:11,3,0,2.363268
914,2022-01-07-23:14:14,0,6,3.431156
915,2022-01-07-23:14:18,6,5,3.108952
916,2022-01-07-23:14:19,5,0,1.863682
917,2022-01-07-23:14:21,0,2,1.752643
918,2022-01-07-23:14:23,2,4,1.972549
919,2022-01-07-23:14:25,4,2,1.904788
920,2022-01-07-23:14:28,2,3,2.659053
921,2022-01-07-23:14:30,3,1,2.325129
922,2022-01-07-23:14:34,1,6,3.562093
923,2022-01-07-23:14:37,6,2,3.076875
924,2022-01-07-23:14:39,2,7,2.754542
925,2022-01-07-23:14:42,7,3,2.172898
