"iteration,date,init_position,final_position,time"
0,2022-01-27-20:02:09,-1,5,3.53574
1,2022-01-27-20:02:12,5,6,3.14333
2,2022-01-27-20:02:16,6,1,3.56599
3,2022-01-27-20:02:18,1,7,1.75358
4,2022-01-27-20:02:19,7,1,1.73120
5,2022-01-27-20:02:22,1,5,2.27892
6,2022-01-27-20:02:24,5,0,2.09571
7,2022-01-27-20:02:27,0,6,3.53736
8,2022-01-27-20:02:31,6,1,3.62534
9,2022-01-27-20:02:33,1,5,2.02150
10,2022-01-27-20:02:36,5,6,3.15166
11,2022-01-27-20:02:40,6,3,3.75353
12,2022-01-27-20:02:42,3,6,2.03415
13,2022-01-27-20:02:45,6,7,2.75293
14,2022-01-27-20:02:47,7,0,1.95937
15,2022-01-27-20:02:48,0,4,1.58695
16,2022-01-27-20:02:51,4,7,3.04403
17,2022-01-27-20:02:54,7,5,3.12980
18,2022-01-27-20:02:57,5,3,2.72418
19,2022-01-27-20:03:00,3,2,2.65904
20,2022-01-27-20:03:02,2,7,2.64042
21,2022-01-27-20:03:04,7,0,1.95242
22,2022-01-27-20:03:07,0,6,2.94750
23,2022-01-27-20:03:10,6,1,2.73103
24,2022-01-27-20:03:12,1,2,2.01729
25,2022-01-27-20:03:14,2,4,1.78600
26,2022-01-27-20:03:18,4,2,4.22148
27,2022-01-27-20:03:22,2,7,4.44212
28,2022-01-27-20:03:25,7,2,2.62777
29,2022-01-27-20:03:28,2,7,2.60114
30,2022-01-27-20:03:31,7,0,3.13055
31,2022-01-27-20:03:33,0,5,2.06419
32,2022-01-27-20:03:36,5,6,3.10387
33,2022-01-27-20:03:40,6,7,4.06612
34,2022-01-27-20:03:44,7,6,4.15663
35,2022-01-27-20:03:47,6,2,3.22106
36,2022-01-27-20:03:51,2,5,3.71806
37,2022-01-27-20:03:54,5,7,2.60682
38,2022-01-27-20:03:57,7,0,3.16488
39,2022-01-27-20:03:59,0,3,2.51046
40,2022-01-27-20:04:02,3,1,2.33633
41,2022-01-27-20:04:04,1,3,2.26090
42,2022-01-27-20:04:06,3,5,2.23526
43,2022-01-27-20:04:09,5,7,2.63469
44,2022-01-27-20:04:12,7,1,3.27898
45,2022-01-27-20:04:14,1,4,1.32746
46,2022-01-27-20:04:16,4,7,1.97309
47,2022-01-27-20:04:18,7,6,2.61869
48,2022-01-27-20:04:22,6,4,3.90168
49,2022-01-27-20:04:26,4,1,3.83793
50,2022-01-27-20:04:28,1,5,2.02140
51,2022-01-27-20:04:29,5,2,1.57579
52,2022-01-27-20:04:31,2,5,1.55980
53,2022-01-27-20:04:33,5,3,2.46278
54,2022-01-27-20:04:36,3,6,2.10806
55,2022-01-27-20:04:38,6,3,2.06539
56,2022-01-27-20:04:40,3,6,2.04927
57,2022-01-27-20:04:44,6,2,4.37693
58,2022-01-27-20:04:48,2,1,4.13232
59,2022-01-27-20:04:50,1,4,1.38884
60,2022-01-27-20:04:52,4,3,2.11368
61,2022-01-27-20:04:54,3,6,2.09099
62,2022-01-27-20:04:57,6,1,3.10172
63,2022-01-27-20:04:59,1,2,2.01957
64,2022-01-27-20:05:01,2,0,1.80622
65,2022-01-27-20:05:03,0,3,2.49377
66,2022-01-27-20:05:06,3,2,2.64206
67,2022-01-27-20:05:09,2,3,2.71957
68,2022-01-27-20:05:11,3,6,2.03386
69,2022-01-27-20:05:14,6,0,2.96627
70,2022-01-27-20:05:16,0,7,1.95950
71,2022-01-27-20:05:18,7,5,2.79803
72,2022-01-27-20:05:22,5,6,3.17114
73,2022-01-27-20:05:25,6,4,3.62200
74,2022-01-27-20:05:27,4,3,2.08904
75,2022-01-27-20:05:30,3,1,2.27213
76,2022-01-27-20:05:32,1,2,1.99429
77,2022-01-27-20:05:34,2,7,2.64125
78,2022-01-27-20:05:38,7,6,4.12411
79,2022-01-27-20:05:42,6,5,3.46939
80,2022-01-27-20:05:44,5,0,2.16234
81,2022-01-27-20:05:46,0,2,1.77298
82,2022-01-27-20:05:47,2,4,1.79811
83,2022-01-27-20:05:49,4,5,1.82100
84,2022-01-27-20:05:52,5,3,2.26850
85,2022-01-27-20:05:54,3,5,2.26462
86,2022-01-27-20:05:56,5,7,2.64930
87,2022-01-27-20:06:00,7,2,3.07855
88,2022-01-27-20:06:04,2,3,4.27755
89,2022-01-27-20:06:06,3,6,2.04958
90,2022-01-27-20:06:09,6,2,3.14602
91,2022-01-27-20:06:11,2,5,1.53575
92,2022-01-27-20:06:13,5,3,2.44425
93,2022-01-27-20:06:15,3,0,2.47037
94,2022-01-27-20:06:19,0,3,3.71448
95,2022-01-27-20:06:23,3,0,3.33578
96,2022-01-27-20:06:26,0,6,2.99115
97,2022-01-27-20:06:28,6,4,2.91962
98,2022-01-27-20:06:30,4,7,1.93138
99,2022-01-27-20:06:32,7,1,1.75746
100,2022-01-27-20:06:35,1,3,2.47901
101,2022-01-27-20:06:37,3,1,2.72815
102,2022-01-27-20:06:38,1,0,1.10905
103,2022-01-27-20:06:42,0,6,3.54250
104,2022-01-27-20:06:46,6,0,3.58140
105,2022-01-27-20:06:48,0,7,2.03704
106,2022-01-27-20:06:50,7,4,1.95720
107,2022-01-27-20:06:51,4,5,1.81779
108,2022-01-27-20:06:53,5,0,2.04769
109,2022-01-27-20:06:55,0,7,2.05680
110,2022-01-27-20:07:00,7,6,4.27162
111,2022-01-27-20:07:03,6,0,3.67957
112,2022-01-27-20:07:05,0,1,1.08504
113,2022-01-27-20:07:06,1,4,1.38828
114,2022-01-27-20:07:08,4,0,1.59830
115,2022-01-27-20:07:11,0,6,3.67383
116,2022-01-27-20:07:15,6,3,3.70476
117,2022-01-27-20:07:17,3,5,2.27895
118,2022-01-27-20:07:19,5,2,1.60843
119,2022-01-27-20:07:20,2,5,1.53413
120,2022-01-27-20:07:24,5,3,3.23868
121,2022-01-27-20:07:27,3,5,3.24221
122,2022-01-27-20:07:29,5,3,2.29660
123,2022-01-27-20:07:32,3,7,3.36323
124,2022-01-27-20:07:35,7,6,2.64046
125,2022-01-27-20:07:38,6,2,3.21216
126,2022-01-27-20:07:43,2,1,4.58407
127,2022-01-27-20:07:45,1,7,1.75872
128,2022-01-27-20:07:47,7,2,2.63802
129,2022-01-27-20:07:51,2,6,3.62874
130,2022-01-27-20:07:54,6,1,2.75083
131,2022-01-27-20:07:55,1,4,1.36017
132,2022-01-27-20:07:56,4,1,1.33551
133,2022-01-27-20:07:58,1,2,2.01664
134,2022-01-27-20:08:00,2,5,1.59131
135,2022-01-27-20:08:02,5,4,2.03013
136,2022-01-27-20:08:04,4,7,1.92365
137,2022-01-27-20:08:06,7,1,1.70557
138,2022-01-27-20:08:08,1,2,2.04073
139,2022-01-27-20:08:09,2,0,1.76415
140,2022-01-27-20:08:11,0,1,1.12426
141,2022-01-27-20:08:12,1,7,1.76003
142,2022-01-27-20:08:14,7,4,1.95027
143,2022-01-27-20:08:16,4,3,2.12632
144,2022-01-27-20:08:19,3,2,2.65251
145,2022-01-27-20:08:22,2,6,3.41093
146,2022-01-27-20:08:26,6,5,3.39690
147,2022-01-27-20:08:28,5,1,1.99198
148,2022-01-27-20:08:29,1,0,1.11165
149,2022-01-27-20:08:30,0,1,1.13024
150,2022-01-27-20:08:34,1,6,3.62235
151,2022-01-27-20:08:37,6,5,3.44739
152,2022-01-27-20:08:39,5,1,1.97218
153,2022-01-27-20:08:41,1,2,2.05829
154,2022-01-27-20:08:43,2,5,1.53959
155,2022-01-27-20:08:45,5,1,2.08158
156,2022-01-27-20:08:47,1,2,2.03736
157,2022-01-27-20:08:49,2,1,2.07098
158,2022-01-27-20:08:51,1,7,1.77967
159,2022-01-27-20:08:53,7,4,2.02360
160,2022-01-27-20:08:55,4,7,1.91958
161,2022-01-27-20:08:56,7,1,1.74952
162,2022-01-27-20:08:59,1,5,2.17356
163,2022-01-27-20:09:02,5,4,3.41741
164,2022-01-27-20:09:05,4,7,3.48375
165,2022-01-27-20:09:09,7,2,3.24535
166,2022-01-27-20:09:14,2,1,4.86858
167,2022-01-27-20:09:17,1,6,3.78513
168,2022-01-27-20:09:20,6,7,2.65725
169,2022-01-27-20:09:23,7,4,3.33416
170,2022-01-27-20:09:28,4,2,4.36656
171,2022-01-27-20:09:32,2,0,4.13675
172,2022-01-27-20:09:35,0,3,3.55313
173,2022-01-27-20:09:39,3,7,3.82005
174,2022-01-27-20:09:42,7,2,2.59749
175,2022-01-27-20:09:45,2,3,2.76808
176,2022-01-27-20:09:47,3,4,2.13868
177,2022-01-27-20:09:48,4,1,1.35115
178,2022-01-27-20:09:49,1,0,1.15452
179,2022-01-27-20:09:51,0,4,1.57002
180,2022-01-27-20:09:53,4,7,1.91718
181,2022-01-27-20:09:55,7,6,2.73277
182,2022-01-27-20:09:59,6,2,3.24624
183,2022-01-27-20:10:02,2,6,3.18887
184,2022-01-27-20:10:05,6,4,2.71783
185,2022-01-27-20:10:09,4,2,4.15790
186,2022-01-27-20:10:13,2,1,4.26560
187,2022-01-27-20:10:15,1,5,1.96624
188,2022-01-27-20:10:17,5,1,2.17135
189,2022-01-27-20:10:18,1,0,1.09726
190,2022-01-27-20:10:22,0,6,3.52124
191,2022-01-27-20:10:26,6,7,4.16947
192,2022-01-27-20:10:28,7,4,2.14424
193,2022-01-27-20:10:30,4,5,1.83412
194,2022-01-27-20:10:32,5,1,2.14476
195,2022-01-27-20:10:33,1,4,1.34181
196,2022-01-27-20:10:36,4,3,2.10213
197,2022-01-27-20:10:38,3,6,2.06925
198,2022-01-27-20:10:41,6,1,3.17842
199,2022-01-27-20:10:44,1,6,3.61487
200,2022-01-27-20:10:48,6,1,3.81473
201,2022-01-27-20:10:50,1,4,1.33870
202,2022-01-27-20:10:51,4,7,1.92061
203,2022-01-27-20:10:54,7,0,2.20823
204,2022-01-27-20:10:56,0,3,2.44030
205,2022-01-27-20:10:59,3,0,2.38505
206,2022-01-27-20:11:00,0,4,1.57912
207,2022-01-27-20:11:02,4,3,2.10183
208,2022-01-27-20:11:06,3,7,3.42563
209,2022-01-27-20:11:09,7,3,3.26820
210,2022-01-27-20:11:12,3,7,3.35186
211,2022-01-27-20:11:15,7,5,3.02476
212,2022-01-27-20:11:18,5,6,3.18625
213,2022-01-27-20:11:22,6,2,3.59696
214,2022-01-27-20:11:24,2,0,1.75189
215,2022-01-27-20:11:26,0,5,2.02426
216,2022-01-27-20:11:28,5,0,2.06309
217,2022-01-27-20:11:30,0,5,2.00329
218,2022-01-27-20:11:32,5,1,2.06284
219,2022-01-27-20:11:33,1,4,1.34713
220,2022-01-27-20:11:37,4,6,3.48470
221,2022-01-27-20:11:41,6,7,4.10173
222,2022-01-27-20:11:43,7,1,1.76621
223,2022-01-27-20:11:45,1,3,2.25574
224,2022-01-27-20:11:47,3,7,2.27262
225,2022-01-27-20:11:50,7,2,2.64216
226,2022-01-27-20:11:53,2,3,2.65932
227,2022-01-27-20:11:55,3,0,2.40728
228,2022-01-27-20:11:57,0,4,1.59595
229,2022-01-27-20:12:01,4,2,4.25791
230,2022-01-27-20:12:05,2,3,4.37534
231,2022-01-27-20:12:07,3,5,2.28595
232,2022-01-27-20:12:10,5,1,2.14634
233,2022-01-27-20:12:12,1,5,2.00400
234,2022-01-27-20:12:14,5,4,2.31860
235,2022-01-27-20:12:17,4,6,2.71604
236,2022-01-27-20:12:20,6,0,3.01186
237,2022-01-27-20:12:21,0,2,1.76643
238,2022-01-27-20:12:23,2,5,1.53764
239,2022-01-27-20:12:26,5,4,3.55895
240,2022-01-27-20:12:30,4,5,3.62040
241,2022-01-27-20:12:33,5,6,3.12612
242,2022-01-27-20:12:36,6,7,2.65573
243,2022-01-27-20:12:39,7,4,3.19171
244,2022-01-27-20:12:43,4,1,3.88118
245,2022-01-27-20:12:45,1,2,2.03496
246,2022-01-27-20:12:48,2,6,3.12417
247,2022-01-27-20:12:52,6,4,3.97087
248,2022-01-27-20:12:56,4,1,3.80900
249,2022-01-27-20:12:58,1,5,2.21408
250,2022-01-27-20:13:01,5,3,3.10325
251,2022-01-27-20:13:05,3,1,3.45645
252,2022-01-27-20:13:06,1,7,1.75625
253,2022-01-27-20:13:08,7,1,1.80473
254,2022-01-27-20:13:10,1,7,1.76696
255,2022-01-27-20:13:12,7,4,1.95375
256,2022-01-27-20:13:14,4,7,1.94178
257,2022-01-27-20:13:17,7,6,2.63610
258,2022-01-27-20:13:19,6,1,2.76920
259,2022-01-27-20:13:23,1,6,3.64877
260,2022-01-27-20:13:26,6,3,3.36088
261,2022-01-27-20:13:30,3,4,3.58494
262,2022-01-27-20:13:32,4,5,1.83823
263,2022-01-27-20:13:35,5,4,3.46108
264,2022-01-27-20:13:39,4,5,3.94001
265,2022-01-27-20:13:41,5,4,2.03357
266,2022-01-27-20:13:46,4,2,4.78387
267,2022-01-27-20:13:50,2,5,3.82647
268,2022-01-27-20:13:52,5,1,2.04126
269,2022-01-27-20:13:54,1,5,2.16091
270,2022-01-27-20:13:57,5,6,3.21810
271,2022-01-27-20:14:01,6,1,3.98704
272,2022-01-27-20:14:02,1,0,1.13893
273,2022-01-27-20:14:04,0,7,2.00128
274,2022-01-27-20:14:06,7,1,1.71315
275,2022-01-27-20:14:08,1,4,1.46476
276,2022-01-27-20:14:12,4,2,4.30052
277,2022-01-27-20:14:17,2,1,5.30998
278,2022-01-27-20:14:19,1,2,2.04293
279,2022-01-27-20:14:21,2,0,1.76929
280,2022-01-27-20:14:24,0,6,2.87411
281,2022-01-27-20:14:27,6,1,2.74357
282,2022-01-27-20:14:29,1,2,2.07149
283,2022-01-27-20:14:31,2,0,1.89179
284,2022-01-27-20:14:34,0,6,3.01559
285,2022-01-27-20:14:36,6,7,2.90771
286,2022-01-27-20:14:41,7,6,4.26872
287,2022-01-27-20:14:44,6,4,3.74386
288,2022-01-27-20:14:47,4,3,2.17472
289,2022-01-27-20:14:49,3,0,2.53307
290,2022-01-27-20:14:51,0,4,1.55411
291,2022-01-27-20:14:53,4,7,1.95680
292,2022-01-27-20:14:55,7,3,2.37036
293,2022-01-27-20:14:57,3,4,2.27552
294,2022-01-27-20:14:59,4,7,1.96357
295,2022-01-27-20:15:02,7,2,2.70934
296,2022-01-27-20:15:04,2,5,1.57730
297,2022-01-27-20:15:05,5,4,1.88501
298,2022-01-27-20:15:08,4,3,2.12771
299,2022-01-27-20:15:10,3,1,2.56366
300,2022-01-27-20:15:12,1,2,2.09374
301,2022-01-27-20:15:15,2,7,2.72900
302,2022-01-27-20:15:18,7,6,2.62351
303,2022-01-27-20:15:21,6,0,3.51129
304,2022-01-27-20:15:24,0,6,2.85938
305,2022-01-27-20:15:27,6,1,2.75274
306,2022-01-27-20:15:28,1,4,1.41335
307,2022-01-27-20:15:30,4,7,1.93916
308,2022-01-27-20:15:33,7,5,2.75694
309,2022-01-27-20:15:35,5,0,2.01468
310,2022-01-27-20:15:37,0,2,1.87714
311,2022-01-27-20:15:38,2,5,1.56170
312,2022-01-27-20:15:43,5,4,4.19994
313,2022-01-27-20:15:47,4,7,4.22492
314,2022-01-27-20:15:48,7,1,1.72625
315,2022-01-27-20:15:50,1,7,1.84959
316,2022-01-27-20:15:55,7,4,4.59409
317,2022-01-27-20:15:59,4,0,3.74225
318,2022-01-27-20:16:00,0,2,1.77500
319,2022-01-27-20:16:02,2,4,1.82609
320,2022-01-27-20:16:06,4,6,3.47065
321,2022-01-27-20:16:09,6,5,3.19240
322,2022-01-27-20:16:11,5,2,2.02509
323,2022-01-27-20:16:14,2,7,2.58558
324,2022-01-27-20:16:16,7,5,2.70451
325,2022-01-27-20:16:18,5,4,1.86780
326,2022-01-27-20:16:20,4,7,1.98759
327,2022-01-27-20:16:23,7,6,2.63160
328,2022-01-27-20:16:25,6,5,2.76630
329,2022-01-27-20:16:28,5,7,2.65881
330,2022-01-27-20:16:31,7,3,3.32800
331,2022-01-27-20:16:35,3,7,3.32511
332,2022-01-27-20:16:38,7,4,3.56409
333,2022-01-27-20:16:41,4,3,2.17160
334,2022-01-27-20:16:44,3,0,3.62557
335,2022-01-27-20:16:46,0,7,2.02631
336,2022-01-27-20:16:48,7,3,2.26296
337,2022-01-27-20:16:51,3,7,2.26532
338,2022-01-27-20:16:53,7,1,1.78146
339,2022-01-27-20:16:55,1,3,2.25232
340,2022-01-27-20:16:58,3,7,3.36791
341,2022-01-27-20:17:01,7,5,2.75663
342,2022-01-27-20:17:03,5,1,2.06932
343,2022-01-27-20:17:05,1,5,2.04295
344,2022-01-27-20:17:07,5,0,2.33795
345,2022-01-27-20:17:09,0,5,2.14772
346,2022-01-27-20:17:13,5,4,3.57736
347,2022-01-27-20:17:17,4,5,3.90726
348,2022-01-27-20:17:19,5,0,1.93597
349,2022-01-27-20:17:21,0,7,2.03843
350,2022-01-27-20:17:25,7,6,4.16696
351,2022-01-27-20:17:29,6,7,4.09683
352,2022-01-27-20:17:31,7,1,1.74911
353,2022-01-27-20:17:33,1,5,2.03743
354,2022-01-27-20:17:36,5,7,2.63198
355,2022-01-27-20:17:39,7,4,3.48449
356,2022-01-27-20:17:41,4,1,1.40283
357,2022-01-27-20:17:43,1,3,2.41991
358,2022-01-27-20:17:46,3,1,3.21067
359,2022-01-27-20:17:49,1,3,2.46083
360,2022-01-27-20:17:52,3,7,3.40739
361,2022-01-27-20:17:55,7,5,2.86135
362,2022-01-27-20:17:57,5,1,2.31027
363,2022-01-27-20:17:59,1,7,1.70707
364,2022-01-27-20:18:03,7,3,3.95926
365,2022-01-27-20:18:06,3,0,3.34790
366,2022-01-27-20:18:08,0,5,1.97895
367,2022-01-27-20:18:12,5,2,3.77097
368,2022-01-27-20:18:16,2,1,4.28632
369,2022-01-27-20:18:18,1,7,1.76952
370,2022-01-27-20:18:22,7,3,3.92437
371,2022-01-27-20:18:25,3,1,3.48756
372,2022-01-27-20:18:28,1,2,2.08081
373,2022-01-27-20:18:30,2,7,2.68272
374,2022-01-27-20:18:33,7,2,2.63946
375,2022-01-27-20:18:36,2,3,3.09501
376,2022-01-27-20:18:39,3,2,3.02688
377,2022-01-27-20:18:41,2,0,1.78643
378,2022-01-27-20:18:42,0,1,1.14621
379,2022-01-27-20:18:43,1,0,1.15050
380,2022-01-27-20:18:46,0,3,2.56318
381,2022-01-27-20:18:48,3,5,2.34693
382,2022-01-27-20:18:51,5,6,3.18581
383,2022-01-27-20:18:55,6,1,3.74078
384,2022-01-27-20:18:56,1,4,1.51668
385,2022-01-27-20:18:58,4,1,1.49945
386,2022-01-27-20:19:00,1,2,2.07581
387,2022-01-27-20:19:04,2,3,4.05173
388,2022-01-27-20:19:07,3,6,3.38441
389,2022-01-27-20:19:11,6,3,3.94579
390,2022-01-27-20:19:14,3,1,2.41700
391,2022-01-27-20:19:15,1,4,1.49962
392,2022-01-27-20:19:17,4,2,2.15955
393,2022-01-27-20:19:20,2,7,2.80135
394,2022-01-27-20:19:24,7,0,3.36953
395,2022-01-27-20:19:25,0,1,1.11765
396,2022-01-27-20:19:26,1,0,1.16885
397,2022-01-27-20:19:28,0,2,1.81758
398,2022-01-27-20:19:31,2,6,3.20669
399,2022-01-27-20:19:34,6,0,2.95587
400,2022-01-27-20:19:36,0,4,1.62941
401,2022-01-27-20:19:37,4,7,1.98135
402,2022-01-27-20:19:39,7,1,1.73585
403,2022-01-27-20:19:41,1,5,2.12506
404,2022-01-27-20:19:44,5,7,2.63629
405,2022-01-27-20:19:47,7,6,2.64003
406,2022-01-27-20:19:50,6,5,3.19246
407,2022-01-27-20:19:52,5,3,2.33787
408,2022-01-27-20:19:57,3,2,4.39671
409,2022-01-27-20:20:01,2,0,4.28743
410,2022-01-27-20:20:03,0,5,2.17357
411,2022-01-27-20:20:07,5,2,4.09105
412,2022-01-27-20:20:12,2,1,4.43693
413,2022-01-27-20:20:14,1,3,2.28151
414,2022-01-27-20:20:16,3,1,2.38531
415,2022-01-27-20:20:18,1,5,2.08668
416,2022-01-27-20:20:21,5,7,2.74177
417,2022-01-27-20:20:24,7,2,3.31246
418,2022-01-27-20:20:28,2,0,4.00450
419,2022-01-27-20:20:30,0,1,1.28217
420,2022-01-27-20:20:32,1,2,2.08039
421,2022-01-27-20:20:34,2,7,2.67466
422,2022-01-27-20:20:36,7,4,1.95521
423,2022-01-27-20:20:39,4,3,2.16984
424,2022-01-27-20:20:41,3,0,2.56986
425,2022-01-27-20:20:45,0,6,3.72143
426,2022-01-27-20:20:49,6,0,3.99320
427,2022-01-27-20:20:51,0,2,1.87850
428,2022-01-27-20:20:52,2,5,1.60312
429,2022-01-27-20:20:54,5,1,2.00699
430,2022-01-27-20:20:56,1,7,1.77920
431,2022-01-27-20:20:59,7,5,2.86245
432,2022-01-27-20:21:01,5,1,2.01425
433,2022-01-27-20:21:04,1,6,2.79034
434,2022-01-27-20:21:07,6,0,3.20991
435,2022-01-27-20:21:09,0,4,1.61788
436,2022-01-27-20:21:10,4,0,1.68634
437,2022-01-27-20:21:14,0,6,3.63282
438,2022-01-27-20:21:17,6,4,3.32920
439,2022-01-27-20:21:21,4,2,3.28813
440,2022-01-27-20:21:24,2,6,3.37081
441,2022-01-27-20:21:28,6,0,3.69018
442,2022-01-27-20:21:29,0,1,1.14368
443,2022-01-27-20:21:30,1,0,1.15506
444,2022-01-27-20:21:32,0,5,2.11536
445,2022-01-27-20:21:34,5,0,2.02341
446,2022-01-27-20:21:37,0,6,2.96702
447,2022-01-27-20:21:41,6,2,4.42361
448,2022-01-27-20:21:45,2,6,3.36776
449,2022-01-27-20:21:48,6,2,3.39086
450,2022-01-27-20:21:51,2,6,3.24817
451,2022-01-27-20:21:54,6,7,2.76194
452,2022-01-27-20:21:57,7,0,3.14717
453,2022-01-27-20:21:59,0,1,1.22707
454,2022-01-27-20:22:00,1,0,1.32254
455,2022-01-27-20:22:02,0,2,1.84669
456,2022-01-27-20:22:04,2,4,1.88888
457,2022-01-27-20:22:06,4,7,1.97024
458,2022-01-27-20:22:10,7,6,4.32129
459,2022-01-27-20:22:13,6,5,3.31158
460,2022-01-27-20:22:15,5,1,1.94622
461,2022-01-27-20:22:17,1,7,1.78201
462,2022-01-27-20:22:19,7,3,2.26239
463,2022-01-27-20:22:21,3,6,2.05486
464,2022-01-27-20:22:24,6,1,2.85805
465,2022-01-27-20:22:26,1,7,1.78716
466,2022-01-27-20:22:29,7,3,2.57217
467,2022-01-27-20:22:33,3,2,4.34091
468,2022-01-27-20:22:36,2,6,3.20801
469,2022-01-27-20:22:39,6,5,3.39788
470,2022-01-27-20:22:42,5,3,2.55208
471,2022-01-27-20:22:44,3,5,2.41392
472,2022-01-27-20:22:48,5,3,3.13999
473,2022-01-27-20:22:51,3,4,3.55370
474,2022-01-27-20:22:53,4,3,2.13216
475,2022-01-27-20:22:58,3,2,4.45269
476,2022-01-27-20:23:01,2,6,3.23107
477,2022-01-27-20:23:05,6,5,3.60439
478,2022-01-27-20:23:07,5,1,1.96908
479,2022-01-27-20:23:09,1,3,2.47198
480,2022-01-27-20:23:11,3,4,2.11618
481,2022-01-27-20:23:13,4,5,1.83668
482,2022-01-27-20:23:17,5,2,3.95577
483,2022-01-27-20:23:21,2,0,4.20300
484,2022-01-27-20:23:23,0,5,2.21825
485,2022-01-27-20:23:27,5,4,3.38183
486,2022-01-27-20:23:30,4,2,3.39830
487,2022-01-27-20:23:33,2,7,2.67368
488,2022-01-27-20:23:37,7,1,4.32525
489,2022-01-27-20:23:38,1,0,1.25047
490,2022-01-27-20:23:40,0,5,2.03087
491,2022-01-27-20:23:44,5,3,3.16802
492,2022-01-27-20:23:47,3,5,3.07133
493,2022-01-27-20:23:49,5,0,2.39286
494,2022-01-27-20:23:53,0,3,3.63710
495,2022-01-27-20:23:55,3,4,2.41267
496,2022-01-27-20:23:57,4,3,2.23926
497,2022-01-27-20:24:01,3,1,3.54545
498,2022-01-27-20:24:02,1,0,1.11342
499,2022-01-27-20:24:04,0,2,1.77412
500,2022-01-27-20:24:06,2,7,2.67196
501,2022-01-27-20:24:10,7,0,3.26898
502,2022-01-27-20:24:12,0,5,2.04404
503,2022-01-27-20:24:14,5,7,2.66666
504,2022-01-27-20:24:18,7,4,3.86615
505,2022-01-27-20:24:20,4,1,1.41788
506,2022-01-27-20:24:21,1,4,1.52002
507,2022-01-27-20:24:23,4,7,2.09515
508,2022-01-27-20:24:26,7,3,2.61777
509,2022-01-27-20:24:29,3,5,2.62093
510,2022-01-27-20:24:31,5,1,2.01068
511,2022-01-27-20:24:33,1,2,2.16082
512,2022-01-27-20:24:35,2,4,1.84823
513,2022-01-27-20:24:37,4,7,2.01140
514,2022-01-27-20:24:38,7,1,1.81368
515,2022-01-27-20:24:40,1,0,1.26263
516,2022-01-27-20:24:42,0,2,1.87444
517,2022-01-27-20:24:43,2,5,1.64710
518,2022-01-27-20:24:45,5,4,2.27575
519,2022-01-27-20:24:47,4,5,1.98453
520,2022-01-27-20:24:50,5,3,2.35658
521,2022-01-27-20:24:52,3,1,2.52599
522,2022-01-27-20:24:54,1,7,1.80206
523,2022-01-27-20:24:57,7,2,2.69987
524,2022-01-27-20:24:59,2,0,1.83985
525,2022-01-27-20:25:00,0,1,1.20396
526,2022-01-27-20:25:02,1,2,2.28488
527,2022-01-27-20:25:04,2,5,1.75919
528,2022-01-27-20:25:06,5,2,1.81359
529,2022-01-27-20:25:08,2,1,2.05934
530,2022-01-27-20:25:10,1,5,2.09672
531,2022-01-27-20:25:12,5,2,1.68881
532,2022-01-27-20:25:14,2,7,2.78825
533,2022-01-27-20:25:18,7,5,3.34928
534,2022-01-27-20:25:20,5,3,2.64799
535,2022-01-27-20:25:24,3,7,3.57912
536,2022-01-27-20:25:27,7,1,3.34280
537,2022-01-27-20:25:29,1,2,2.05540
538,2022-01-27-20:25:31,2,4,1.86915
539,2022-01-27-20:25:33,4,0,1.62260
540,2022-01-27-20:25:37,0,6,3.66137
541,2022-01-27-20:25:39,6,7,2.76824
542,2022-01-27-20:25:42,7,2,3.17184
543,2022-01-27-20:25:47,2,6,4.21382
544,2022-01-27-20:25:50,6,1,3.44270
545,2022-01-27-20:25:51,1,0,1.15310
546,2022-01-27-20:25:53,0,4,1.65040
547,2022-01-27-20:25:55,4,7,2.03596
548,2022-01-27-20:25:59,7,4,4.14095
549,2022-01-27-20:26:03,4,1,4.23418
550,2022-01-27-20:26:05,1,7,1.82333
551,2022-01-27-20:26:08,7,5,3.35059
552,2022-01-27-20:26:11,5,7,2.61792
553,2022-01-27-20:26:14,7,2,2.68812
554,2022-01-27-20:26:17,2,6,3.31399
555,2022-01-27-20:26:21,6,1,3.80277
556,2022-01-27-20:26:23,1,3,2.40488
557,2022-01-27-20:26:26,3,2,2.75451
558,2022-01-27-20:26:29,2,6,3.25165
559,2022-01-27-20:26:32,6,3,2.18477
560,2022-01-27-20:26:36,3,2,4.54566
561,2022-01-27-20:26:39,2,7,3.33539
562,2022-01-27-20:26:42,7,6,2.73169
563,2022-01-27-20:26:46,6,3,3.90384
564,2022-01-27-20:26:48,3,6,2.15490
565,2022-01-27-20:26:51,6,0,3.06030
566,2022-01-27-20:26:53,0,2,1.84476
567,2022-01-27-20:26:56,2,7,2.80638
568,2022-01-27-20:26:58,7,3,2.28302
569,2022-01-27-20:27:01,3,0,2.72582
570,2022-01-27-20:27:02,0,1,1.19454
571,2022-01-27-20:27:04,1,7,1.83262
572,2022-01-27-20:27:07,7,3,2.82776
573,2022-01-27-20:27:09,3,7,2.36871
574,2022-01-27-20:27:11,7,4,1.96697
575,2022-01-27-20:27:15,4,6,3.52777
576,2022-01-27-20:27:18,6,2,3.28185
577,2022-01-27-20:27:22,2,6,4.24356
578,2022-01-27-20:27:25,6,0,3.11751
579,2022-01-27-20:27:28,0,3,2.61908
580,2022-01-27-20:27:31,3,0,2.68016
581,2022-01-27-20:27:33,0,2,1.97506
582,2022-01-27-20:27:35,2,7,2.81712
583,2022-01-27-20:27:38,7,5,2.88788
584,2022-01-27-20:27:40,5,0,2.02481
585,2022-01-27-20:27:43,0,6,2.99434
586,2022-01-27-20:27:46,6,7,2.64215
587,2022-01-27-20:27:48,7,3,2.53763
588,2022-01-27-20:27:51,3,1,2.63213
589,2022-01-27-20:27:54,1,6,2.97217
590,2022-01-27-20:27:57,6,4,2.78040
591,2022-01-27-20:27:58,4,0,1.64330
592,2022-01-27-20:28:01,0,3,2.69728
593,2022-01-27-20:28:04,3,4,2.37267
594,2022-01-27-20:28:07,4,6,3.81606
595,2022-01-27-20:28:11,6,4,3.49067
596,2022-01-27-20:28:13,4,2,2.22263
597,2022-01-27-20:28:17,2,0,4.29331
598,2022-01-27-20:28:21,0,3,3.73990
599,2022-01-27-20:28:25,3,7,4.03795
600,2022-01-27-20:28:29,7,4,4.21196
601,2022-01-27-20:28:33,4,6,3.36841
602,2022-01-27-20:28:36,6,5,3.27475
603,2022-01-27-20:28:39,5,6,3.32601
604,2022-01-27-20:28:43,6,5,3.58085
605,2022-01-27-20:28:46,5,3,3.25970
606,2022-01-27-20:28:50,3,6,3.53037
607,2022-01-27-20:28:54,6,2,4.21816
608,2022-01-27-20:28:58,2,0,3.99246
609,2022-01-27-20:28:59,0,1,1.16558
610,2022-01-27-20:29:00,1,0,1.38859
611,2022-01-27-20:29:02,0,1,1.21384
612,2022-01-27-20:29:04,1,2,2.01765
613,2022-01-27-20:29:05,2,5,1.56293
614,2022-01-27-20:29:08,5,7,2.97807
615,2022-01-27-20:29:11,7,5,2.86955
616,2022-01-27-20:29:13,5,4,2.21013
617,2022-01-27-20:29:15,4,1,1.47973
618,2022-01-27-20:29:17,1,5,2.09927
619,2022-01-27-20:29:19,5,4,2.31207
620,2022-01-27-20:29:22,4,3,2.36146
621,2022-01-27-20:29:24,3,6,2.13104
622,2022-01-27-20:29:27,6,7,3.55026
623,2022-01-27-20:29:31,7,1,3.70921
624,2022-01-27-20:29:32,1,0,1.17491
625,2022-01-27-20:29:34,0,2,1.82092
626,2022-01-27-20:29:36,2,4,1.91241
627,2022-01-27-20:29:38,4,2,1.92454
628,2022-01-27-20:29:41,2,3,3.45967
629,2022-01-27-20:29:44,3,0,2.89768
630,2022-01-27-20:29:48,0,3,3.47036
631,2022-01-27-20:29:52,3,7,4.04402
632,2022-01-27-20:29:55,7,6,2.92668
633,2022-01-27-20:29:58,6,1,3.62715
634,2022-01-27-20:30:01,1,3,2.54812
635,2022-01-27-20:30:03,3,0,2.50289
636,2022-01-27-20:30:05,0,1,1.24800
637,2022-01-27-20:30:06,1,0,1.21264
638,2022-01-27-20:30:08,0,5,2.64454
639,2022-01-27-20:30:10,5,2,1.89635
640,2022-01-27-20:30:12,2,5,1.74957
641,2022-01-27-20:30:14,5,3,2.30085
642,2022-01-27-20:30:17,3,2,2.70682
643,2022-01-27-20:30:19,2,5,1.57053
644,2022-01-27-20:30:22,5,3,3.25557
645,2022-01-27-20:30:26,3,1,3.96869
646,2022-01-27-20:30:28,1,2,2.34714
647,2022-01-27-20:30:30,2,4,1.98838
648,2022-01-27-20:30:32,4,1,1.51020
649,2022-01-27-20:30:35,1,3,2.98118
650,2022-01-27-20:30:38,3,2,3.17015
651,2022-01-27-20:30:41,2,7,3.03042
652,2022-01-27-20:30:46,7,1,4.71802
653,2022-01-27-20:30:49,1,6,3.83464
654,2022-01-27-20:30:54,6,1,4.17409
655,2022-01-27-20:30:55,1,0,1.20034
656,2022-01-27-20:30:58,0,6,3.19868
657,2022-01-27-20:31:00,6,3,2.27349
658,2022-01-27-20:31:04,3,7,3.52004
659,2022-01-27-20:31:07,7,2,2.68072
660,2022-01-27-20:31:09,2,3,2.83981
661,2022-01-27-20:31:12,3,6,2.23746
662,2022-01-27-20:31:15,6,7,3.42955
663,2022-01-27-20:31:18,7,2,2.80497
664,2022-01-27-20:31:20,2,5,1.75248
665,2022-01-27-20:31:22,5,7,2.66494
666,2022-01-27-20:31:25,7,5,2.77947
667,2022-01-27-20:31:27,5,2,1.76185
668,2022-01-27-20:31:30,2,7,2.93242
669,2022-01-27-20:31:33,7,6,2.81359
670,2022-01-27-20:31:35,6,0,2.90639
671,2022-01-27-20:31:38,0,3,2.67191
672,2022-01-27-20:31:42,3,7,3.47337
673,2022-01-27-20:31:45,7,6,2.90821
674,2022-01-27-20:31:48,6,5,3.69877
675,2022-01-27-20:31:50,5,0,2.10646
676,2022-01-27-20:31:54,0,6,3.80955
677,2022-01-27-20:31:58,6,2,3.56313
678,2022-01-27-20:32:02,2,1,4.39311
679,2022-01-27-20:32:05,1,5,2.54737
680,2022-01-27-20:32:08,5,3,2.99035
681,2022-01-27-20:32:11,3,7,3.70984
682,2022-01-27-20:32:14,7,6,2.82951
683,2022-01-27-20:32:18,6,0,3.67100
684,2022-01-27-20:32:19,0,1,1.27604
685,2022-01-27-20:32:21,1,0,1.49193
686,2022-01-27-20:32:23,0,2,1.90773
687,2022-01-27-20:32:24,2,0,1.81965
688,2022-01-27-20:32:27,0,5,2.35366
689,2022-01-27-20:32:30,5,6,3.41251
690,2022-01-27-20:32:34,6,3,3.99077
691,2022-01-27-20:32:37,3,4,2.40711
692,2022-01-27-20:32:39,4,7,2.15192
693,2022-01-27-20:32:43,7,6,4.14925
694,2022-01-27-20:32:47,6,1,3.93210
695,2022-01-27-20:32:48,1,4,1.55503
696,2022-01-27-20:32:53,4,2,4.48921
697,2022-01-27-20:32:56,2,7,3.57721
698,2022-01-27-20:33:00,7,6,3.14408
699,2022-01-27-20:33:03,6,3,3.92170
700,2022-01-27-20:33:08,3,7,4.10944
701,2022-01-27-20:33:10,7,6,2.95513
702,2022-01-27-20:33:14,6,2,3.54498
703,2022-01-27-20:33:17,2,6,3.24891
704,2022-01-27-20:33:20,6,1,3.01703
705,2022-01-27-20:33:24,1,6,3.87665
706,2022-01-27-20:33:28,6,3,4.29401
707,2022-01-27-20:33:32,3,7,3.44219
708,2022-01-27-20:33:35,7,3,3.48620
709,2022-01-27-20:33:39,3,2,3.42820
710,2022-01-27-20:33:42,2,7,2.91242
711,2022-01-27-20:33:45,7,3,3.47483
712,2022-01-27-20:33:50,3,2,4.51139
713,2022-01-27-20:33:53,2,7,3.31944
714,2022-01-27-20:33:56,7,6,2.85079
715,2022-01-27-20:34:00,6,0,4.45633
716,2022-01-27-20:34:02,0,4,1.80369
717,2022-01-27-20:34:04,4,7,2.15827
718,2022-01-27-20:34:08,7,3,4.16680
719,2022-01-27-20:34:12,3,0,3.67544
720,2022-01-27-20:34:14,0,4,1.68388
721,2022-01-27-20:34:16,4,5,2.10358
722,2022-01-27-20:34:19,5,6,3.47424
723,2022-01-27-20:34:23,6,5,3.85496
724,2022-01-27-20:34:27,5,3,3.40485
725,2022-01-27-20:34:30,3,0,3.77442
726,2022-01-27-20:34:33,0,7,2.33321
727,2022-01-27-20:34:35,7,0,2.37688
728,2022-01-27-20:34:36,0,1,1.21729
729,2022-01-27-20:34:38,1,0,1.21993
730,2022-01-27-20:34:40,0,2,2.02731
731,2022-01-27-20:34:43,2,6,3.36971
732,2022-01-27-20:34:47,6,2,3.52041
733,2022-01-27-20:34:51,2,3,4.41516
734,2022-01-27-20:34:53,3,4,2.53644
735,2022-01-27-20:34:56,4,3,2.48760
736,2022-01-27-20:34:59,3,5,3.07472
737,2022-01-27-20:35:01,5,2,1.97879
738,2022-01-27-20:35:04,2,7,2.83081
739,2022-01-27-20:35:07,7,5,3.15433
740,2022-01-27-20:35:10,5,6,3.36970
741,2022-01-27-20:35:14,6,5,3.75840
742,2022-01-27-20:35:17,5,7,3.21852
743,2022-01-27-20:35:21,7,0,3.46954
744,2022-01-27-20:35:23,0,2,2.17899
745,2022-01-27-20:35:25,2,4,2.01096
746,2022-01-27-20:35:27,4,7,2.14988
747,2022-01-27-20:35:31,7,3,4.24016
748,2022-01-27-20:35:35,3,1,3.88036
749,2022-01-27-20:35:37,1,4,1.59291
750,2022-01-27-20:35:39,4,7,2.08305
751,2022-01-27-20:35:41,7,0,2.10202
752,2022-01-27-20:35:43,0,4,1.95628
753,2022-01-27-20:35:45,4,1,1.60168
754,2022-01-27-20:35:47,1,7,1.98020
755,2022-01-27-20:35:49,7,0,2.44681
756,2022-01-27-20:35:51,0,5,2.15180
757,2022-01-27-20:35:56,5,2,4.81380
758,2022-01-27-20:35:58,2,4,2.16781
759,2022-01-27-20:36:02,4,5,3.86323
760,2022-01-27-20:36:04,5,4,1.98355
761,2022-01-27-20:36:09,4,2,4.52346
762,2022-01-27-20:36:14,2,7,4.99543
763,2022-01-27-20:36:18,7,3,4.62066
764,2022-01-27-20:36:22,3,1,4.22459
765,2022-01-27-20:36:24,1,0,1.46277
766,2022-01-27-20:36:26,0,4,1.87259
767,2022-01-27-20:36:27,4,1,1.56825
768,2022-01-27-20:36:29,1,4,1.66874
769,2022-01-27-20:36:31,4,1,1.76585
770,2022-01-27-20:36:32,1,0,1.23923
771,2022-01-27-20:36:35,0,3,3.17536
772,2022-01-27-20:36:38,3,5,2.39101
773,2022-01-27-20:36:41,5,3,3.50852
774,2022-01-27-20:36:45,3,7,4.17361
775,2022-01-27-20:36:48,7,5,2.99997
776,2022-01-27-20