"iteration,date,init_position,final_position,time"
0,2022-01-27-13:12:25,-1,2,3.12389
1,2022-01-27-13:12:28,2,3,2.58730
2,2022-01-27-13:12:30,3,5,2.14823
3,2022-01-27-13:12:32,5,2,1.51755
4,2022-01-27-13:12:33,2,5,1.48601
5,2022-01-27-13:12:35,5,0,1.83888
6,2022-01-27-13:12:37,0,2,1.70119
7,2022-01-27-13:12:39,2,1,1.95975
8,2022-01-27-13:12:41,1,5,1.92856
9,2022-01-27-13:12:42,5,2,1.48460
10,2022-01-27-13:12:45,2,6,3.09642
11,2022-01-27-13:12:49,6,7,3.99931
12,2022-01-27-13:12:52,7,2,2.55500
13,2022-01-27-13:12:54,2,7,2.59143
14,2022-01-27-13:12:58,7,6,4.00643
15,2022-01-27-13:13:01,6,5,3.10287
16,2022-01-27-13:13:03,5,0,1.85294
17,2022-01-27-13:13:06,0,3,2.37834
18,2022-01-27-13:13:08,3,5,2.16165
19,2022-01-27-13:13:09,5,2,1.51608
20,2022-01-27-13:13:11,2,1,1.92678
21,2022-01-27-13:13:13,1,2,1.98460
22,2022-01-27-13:13:16,2,6,3.07691
23,2022-01-27-13:13:19,6,2,3.07926
24,2022-01-27-13:13:22,2,3,2.55903
25,2022-01-27-13:13:24,3,5,2.19444
26,2022-01-27-13:13:27,5,7,2.54607
27,2022-01-27-13:13:29,7,2,2.58664
28,2022-01-27-13:13:31,2,0,1.71837
29,2022-01-27-13:13:33,0,7,1.91891
30,2022-01-27-13:13:37,7,6,3.98651
31,2022-01-27-13:13:40,6,4,3.42750
32,2022-01-27-13:13:42,4,1,1.32558
33,2022-01-27-13:13:44,1,2,1.98828
34,2022-01-27-13:13:46,2,3,2.56483
35,2022-01-27-13:13:49,3,0,2.35650
36,2022-01-27-13:13:50,0,5,1.88463
37,2022-01-27-13:13:52,5,0,1.82099
38,2022-01-27-13:13:56,0,6,3.46509
39,2022-01-27-13:13:59,6,3,3.64639
40,2022-01-27-13:14:01,3,7,2.16023
41,2022-01-27-13:14:04,7,3,2.11680
42,2022-01-27-13:14:07,3,6,3.63620
43,2022-01-27-13:14:11,6,3,3.65097
44,2022-01-27-13:14:13,3,4,2.13042
45,2022-01-27-13:14:15,4,3,2.13839
46,2022-01-27-13:14:18,3,0,2.36083
47,2022-01-27-13:14:19,0,1,1.05202
48,2022-01-27-13:14:21,1,3,2.23619
49,2022-01-27-13:14:23,3,2,2.58743
50,2022-01-27-13:14:25,2,4,1.78994
51,2022-01-27-13:14:27,4,5,1.79477
52,2022-01-27-13:14:29,5,3,2.24586
53,2022-01-27-13:14:32,3,2,2.54819
54,2022-01-27-13:14:34,2,4,1.78254
55,2022-01-27-13:14:35,4,7,1.89915
56,2022-01-27-13:14:39,7,6,3.97432
57,2022-01-27-13:14:42,6,5,3.04111
58,2022-01-27-13:14:46,5,6,3.07991
59,2022-01-27-13:14:49,6,1,3.53964
60,2022-01-27-13:14:50,1,0,1.09051
61,2022-01-27-13:14:52,0,5,1.84049
62,2022-01-27-13:14:55,5,7,2.56957
63,2022-01-27-13:14:57,7,0,1.92979
64,2022-01-27-13:14:58,0,5,1.86993
65,2022-01-27-13:15:01,5,7,2.59481
66,2022-01-27-13:15:05,7,6,3.95994
67,2022-01-27-13:15:08,6,1,3.51946
68,2022-01-27-13:15:10,1,5,1.93339
69,2022-01-27-13:15:12,5,2,1.50656
70,2022-01-27-13:15:14,2,1,1.93986
71,2022-01-27-13:15:15,1,0,1.02018
72,2022-01-27-13:15:16,0,4,1.50848
73,2022-01-27-13:15:18,4,7,1.84480
74,2022-01-27-13:15:20,7,0,1.90697
75,2022-01-27-13:15:21,0,1,1.06324
76,2022-01-27-13:15:23,1,3,2.27200
77,2022-01-27-13:15:26,3,0,2.36601
78,2022-01-27-13:15:28,0,3,2.35614
79,2022-01-27-13:15:30,3,5,2.14265
80,2022-01-27-13:15:33,5,3,2.21631
81,2022-01-27-13:15:35,3,0,2.35162
82,2022-01-27-13:15:36,0,1,1.01562
83,2022-01-27-13:15:38,1,5,1.98973
84,2022-01-27-13:15:41,5,7,2.64768
85,2022-01-27-13:15:42,7,4,1.90618
86,2022-01-27-13:15:44,4,0,1.52130
87,2022-01-27-13:15:45,0,1,1.05618
88,2022-01-27-13:15:47,1,3,2.23015
89,2022-01-27-13:15:50,3,0,2.37919
90,2022-01-27-13:15:52,0,3,2.38696
91,2022-01-27-13:15:56,3,6,3.62678
92,2022-01-27-13:15:59,6,1,3.53252
93,2022-01-27-13:16:01,1,7,1.69252
94,2022-01-27-13:16:03,7,3,2.10140
95,2022-01-27-13:16:05,3,1,2.23876
96,2022-01-27-13:16:07,1,5,1.93953
97,2022-01-27-13:16:10,5,6,3.06051
98,2022-01-27-13:16:14,6,1,3.53031
99,2022-01-27-13:16:16,1,3,2.22792
100,2022-01-27-13:16:18,3,0,2.43957
101,2022-01-27-13:16:20,0,2,1.66844
102,2022-01-27-13:16:22,2,0,1.72933
103,2022-01-27-13:16:24,0,7,1.96619
104,2022-01-27-13:16:26,7,2,2.58470
105,2022-01-27-13:16:29,2,3,2.59783
106,2022-01-27-13:16:31,3,4,2.12703
107,2022-01-27-13:16:33,4,3,2.08854
108,2022-01-27-13:16:35,3,4,2.12650
109,2022-01-27-13:16:37,4,3,2.16336
110,2022-01-27-13:16:40,3,0,2.39441
111,2022-01-27-13:16:42,0,5,1.89060
112,2022-01-27-13:16:43,5,2,1.52528
113,2022-01-27-13:16:46,2,3,2.62518
114,2022-01-27-13:16:50,3,6,3.59628
115,2022-01-27-13:16:53,6,5,3.14338
116,2022-01-27-13:16:55,5,0,1.90538
117,2022-01-27-13:16:56,0,2,1.78714
118,2022-01-27-13:16:58,2,1,2.00530
119,2022-01-27-13:17:00,1,5,1.90753
120,2022-01-27-13:17:02,5,3,2.22169
121,2022-01-27-13:17:05,3,1,2.26091
122,2022-01-27-13:17:07,1,3,2.25560
123,2022-01-27-13:17:09,3,5,2.17308
124,2022-01-27-13:17:11,5,1,1.93244
125,2022-01-27-13:17:13,1,3,2.25415
126,2022-01-27-13:17:15,3,4,2.12741
127,2022-01-27-13:17:17,4,0,1.53975
128,2022-01-27-13:17:19,0,7,1.94835
129,2022-01-27-13:17:21,7,0,1.92524
130,2022-01-27-13:17:23,0,5,1.87888
131,2022-01-27-13:17:25,5,1,1.93119
132,2022-01-27-13:17:26,1,7,1.65491
133,2022-01-27-13:17:29,7,5,2.59665
134,2022-01-27-13:17:31,5,1,1.92679
135,2022-01-27-13:17:32,1,4,1.32103
136,2022-01-27-13:17:36,4,6,3.50243
137,2022-01-27-13:17:39,6,5,3.05493
138,2022-01-27-13:17:41,5,7,2.56641
139,2022-01-27-13:17:43,7,4,1.92300
140,2022-01-27-13:17:47,4,6,3.39165
141,2022-01-27-13:17:50,6,4,3.45705
142,2022-01-27-13:17:51,4,1,1.32060
143,2022-01-27-13:17:53,1,4,1.31505
144,2022-01-27-13:17:55,4,2,1.78999
145,2022-01-27-13:17:56,2,5,1.52243
146,2022-01-27-13:17:59,5,7,2.59780
147,2022-01-27-13:18:01,7,0,1.88754
148,2022-01-27-13:18:02,0,7,1.93521
149,2022-01-27-13:18:05,7,5,2.59206
150,2022-01-27-13:18:08,5,7,2.54057
151,2022-01-27-13:18:12,7,6,4.00278
152,2022-01-27-13:18:16,6,7,4.00518
153,2022-01-27-13:18:17,7,1,1.68537
154,2022-01-27-13:18:19,1,4,1.35077
155,2022-01-27-13:18:22,4,6,3.45288
156,2022-01-27-13:18:26,6,0,3.47359
157,2022-01-27-13:18:28,0,7,1.91782
158,2022-01-27-13:18:29,7,1,1.65852
159,2022-01-27-13:18:31,1,3,2.21559
160,2022-01-27-13:18:34,3,1,2.22362
161,2022-01-27-13:18:35,1,0,1.01939
162,2022-01-27-13:18:36,0,1,1.02632
163,2022-01-27-13:18:38,1,5,1.92106
164,2022-01-27-13:18:41,5,6,3.08896
165,2022-01-27-13:18:44,6,3,3.63023
166,2022-01-27-13:18:48,3,6,3.64243
167,2022-01-27-13:18:51,6,0,3.42917
168,2022-01-27-13:18:55,0,6,3.46123
169,2022-01-27-13:18:58,6,3,3.65623
170,2022-01-27-13:19:01,3,0,2.42934
171,2022-01-27-13:19:03,0,3,2.35665
172,2022-01-27-13:19:05,3,1,2.23024
173,2022-01-27-13:19:07,1,5,1.90164
174,2022-01-27-13:19:09,5,2,1.49195
175,2022-01-27-13:19:11,2,0,1.71935
176,2022-01-27-13:19:12,0,1,1.02943
177,2022-01-27-13:19:13,1,0,1.02874
178,2022-01-27-13:19:15,0,7,1.91921
179,2022-01-27-13:19:17,7,3,2.12896
180,2022-01-27-13:19:20,3,6,3.63120
181,2022-01-27-13:19:24,6,4,3.43437
182,2022-01-27-13:19:26,4,3,2.12852
183,2022-01-27-13:19:28,3,5,2.18279
184,2022-01-27-13:19:30,5,4,1.75498
185,2022-01-27-13:19:31,4,0,1.52647
186,2022-01-27-13:19:33,0,7,1.92337
187,2022-01-27-13:19:36,7,2,2.59230
188,2022-01-27-13:19:37,2,5,1.52236
189,2022-01-27-13:19:40,5,3,2.19430
190,2022-01-27-13:19:42,3,7,2.12926
191,2022-01-27-13:19:43,7,1,1.65765
192,2022-01-27-13:19:44,1,0,1.02341
193,2022-01-27-13:19:47,0,3,2.35938
194,2022-01-27-13:19:50,3,6,3.63089
195,2022-01-27-13:19:54,6,3,3.63034
196,2022-01-27-13:19:56,3,7,2.12611
197,2022-01-27-13:19:58,7,1,1.64710
198,2022-01-27-13:19:59,1,7,1.65478
199,2022-01-27-13:20:01,7,1,1.68383
200,2022-01-27-13:20:03,1,7,1.65671
201,2022-01-27-13:20:04,7,1,1.68577
202,2022-01-27-13:20:06,1,4,1.31417
203,2022-01-27-13:20:08,4,7,1.86753
204,2022-01-27-13:20:10,7,3,2.12352
205,2022-01-27-13:20:13,3,6,3.62734
206,2022-01-27-13:20:17,6,0,3.42935
207,2022-01-27-13:20:19,0,7,1.93719
208,2022-01-27-13:20:21,7,4,1.85892
209,2022-01-27-13:20:23,4,7,1.88886
210,2022-01-27-13:20:25,7,2,2.56144
211,2022-01-27-13:20:27,2,4,1.75476
212,2022-01-27-13:20:29,4,2,1.78201
213,2022-01-27-13:20:31,2,1,1.94230
214,2022-01-27-13:20:33,1,3,2.19253
215,2022-01-27-13:20:35,3,2,2.54016
216,2022-01-27-13:20:37,2,4,1.79947
217,2022-01-27-13:20:39,4,3,2.12557
218,2022-01-27-13:20:42,3,0,2.32917
219,2022-01-27-13:20:44,0,5,1.93125
220,2022-01-27-13:20:46,5,7,2.59542
221,2022-01-27-13:20:48,7,4,1.88784
222,2022-01-27-13:20:50,4,2,1.78691
223,2022-01-27-13:20:52,2,7,2.59073
224,2022-01-27-13:20:54,7,3,2.12458
225,2022-01-27-13:20:57,3,5,2.15562
226,2022-01-27-13:20:59,5,0,1.90600
227,2022-01-27-13:21:02,0,6,3.43427
228,2022-01-27-13:21:06,6,7,3.99690
229,2022-01-27-13:21:09,7,2,2.58971
230,2022-01-27-13:21:10,2,5,1.51874
231,2022-01-27-13:21:13,5,7,2.59020
232,2022-01-27-13:21:17,7,6,3.99797
233,2022-01-27-13:21:20,6,0,3.44750
234,2022-01-27-13:21:22,0,7,1.93979
235,2022-01-27-13:21:24,7,3,2.11757
236,2022-01-27-13:21:26,3,7,2.15983
237,2022-01-27-13:21:28,7,3,2.13230
238,2022-01-27-13:21:32,3,6,3.60706
239,2022-01-27-13:21:36,6,1,3.53693
240,2022-01-27-13:21:37,1,7,1.68600
241,2022-01-27-13:21:39,7,3,2.12115
242,2022-01-27-13:21:42,3,0,2.38646
243,2022-01-27-13:21:43,0,1,1.01413
244,2022-01-27-13:21:44,1,0,1.12711
245,2022-01-27-13:21:46,0,3,2.39179
246,2022-01-27-13:21:48,3,7,2.13243
247,2022-01-27-13:21:51,7,3,2.11898
248,2022-01-27-13:21:54,3,6,3.61974
249,2022-01-27-13:21:57,6,5,3.13082
250,2022-01-27-13:22:00,5,6,3.12886
251,2022-01-27-13:22:04,6,7,4.00435
252,2022-01-27-13:22:09,7,6,4.03168
253,2022-01-27-13:22:12,6,2,3.09021
254,2022-01-27-13:22:14,2,1,1.98138
255,2022-01-27-13:22:16,1,3,2.23938
256,2022-01-27-13:22:18,3,2,2.62603
257,2022-01-27-13:22:22,2,6,3.07429
258,2022-01-27-13:22:25,6,1,3.55290
259,2022-01-27-13:22:27,1,5,1.94379
260,2022-01-27-13:22:29,5,0,1.92800
261,2022-01-27-13:22:31,0,5,1.88490
262,2022-01-27-13:22:32,5,2,1.51474
263,2022-01-27-13:22:34,2,0,1.73352
264,2022-01-27-13:22:36,0,3,2.37218
265,2022-01-27-13:22:39,3,2,2.56004
266,2022-01-27-13:22:41,2,0,1.72857
267,2022-01-27-13:22:42,0,2,1.70827
268,2022-01-27-13:22:45,2,3,2.59474
269,2022-01-27-13:22:47,3,0,2.39531
270,2022-01-27-13:22:50,0,3,2.39602
271,2022-01-27-13:22:52,3,7,2.18826
272,2022-01-27-13:22:54,7,4,1.85809
273,2022-01-27-13:22:56,4,2,1.75613
274,2022-01-27-13:22:58,2,1,1.96039
275,2022-01-27-13:23:00,1,3,2.23702
276,2022-01-27-13:23:02,3,7,2.13015
277,2022-01-27-13:23:04,7,1,1.68317
278,2022-01-27-13:23:06,1,5,1.92214
279,2022-01-27-13:23:09,5,6,3.14725
280,2022-01-27-13:23:13,6,7,4.05830
281,2022-01-27-13:23:17,7,6,4.05595
282,2022-01-27-13:23:20,6,5,3.13225
283,2022-01-27-13:23:22,5,0,1.85789
284,2022-01-27-13:23:24,0,2,1.78414
285,2022-01-27-13:23:26,2,7,2.59225
286,2022-01-27-13:23:29,7,2,2.56568
287,2022-01-27-13:23:32,2,6,3.09782
288,2022-01-27-13:23:36,6,3,3.66044
289,2022-01-27-13:23:38,3,2,2.59947
290,2022-01-27-13:23:41,2,3,2.55913
291,2022-01-27-13:23:43,3,4,2.13405
292,2022-01-27-13:23:44,4,0,1.51604
293,2022-01-27-13:23:46,0,7,1.92141
294,2022-01-27-13:23:48,7,3,2.12664
295,2022-01-27-13:23:51,3,4,2.12925
296,2022-01-27-13:23:52,4,5,1.76301
297,2022-01-27-13:23:54,5,4,1.75892
298,2022-01-27-13:23:56,4,0,1.55398
299,2022-01-27-13:23:57,0,2,1.72306
300,2022-01-27-13:24:00,2,7,2.60775
301,2022-01-27-13:24:02,7,3,2.13585
302,2022-01-27-13:24:04,3,1,2.21379
303,2022-01-27-13:24:08,1,6,3.54518
304,2022-01-27-13:24:11,6,2,3.10833
305,2022-01-27-13:24:14,2,3,2.58724
306,2022-01-27-13:24:16,3,5,2.16424
307,2022-01-27-13:24:18,5,1,1.94078
308,2022-01-27-13:24:20,1,3,2.23790
309,2022-01-27-13:24:22,3,0,2.39543
310,2022-01-27-13:24:24,0,7,1.92211
311,2022-01-27-13:24:28,7,6,4.00038
312,2022-01-27-13:24:32,6,1,3.50207
313,2022-01-27-13:24:34,1,5,1.89950
314,2022-01-27-13:24:36,5,3,2.19134
315,2022-01-27-13:24:38,3,1,2.22024
316,2022-01-27-13:24:42,1,6,3.58176
317,2022-01-27-13:24:45,6,4,3.44412
318,2022-01-27-13:24:46,4,1,1.32902
319,2022-01-27-13:24:48,1,4,1.32782
320,2022-01-27-13:24:50,4,7,1.88801
321,2022-01-27-13:24:51,7,1,1.66128
322,2022-01-27-13:24:53,1,7,1.68512
323,2022-01-27-13:24:56,7,2,2.59879
324,2022-01-27-13:24:58,2,3,2.59382
325,2022-01-27-13:25:00,3,7,2.15141
326,2022-01-27-13:25:03,7,5,2.56171
327,2022-01-27-13:25:04,5,2,1.52837
328,2022-01-27-13:25:06,2,1,1.96637
329,2022-01-27-13:25:07,1,0,1.08542
330,2022-01-27-13:25:09,0,4,1.52831
331,2022-01-27-13:25:10,4,1,1.33367
332,2022-01-27-13:25:12,1,2,1.96999
333,2022-01-27-13:25:15,2,6,3.11947
334,2022-01-27-13:25:19,6,0,3.44063
335,2022-01-27-13:25:21,0,5,1.86611
336,2022-01-27-13:25:23,5,1,1.93333
337,2022-01-27-13:25:25,1,2,1.97757
338,2022-01-27-13:25:26,2,4,1.77306
339,2022-01-27-13:25:28,4,5,1.76741
340,2022-01-27-13:25:31,5,7,2.56774
341,2022-01-27-13:25:33,7,0,1.91240
342,2022-01-27-13:25:34,0,2,1.73137
343,2022-01-27-13:25:36,2,0,1.73674
344,2022-01-27-13:25:38,0,2,1.73017
345,2022-01-27-13:25:39,2,5,1.51147
346,2022-01-27-13:25:41,5,2,1.52906
347,2022-01-27-13:25:43,2,3,2.57293
348,2022-01-27-13:25:46,3,2,2.58881
349,2022-01-27-13:25:49,2,7,2.58113
350,2022-01-27-13:25:53,7,6,4.00583
351,2022-01-27-13:25:57,6,7,4.02261
352,2022-01-27-13:25:58,7,4,1.89278
353,2022-01-27-13:26:00,4,7,1.86688
354,2022-01-27-13:26:03,7,5,2.56388
355,2022-01-27-13:26:05,5,0,1.85385
356,2022-01-27-13:26:06,0,1,1.02034
357,2022-01-27-13:26:07,1,7,1.66626
358,2022-01-27-13:26:09,7,4,1.85068
359,2022-01-27-13:26:11,4,5,1.76781
360,2022-01-27-13:26:13,5,4,1.79908
361,2022-01-27-13:26:15,4,7,1.84770
362,2022-01-27-13:26:16,7,1,1.65230
363,2022-01-27-13:26:18,1,5,1.95147
364,2022-01-27-13:26:20,5,4,1.77111
365,2022-01-27-13:26:21,4,1,1.33462
366,2022-01-27-13:26:24,1,3,2.22336
367,2022-01-27-13:26:26,3,2,2.57707
368,2022-01-27-13:26:28,2,0,1.73183
369,2022-01-27-13:26:30,0,7,1.92080
370,2022-01-27-13:26:34,7,6,4.01650
371,2022-01-27-13:26:37,6,2,3.06062
372,2022-01-27-13:26:40,2,6,3.10377
373,2022-01-27-13:26:44,6,1,3.53285
374,2022-01-27-13:26:45,1,7,1.69849
375,2022-01-27-13:26:49,7,6,4.04160
376,2022-01-27-13:26:53,6,0,3.43565
377,2022-01-27-13:26:55,0,5,1.88911
378,2022-01-27-13:26:57,5,1,1.93589
379,2022-01-27-13:26:58,1,0,1.00036
380,2022-01-27-13:27:00,0,3,2.37394
381,2022-01-27-13:27:03,3,2,2.63847
382,2022-01-27-13:27:04,2,4,1.75699
383,2022-01-27-13:27:06,4,1,1.31695
384,2022-01-27-13:27:08,1,5,1.92254
385,2022-01-27-13:27:10,5,3,2.16060
386,2022-01-27-13:27:12,3,7,2.13103
387,2022-01-27-13:27:14,7,4,1.88687
388,2022-01-27-13:27:15,4,1,1.34237
389,2022-01-27-13:27:17,1,2,2.05648
390,2022-01-27-13:27:19,2,5,1.54733
391,2022-01-27-13:27:20,5,2,1.51489
392,2022-01-27-13:27:22,2,0,1.73183
393,2022-01-27-13:27:24,0,3,2.40363
394,2022-01-27-13:27:27,3,1,2.20038
395,2022-01-27-13:27:28,1,7,1.65391
396,2022-01-27-13:27:32,7,6,4.02569
397,2022-01-27-13:27:36,6,3,3.65522
398,2022-01-27-13:27:40,3,6,3.64503
399,2022-01-27-13:27:43,6,5,3.11029
400,2022-01-27-13:27:45,5,1,1.93227
401,2022-01-27-13:27:46,1,4,1.34994
402,2022-01-27-13:27:47,4,0,1.51665
403,2022-01-27-13:27:49,0,4,1.54494
404,2022-01-27-13:27:51,4,0,1.52769
405,2022-01-27-13:27:52,0,4,1.51673
406,2022-01-27-13:27:53,4,1,1.28681
407,2022-01-27-13:27:55,1,5,1.93101
408,2022-01-27-13:27:58,5,7,2.57161
409,2022-01-27-13:28:02,7,6,4.00723
410,2022-01-27-13:28:05,6,0,3.43893
411,2022-01-27-13:28:07,0,4,1.51491
412,2022-01-27-13:28:09,4,7,1.87263
413,2022-01-27-13:28:11,7,2,2.56434
414,2022-01-27-13:28:13,2,0,1.72480
415,2022-01-27-13:28:15,0,2,1.76485
416,2022-01-27-13:28:18,2,6,3.14268
417,2022-01-27-13:28:22,6,7,3.99875
418,2022-01-27-13:28:24,7,4,1.86420
419,2022-01-27-13:28:27,4,6,3.49135
420,2022-01-27-13:28:31,6,3,3.64756
421,2022-01-27-13:28:34,3,2,2.66188
422,2022-01-27-13:28:36,2,3,2.56765
423,2022-01-27-13:28:38,3,5,2.17622
424,2022-01-27-13:28:40,5,2,1.52629
425,2022-01-27-13:28:43,2,6,3.12371
426,2022-01-27-13:28:47,6,3,3.63616
427,2022-01-27-13:28:49,3,1,2.21952
428,2022-01-27-13:28:50,1,4,1.30949
429,2022-01-27-13:28:54,4,6,3.43522
430,2022-01-27-13:28:57,6,2,3.10666
431,2022-01-27-13:28:58,2,4,1.78489
432,2022-01-27-13:29:00,4,7,1.85420
433,2022-01-27-13:29:04,7,6,3.99665
434,2022-01-27-13:29:07,6,5,3.09851
435,2022-01-27-13:29:09,5,1,1.94143
436,2022-01-27-13:29:11,1,4,1.31598
437,2022-01-27-13:29:12,4,5,1.78529
438,2022-01-27-13:29:14,5,2,1.50009
439,2022-01-27-13:29:16,2,4,1.79327
440,2022-01-27-13:29:17,4,1,1.32375
441,2022-01-27-13:29:19,1,7,1.68380
442,2022-01-27-13:29:21,7,5,2.64678
443,2022-01-27-13:29:25,5,6,3.13301
444,2022-01-27-13:29:28,6,2,3.11569
445,2022-01-27-13:29:29,2,4,1.77438
446,2022-01-27-13:29:31,4,1,1.33838
447,2022-01-27-13:29:33,1,5,1.93961
448,2022-01-27-13:29:34,5,2,1.54366
449,2022-01-27-13:29:36,2,4,1.76479
450,2022-01-27-13:29:39,4,6,3.44977
451,2022-01-27-13:29:43,6,2,3.10789
452,2022-01-27-13:29:45,2,1,2.00355
453,2022-01-27-13:29:48,1,6,3.53434
454,2022-01-27-13:29:51,6,2,3.04598
455,2022-01-27-13:29:54,2,7,2.60257
456,2022-01-27-13:29:55,7,1,1.69114
457,2022-01-27-13:29:57,1,4,1.32974
458,2022-01-27-13:29:59,4,7,1.83092
459,2022-01-27-13:30:01,7,5,2.58020
460,2022-01-27-13:30:03,5,1,1.93091
461,2022-01-27-13:30:05,1,3,2.23240
462,2022-01-27-13:30:09,3,6,3.67423
463,2022-01-27-13:30:12,6,0,3.43438
464,2022-01-27-13:30:14,0,5,1.88218
465,2022-01-27-13:30:16,5,2,1.52229
466,2022-01-27-13:30:19,2,6,3.09124
467,2022-01-27-13:30:22,6,2,3.11526
468,2022-01-27-13:30:25,2,3,2.60663
469,2022-01-27-13:30:27,3,7,2.11887
470,2022-01-27-13:30:29,7,2,2.58859
471,2022-01-27-13:30:32,2,7,2.61534
472,2022-01-27-13:30:35,7,2,2.60783
473,2022-01-27-13:30:36,2,4,1.79563
474,2022-01-27-13:30:38,4,0,1.55229
475,2022-01-27-13:30:40,0,7,1.91984
476,2022-01-27-13:30:42,7,3,2.15397
477,2022-01-27-13:30:44,3,7,2.14710
478,2022-01-27-13:30:46,7,3,2.14499
479,2022-01-27-13:30:49,3,0,2.34557
480,2022-01-27-13:30:50,0,2,1.71991
481,2022-01-27-13:30:52,2,0,1.72808
482,2022-01-27-13:30:56,0,6,3.43280
483,2022-01-27-13:30:59,6,5,3.10065
484,2022-01-27-13:31:01,5,3,2.19088
485,2022-01-27-13:31:03,3,4,2.10699
486,2022-01-27-13:31:05,4,2,1.79242
487,2022-01-27-13:31:06,2,5,1.52076
488,2022-01-27-13:31:09,5,6,3.11520
489,2022-01-27-13:31:13,6,3,3.64605
490,2022-01-27-13:31:16,3,2,2.60721
491,2022-01-27-13:31:18,2,1,2.00920
492,2022-01-27-13:31:19,1,7,1.68587
493,2022-01-27-13:31:23,7,6,4.04346
494,2022-01-27-13:31:27,6,2,3.12585
495,2022-01-27-13:31:28,2,0,1.76561
496,2022-01-27-13:31:30,0,4,1.52034
497,2022-01-27-13:31:33,4,6,3.51326
498,2022-01-27-13:31:36,6,2,3.08666
499,2022-01-27-13:31:40,2,6,3.18096
500,2022-01-27-13:31:43,6,2,3.10590
501,2022-01-27-13:31:45,2,1,1.99183
502,2022-01-27-13:31:48,1,6,3.60809
503,2022-01-27-13:31:51,6,5,3.11181
504,2022-01-27-13:31:54,5,3,2.18589
505,2022-01-27-13:31:56,3,5,2.23292
506,2022-01-27-13:31:57,5,2,1.53381
507,2022-01-27-13:32:00,2,6,3.11002
508,2022-01-27-13:32:04,6,5,3.13607
509,2022-01-27-13:32:05,5,4,1.83514
510,2022-01-27-13:32:07,4,2,1.81533
511,2022-01-27-13:32:09,2,5,1.53355
512,2022-01-27-13:32:11,5,1,1.92983
513,2022-01-27-13:32:12,1,7,1.67523
514,2022-01-27-13:32:14,7,4,1.88942
515,2022-01-27-13:32:18,4,6,3.50177
516,2022-01-27-13:32:21,6,0,3.48875
517,2022-01-27-13:32:23,0,2,1.73253
518,2022-01-27-13:32:25,2,1,2.04709
519,2022-01-27-13:32:27,1,3,2.28903
520,2022-01-27-13:32:29,3,4,2.14663
521,2022-01-27-13:32:33,4,6,3.46601
522,2022-01-27-13:32:36,6,0,3.44911
523,2022-01-27-13:32:38,0,5,1.95063
524,2022-01-27-13:32:40,5,0,1.86340
525,2022-01-27-13:32:44,0,6,3.46940
526,2022-01-27-13:32:47,6,5,3.14308
527,2022-01-27-13:32:48,5,2,1.52194
528,2022-01-27-13:32:50,2,5,1.52840
529,2022-01-27-13:32:53,5,6,3.11179
530,2022-01-27-13:32:56,6,0,3.47293
531,2022-01-27-13:32:58,0,2,1.73675
532,2022-01-27-13:33:01,2,6,3.11428
533,2022-01-27-13:33:05,6,1,3.55046
534,2022-01-27-13:33:06,1,0,1.03411
535,2022-01-27-13:33:08,0,2,1.74546
536,2022-01-27-13:33:11,2,6,3.10526
537,2022-01-27-13:33:14,6,4,3.44086
538,2022-01-27-13:33:16,4,1,1.35852
539,2022-01-27-13:33:17,1,0,1.03465
540,2022-01-27-13:33:19,0,3,2.36379
541,2022-01-27-13:33:21,3,1,2.23785
542,2022-01-27-13:33:22,1,0,0.98470
543,2022-01-27-13:33:24,0,4,1.52486
544,2022-01-27-13:33:25,4,1,1.33561
545,2022-01-27-13:33:26,1,0,1.02127
546,2022-01-27-13:33:30,0,6,3.46933
547,2022-01-27-13:33:33,6,5,3.10554
548,2022-01-27-13:33:35,5,0,1.93659
549,2022-01-27-13:33:36,0,7,1.92809
550,2022-01-27-13:33:41,7,6,4.01797
551,2022-01-27-13:33:44,6,0,3.46433
552,2022-01-27-13:33:46,0,7,1.93349
553,2022-01-27-13:33:48,7,0,1.92077
554,2022-01-27-13:33:49,0,1,1.08554
555,2022-01-27-13:33:50,1,0,1.10528
556,2022-01-27-13:33:52,0,4,1.52840
557,2022-01-27-13:33:53,4,5,1.79785
558,2022-01-27-13:33:55,5,1,1.92789
559,2022-01-27-13:33:57,1,4,1.32132
560,2022-01-27-13:34:00,4,6,3.45283
561,2022-01-27-13:34:03,6,0,3.44697
562,2022-01-27-13:34:05,0,1,1.08526
563,2022-01-27-13:34:08,1,6,3.54941
564,2022-01-27-13:34:12,6,0,3.49458
565,2022-01-27-13:34:13,0,2,1.73549
566,2022-01-27-13:34:15,2,4,1.82097
567,2022-01-27-13:34:17,4,0,1.54960
568,2022-01-27-13:34:18,0,4,1.61962
569,2022-01-27-13:34:20,4,5,1.80461
570,2022-01-27-13:34:22,5,0,1.88702
571,2022-01-27-13:34:24,0,4,1.53676
572,2022-01-27-13:34:25,4,1,1.36621
573,2022-01-27-13:34:29,1,6,3.65533
574,2022-01-27-13:34:32,6,5,3.10992
575,2022-01-27-13:34:34,5,1,1.93032
576,2022-01-27-13:34:36,1,3,2.27370
577,2022-01-27-13:34:38,3,7,2.18094
578,2022-01-27-13:34:40,7,4,1.89516
579,2022-01-27-13:34:42,4,5,1.78287
580,2022-01-27-13:34:45,5,6,3.11467
581,2022-01-27-13:34:48,6,2,3.13817
582,2022-01-27-13:34:51,2,7,2.61776
583,2022-01-27-13:34:53,7,5,2.65041
584,2022-01-27-13:34:55,5,1,1.94670
585,2022-01-27-13:34:57,1,4,1.33921
586,2022-01-27-13:34:58,4,2,1.80556
587,2022-01-27-13:35:00,2,5,1.52630
588,2022-01-27-13:35:03,5,6,3.09759
589,2022-01-27-13:35:06,6,4,3.44610
590,2022-01-27-13:35:08,4,1,1.34883
591,2022-01-27-13:35:09,1,4,1.30794
592,2022-01-27-13:35:11,4,0,1.52332
593,2022-01-27-13:35:13,0,3,2.34256
594,2022-01-27-13:35:16,3,2,2.56800
595,2022-01-27-13:35:18,2,1,2.01519
596,2022-01-27-13:35:20,1,2,2.00955
597,2022-01-27-13:35:21,2,5,1.51890
598,2022-01-27-13:35:23,5,1,1.94398
599,2022-01-27-13:35:25,1,3,2.23959
600,2022-01-27-13:35:27,3,7,2.13241
601,2022-01-27-13:35:31,7,6,4.03438
602,2022-01-27-13:35:35,6,4,3.47825
603,2022-01-27-13:35:37,4,3,2.14009
604,2022-01-27-13:35:39,3,7,2.21207
605,2022-01-27-13:35:41,7,3,2.12317
606,2022-01-27-13:35:44,3,0,2.39389
607,2022-01-27-13:35:46,0,7,1.93634
608,2022-01-27-13:35:47,7,1,1.71188
609,2022-01-27-13:35:49,1,7,1.69920
610,2022-01-27-13:35:52,7,2,2.56075
611,2022-01-27-13:35:55,2,6,3.10753
612,2022-01-27-13:35:59,6,7,4.01367
613,2022-01-27-13:36:01,7,3,2.12998
614,2022-01-27-13:36:03,3,0,2.39147
615,2022-01-27-13:36:05,0,4,1.52089
616,2022-01-27-13:36:07,4,7,1.93893
617,2022-01-27-13:36:09,7,2,2.60661
618,2022-01-27-13:36:11,2,5,1.52794
619,2022-01-27-13:36:14,5,7,2.61061
620,2022-01-27-13:36:15,7,4,1.85590
621,2022-01-27-13:36:17,4,2,1.77421
622,2022-01-27-13:36:19,2,4,1.83991
623,2022-01-27-13:36:21,4,2,1.79893
624,2022-01-27-13:36:24,2,6,3.10011
625,2022-01-27-13:36:27,6,1,3.56072
626,2022-01-27-13:36:31,1,6,3.53989
627,2022-01-27-13:36:34,6,4,3.40580
628,2022-01-27-13:36:36,4,1,1.32809
629,2022-01-27-13:36:37,1,7,1.69707
630,2022-01-27-13:36:39,7,1,1.68850
631,2022-01-27-13:36:41,1,2,1.96712
632,2022-01-27-13:36:44,2,7,2.58694
633,2022-01-27-13:36:45,7,1,1.67144
634,2022-01-27-13:36:47,1,5,1.96356
635,2022-01-27-13:36:49,5,2,1.53173
636,2022-01-27-13:36:51,2,3,2.62839
637,2022-01-27-13:36:54,3,2,2.61764
638,2022-01-27-13:36:56,2,0,1.73932
639,2022-01-27-13:36:58,0,3,2.40891
640,2022-01-27-13:37:00,3,7,2.13260
641,2022-01-27-13:37:02,7,1,1.69503
642,2022-01-27-13:37:04,1,5,1.95467
643,2022-01-27-13:37:06,5,0,1.92708
644,2022-01-27-13:37:08,0,7,1.91923
645,2022-01-27-13:37:10,7,0,1.93410
646,2022-01-27-13:37:11,0,1,1.02432
647,2022-01-27-13:37:13,1,5,1.93748
648,2022-01-27-13:37:15,5,4,1.80713
649,2022-01-27-13:37:16,4,5,1.77433
650,2022-01-27-13:37:18,5,4,1.80573
651,2022-01-27-13:37:22,4,6,3.49922
652,2022-01-27-13:37:25,6,1,3.59946
653,2022-01-27-13:37:27,1,4,1.33790
654,2022-01-27-13:37:30,4,6,3.47633
655,2022-01-27-13:37:34,6,3,3.69126
656,2022-01-27-13:37:36,3,7,2.13936
657,2022-01-27-13:37:38,7,1,1.69860
658,2022-01-27-13:37:39,1,7,1.66052
659,2022-01-27-13:37:41,7,4,1.90023
660,2022-01-27-13:37:43,4,5,1.79133
661,2022-01-27-13:37:46,5,7,2.61320
662,2022-01-27-13:37:50,7,6,4.03739
663,2022-01-27-13:37:53,6,5,3.09796
664,2022-01-27-13:37:54,5,2,1.54596
665,2022-01-27-13:37:56,2,5,1.53649
666,2022-01-27-13:37:58,5,4,1.83991
667,2022-01-27-13:37:59,4,0,1.54372
668,2022-01-27-13:38:01,0,7,1.95101
669,2022-01-27-13:38:05,7,6,3.98704
670,2022-01-27-13:38:09,6,7,3.98453
671,2022-01-27-13:38:11,7,3,2.14692
672,2022-01-27-13:38:14,3,2,2.59642
673,2022-01-27-13:38:16,2,4,1.78785
674,2022-01-27-13:38:18,4,7,1.89618
675,2022-01-27-13:38:20,7,2,2.60532
676,2022-01-27-13:38:22,2,5,1.52561
677,2022-01-27-13:38:24,5,7,2.59104
678,2022-01-27-13:38:26,7,4,1.89584
679,2022-01-27-13:38:30,4,6,3.46222
680,2022-01-27-13:38:33,6,3,3.65408
681,2022-01-27-13:38:36,3,0,2.40398
682,2022-01-27-13:38:38,0,7,1.91981
683,2022-01-27-13:38:40,7,3,2.12497
684,2022-01-27-13:38:42,3,5,2.17675
685,2022-01-27-13:38:43,5,2,1.54949
686,2022-01-27-13:38:47,2,6,3.17423
687,2022-01-27-13:38:50,6,1,3.59928
688,2022-01-27-13:38:52,1,4,1.32180
689,2022-01-27-13:38:53,4,7,1.91926
690,2022-01-27-13:38:56,7,5,2.59252
691,2022-01-27-13:38:58,5,0,1.86621
692,2022-01-27-13:39:01,0,6,3.49403
693,2022-01-27-13:39:05,6,7,4.01485
694,2022-01-27-13:39:07,7,1,1.69153
695,2022-01-27-13:39:08,1,0,1.11674
696,2022-01-27-13:39:10,0,4,1.53186
697,2022-01-27-13:39:12,4,5,1.80179
698,2022-01-27-13:39:14,5,1,1.93883
699,2022-01-27-13:39:16,1,3,2.22759
700,2022-01-27-13:39:18,3,0,2.38072
701,2022-01-27-13:39:20,0,7,2.03948
702,2022-01-27-13:39:22,7,4,1.86772
703,2022-01-27-13:39:24,4,2,1.79036
704,2022-01-27-13:39:26,2,4,1.76596
705,2022-01-27-13:39:27,4,1,1.32976
706,2022-01-27-13:39:29,1,2,1.97843
707,2022-01-27-13:39:30,2,5,1.54290
708,2022-01-27-13:39:32,5,2,1.53386
709,2022-01-27-13:39:34,2,0,1.76571
710,2022-01-27-13:39:36,0,7,1.93136
711,2022-01-27-13:39:38,7,0,1.93395
712,2022-01-27-13:39:39,0,4,1.61226
713,2022-01-27-13:39:41,4,3,2.09377
714,2022-01-27-13:39:43,3,4,2.12193
715,2022-01-27-13:39:45,4,5,1.78988
716,2022-01-27-13:39:47,5,2,1.53083
717,2022-01-27-13:39:49,2,3,2.62958
718,2022-01-27-13:39:52,3,2,2.58141
719,2022-01-27-13:39:55,2,3,2.61463
720,2022-01-27-13:39:57,3,5,2.20471
721,2022-01-27-13:39:59,5,3,2.24769
722,2022-01-27-13:40:03,3,6,3.65534
723,2022-01-27-13:40:06,6,5,3.13208
724,2022-01-27-13:40:08,5,3,2.17467
725,2022-01-27-13:40:11,3,2,2.59745
726,2022-01-27-13:40:12,2,4,1.80310
727,2022-01-27-13:40:14,4,5,1.80914
728,2022-01-27-13:40:16,5,3,2.20955
729,2022-01-27-13:40:19,3,7,2.15484
730,2022-01-27-13:40:20,7,1,1.69859
731,2022-01-27-13:40:22,1,4,1.32428
732,2022-01-27-13:40:23,4,7,1.82776
733,2022-01-27-13:40:26,7,2,2.63637
734,2022-01-27-13:40:28,2,5,1.51611
735,2022-01-27-13:40:30,5,7,2.59783
736,2022-01-27-13:40:32,7,3,2.15742
737,2022-01-27-13:40:35,3,2,2.58594
738,2022-01-27-13:40:36,2,5,1.55433
739,2022-01-27-13:40:38,5,4,1.78956
740,2022-01-27-13:40:40,4,0,1.56005
741,2022-01-27-13:40:42,0,3,2.37095
742,2022-01-27-13:40:45,3,2,2.63451
743,2022-01-27-13:40:46,2,5,1.54801
744,2022-01-27-13:40:49,5,7,2.58188
745,2022-01-27-13:40:51,7,4,1.90803
746,2022-01-27-13:40:54,4,6,3.44943
747,2022-01-27-13:40:58,6,3,3.67337
748,2022-01-27-13:41:00,3,5,2.20897
749,2022-01-27-13:41:02,5,1,1.94262
750,2022-01-27-13:41:04,1,3,2.23876
751,2022-01-27-13:41:07,3,0,2.43610
752,2022-01-27-13:41:09,0,2,1.73746
753,2022-01-27-13:41:11,2,7,2.59453
754,2022-01-27-13:41:13,7,1,1.69128
755,2022-01-27-13:41:14,1,4,1.34179
756,2022-01-27-13:41:16,4,0,1.54487
757,2022-01-27-13:41:17,0,1,1.10129
758,2022-01-27-13:41:19,1,5,1.93951
759,2022-01-27-13:41:21,5,1,1.96493
760,2022-01-27-13:41:22,1,7,1.74158
761,2022-01-27-13:41:25,7,2,2.63564
762,2022-01-27-13:41:27,2,0,1.72810
763,2022-01-27-13:41:29,0,7,1.95822
764,2022-01-27-13:41:31,7,5,2.59493
765,2022-01-27-13:41:34,5,7,2.61471
766,2022-01-27-13:41:37,7,5,2.64417
767,2022-01-27-13:41:40,5,6,3.13314
768,2022-01-27-13:41:43,6,3,3.65123
769,2022-01-27-13:41:46,3,5,2.23406
770,2022-01-27-13:41:48,5,7,2.58955
771,2022-01-27-13:41:50,7,1,1.72275
772,2022-01-27-13:41:51,1,0,1.06070
773,2022-01-27-13:41:53,0,3,2.40586
774,2022-01-27-13:41:56,3,2,2.60122
775,2022-01-27-13:41:59,2,3,2.63542
776,2022-01-27-13:42:01,3,4,2.16042
777,2022-01-27-13:42:03,4,3,2.22375
778,2022-01-27-13:42:06,3,2,2.62149
779,2022-01-27-13:42:08,2,7,2.63098
780,2022-01-27-13:42:10,7,1,1.73461
781,2022-01-27-13:42:14,1,6,3.56704
782,2022-01-27-13:42:17,6,5,3.11731
783,2022-01-27-13:42:19,5,0,1.89794
784,2022-01-27-13:42:21,0,3,2.41069
785,2022-01-27-13:42:23,3,7,2.12765
786,2022-01-27-13:42:25,7,4,1.90099
787,2022-01-27-13:42:27,4,0,1.54234
788,2022-01-27-13:42:30,0,6,3.45056
789,2022-01-27-13:42:34,6,1,3.58528
790,2022-01-27-13:42:35,1,4,1.34832
791,2022-01-27-13:42:37,4,5,1.83590
792,2022-01-27-13:42:39,5,0,1.90029
793,2022-01-27-13:42:41,0,7,1.93992
794,2022-01-27-13:42:43,7,0,1.93654
795,2022-01-27-13:42:44,0,2,1.73829
796,2022-01-27-13:42:46,2,0,1.71602
797,2022-01-27-13:42:48,0,5,1.84445
798,2022-01-27-13:42:50,5,3,2.25023
799,2022-01-27-13:42:52,3,4,2.13595
800,2022-01-27-13:42:54,4,0,1.53313
801,2022-01-27-13:42:56,0,2,1.70318
802,2022-01-27-13:42:58,2,7,2.63361
803,2022-01-27-13:43:00,7,4,1.85607
804,2022-01-27-13:43:02,4,3,2.15303
805,2022-01-27-13:43:06,3,6,3.66250
806,2022-01-27-13:43:10,6,7,4.01196
807,2022-01-27-13:43:12,7,0,1.96026
808,2022-01-27-13:43:14,0,3,2.41211
809,2022-01-27-13:43:16,3,7,2.21686
810,2022-01-27-13:43:20,7,6,4.03947
811,2022-01-27-13:43:24,6,5,3.09524
812,2022-01-27-13:43:25,5,0,1.89543
813,2022-01-27-13:43:27,0,5,1.91338
814,2022-01-27-13:43:29,5,4,1.78508
815,2022-01-27-13:43:31,4,0,1.51598
816,2022-01-27-13:43:32,0,1,1.02967
817,2022-01-27-13:43:34,1,2,1.97490
818,2022-01-27-13:43:36,2,1,1.99594
819,2022-01-27-13:43:38,1,5,1.92000
820,2022-01-27-13:43:41,5,6,3.11516
821,2022-01-27-13:43:44,6,4,3.44421
822,2022-01-27-13:43:46,4,5,1.80027
823,2022-01-27-13:43:48,5,0,1.86893
824,2022-01-27-13:43:51,0,6,3.45131
825,2022-01-27-13:43:55,6,7,4.03324
826,2022-01-27-13:43:58,7,2,2.63017
827,2022-01-27-13:44:00,2,1,1.98829
828,2022-01-27-13:44:02,1,7,1.69195
829,2022-01-27-13:44:06,7,6,4.03699
830,2022-01-27-13:44:09,6,0,3.47937
831,2022-01-27-13:44:11,0,4,1.54064
832,2022-01-27-13:44:12,4,0,1.55544
833,2022-01-27-13:44:14,0,7,1.92731
834,2022-01-27-13:44:16,7,1,1.69916
835,2022-01-27-13:44:18,1,7,1.72582
836,2022-01-27-13:44:19,7,1,1.80829
837,2022-01-27-13:44:21,1,0,1.12306
838,2022-01-27-13:44:22,0,1,1.02731
839,2022-01-27-13:44:23,1,0,1.09474
840,2022-01-27-13:44:25,0,5,1.88437
841,2022-01-27-13:44:26,5,4,1.79509
842,2022-01-27-13:44:28,4,1,1.31705
843,2022-01-27-13:44:31,1,6,3.55759
844,2022-01-27-13:44:34,6,2,3.09532
845,2022-01-27-13:44:36,2,1,1.96079
846,2022-01-27-13:44:38,1,4,1.33494
847,2022-01-27-13:44:40,4,7,1.89994
848,2022-01-27-13:44:44,7,6,4.05659
849,2022-01-27-13:44:47,6,5,3.14704
850,2022-01-27-13:44:48,5,2,1.56315
851,2022-01-27-13:44:50,2,4,1.80188
852,2022-01-27-13:44:52,4,3,2.18004
853,2022-01-27-13:44:54,3,4,2.18547
854,2022-01-27-13:44:56,4,2,1.78610
855,2022-01-27-13:44:58,2,1,2.02259
856,2022-01-27-13:45:02,1,6,3.59442
857,2022-01-27-13:45:05,6,5,3.08697
858,2022-01-27-13:45:07,5,4,1.79639
859,2022-01-27-13:45:09,4,3,2.09756
860,2022-01-27-13:45:11,3,1,2.26845
861,2022-01-27-13:45:13,1,3,2.24684
862,2022-01-27-13:45:16,3,0,2.44894
863,2022-01-27-13:45:18,0,3,2.46688
864,2022-01-27-13:45:21,3,2,2.60812
865,2022-01-27-13:45:23,2,4,1.79133
866,2022-01-27-13:45:24,4,5,1.80229
867,2022-01-27-13:45:26,5,1,1.95900
868,2022-01-27-13:45:27,1,0,1.05676
869,2022-01-27-13:45:29,0,1,1.13937
870,2022-01-27-13:45:31,1,2,2.04125
871,2022-01-27-13:45:32,2,5,1.56336
872,2022-01-27-13:45:34,5,1,1.97214
873,2022-01-27-13:45:36,1,3,2.23347
874,2022-01-27-13:45:39,3,0,2.39683
875,2022-01-27-13:45:42,0,6,3.47265
876,2022-01-27-13:45:46,6,7,4.09211
877,2022-01-27-13:45:50,7,6,4.05112
878,2022-01-27-13:45:54,6,0,3.43834
879,2022-01-27-13:45:56,0,3,2.45722
880,2022-01-27-13:45:59,3,2,2.60789
881,2022-01-27-13:46:01,2,4,1.82749
882,2022-01-27-13:46:03,4,7,1.91658
883,2022-01-27-13:46:07,7,6,4.04893
884,2022-01-27-13:46:10,6,1,3.57240
885,2022-01-27-13:46:12,1,5,1.94378
886,2022-01-27-13:46:15,5,7,2.62105
887,20