--- Start
Calibration finished !

Learning mode activated? 
False
iteration,date,init_position,final_position,time
0,2022-01-03-17:25:13,-1,1,2.468091
1,2022-01-03-17:25:14,1,0,1.088313
2,2022-01-03-17:25:16,0,5,1.924753
3,2022-01-03-17:25:18,5,4,1.745198
4,2022-01-03-17:25:19,4,5,1.793108
5,2022-01-03-17:25:21,5,2,1.591669
6,2022-01-03-17:25:24,2,3,2.602493
7,2022-01-03-17:25:27,3,7,3.259823
8,2022-01-03-17:25:30,7,6,2.598546
9,2022-01-03-17:25:33,6,2,3.303416
10,2022-01-03-17:25:37,2,0,4.142195
11,2022-01-03-17:25:39,0,5,2.237155
12,2022-01-03-17:25:41,5,0,1.882548
13,2022-01-03-17:25:43,0,5,2.088590
14,2022-01-03-17:25:46,5,7,2.687834
15,2022-01-03-17:25:48,7,6,2.597304
16,2022-01-03-17:25:52,6,2,3.138512
17,2022-01-03-17:25:55,2,6,3.464525
18,2022-01-03-17:25:59,6,1,3.979990
19,2022-01-03-17:26:03,1,6,3.594692
20,2022-01-03-17:26:06,6,1,3.666299
21,2022-01-03-17:26:08,1,5,2.013702
22,2022-01-03-17:26:11,5,0,2.334877
23,2022-01-03-17:26:12,0,4,1.560981
24,2022-01-03-17:26:14,4,7,1.865619
25,2022-01-03-17:26:16,7,1,1.712160
26,2022-01-03-17:26:17,1,0,1.184928
27,2022-01-03-17:26:19,0,3,2.506666
28,2022-01-03-17:26:22,3,0,2.495411
29,2022-01-03-17:26:24,0,5,2.467704
30,2022-01-03-17:26:27,5,7,2.598114
31,2022-01-03-17:26:30,7,6,2.691372
32,2022-01-03-17:26:33,6,3,3.074911
33,2022-01-03-17:26:36,3,6,3.384391
34,2022-01-03-17:26:39,6,5,2.687191
35,2022-01-03-17:26:42,5,6,3.488761
36,2022-01-03-17:26:46,6,3,4.022986
37,2022-01-03-17:26:49,3,5,2.374384
38,2022-01-03-17:26:50,5,2,1.715748
39,2022-01-03-17:26:53,2,1,2.060765
40,2022-01-03-17:26:55,1,2,2.058261
41,2022-01-03-17:26:58,2,3,3.535251
42,2022-01-03-17:27:01,3,2,3.345846
43,2022-01-03-17:27:05,2,6,3.180072
44,2022-01-03-17:27:10,6,4,5.079838
45,2022-01-03-17:27:12,4,3,2.133842
46,2022-01-03-17:27:16,3,7,3.919547
47,2022-01-03-17:27:18,7,0,2.190633
48,2022-01-03-17:27:20,0,2,1.847295
49,2022-01-03-17:27:21,2,5,1.603396
50,2022-01-03-17:27:24,5,3,2.474896
51,2022-01-03-17:27:26,3,7,2.253702
52,2022-01-03-17:27:29,7,5,2.989131
53,2022-01-03-17:27:32,5,7,2.591081
54,2022-01-03-17:27:35,7,5,2.889296
55,2022-01-03-17:27:37,5,1,1.921872
56,2022-01-03-17:27:38,1,0,1.157058
57,2022-01-03-17:27:41,0,3,3.413907
58,2022-01-03-17:27:45,3,1,3.920634
59,2022-01-03-17:27:46,1,4,1.329656
60,2022-01-03-17:27:49,4,6,2.728570
61,2022-01-03-17:27:52,6,4,2.937876
62,2022-01-03-17:27:54,4,5,1.788543
63,2022-01-03-17:27:56,5,1,2.404752
64,2022-01-03-17:27:58,1,7,1.843712
65,2022-01-03-17:28:01,7,2,2.676172
66,2022-01-03-17:28:02,2,5,1.558447
67,2022-01-03-17:28:06,5,2,3.749274
68,2022-01-03-17:28:09,2,3,3.311827
69,2022-01-03-17:28:12,3,2,2.777095
70,2022-01-03-17:28:15,2,6,3.171839
71,2022-01-03-17:28:19,6,5,3.217875
72,2022-01-03-17:28:21,5,0,2.152618
73,2022-01-03-17:28:23,0,3,2.676583
74,2022-01-03-17:28:26,3,5,2.208034
75,2022-01-03-17:28:28,5,3,2.426715
76,2022-01-03-17:28:30,3,6,2.218335
77,2022-01-03-17:28:33,6,1,3.230269
78,2022-01-03-17:28:36,1,5,2.237727
79,2022-01-03-17:28:38,5,7,2.772471
80,2022-01-03-17:28:41,7,6,2.601473
81,2022-01-03-17:28:44,6,5,3.202742
82,2022-01-03-17:28:46,5,0,2.181321
83,2022-01-03-17:28:48,0,2,1.861613
84,2022-01-03-17:28:51,2,3,2.976940
85,2022-01-03-17:28:55,3,0,3.475968
86,2022-01-03-17:28:57,0,2,1.833127
87,2022-01-03-17:28:59,2,7,2.542540
88,2022-01-03-17:29:03,7,3,3.568947
89,2022-01-03-17:29:05,3,6,2.032338
90,2022-01-03-17:29:08,6,1,2.846500
91,2022-01-03-17:29:09,1,0,1.090632
92,2022-01-03-17:29:10,0,2,1.773339
93,2022-01-03-17:29:14,2,6,3.290587
94,2022-01-03-17:29:17,6,5,3.288132
95,2022-01-03-17:29:19,5,1,2.409472
96,2022-01-03-17:29:22,1,3,2.357195
97,2022-01-03-17:29:25,3,1,3.133669
98,2022-01-03-17:29:27,1,3,2.543405
99,2022-01-03-17:29:30,3,6,2.072878
100,2022-01-03-17:29:33,6,0,3.050175
101,2022-01-03-17:29:34,0,4,1.591210
102,2022-01-03-17:29:36,4,3,2.138220
103,2022-01-03-17:29:39,3,5,2.302755
104,2022-01-03-17:29:42,5,6,3.139924
105,2022-01-03-17:29:45,6,2,3.462525
106,2022-01-03-17:29:48,2,3,2.899791
107,2022-01-03-17:29:51,3,7,3.275870
108,2022-01-03-17:29:54,7,5,2.925281
109,2022-01-03-17:29:57,5,3,2.456706
110,2022-01-03-17:30:00,3,2,2.899933
111,2022-01-03-17:30:02,2,4,1.850849
112,2022-01-03-17:30:03,4,5,1.798614
113,2022-01-03-17:30:06,5,3,2.327390
114,2022-01-03-17:30:10,3,2,4.521062
115,2022-01-03-17:30:15,2,3,4.510853
116,2022-01-03-17:30:17,3,1,2.550086
117,2022-01-03-17:30:19,1,2,2.117635
118,2022-01-03-17:30:21,2,5,1.598881
119,2022-01-03-17:30:24,5,7,2.688530
120,2022-01-03-17:30:27,7,2,3.162464
121,2022-01-03-17:30:28,2,5,1.631049
122,2022-01-03-17:30:32,5,6,3.356277
123,2022-01-03-17:30:35,6,2,3.353729
124,2022-01-03-17:30:38,2,7,2.701231
125,2022-01-03-17:30:41,7,0,3.375506
126,2022-01-03-17:30:44,0,6,3.223496
127,2022-01-03-17:30:47,6,1,2.879692
128,2022-01-03-17:30:49,1,4,1.473149
129,2022-01-03-17:30:50,4,1,1.371970
130,2022-01-03-17:30:52,1,5,2.194508
131,2022-01-03-17:30:54,5,1,2.020692
132,2022-01-03-17:30:56,1,4,1.353414
133,2022-01-03-17:30:57,4,1,1.569799
134,2022-01-03-17:31:00,1,2,2.215164
135,2022-01-03-17:31:02,2,3,2.837245
136,2022-01-03-17:31:05,3,6,2.221946
137,2022-01-03-17:31:08,6,1,2.850684
138,2022-01-03-17:31:09,1,4,1.360595
139,2022-01-03-17:31:10,4,0,1.583864
140,2022-01-03-17:31:14,0,3,3.107223
141,2022-01-03-17:31:16,3,4,2.286518
142,2022-01-03-17:31:19,4,6,3.461093
143,2022-01-03-17:31:23,6,2,3.684718
144,2022-01-03-17:31:25,2,1,2.082716
145,2022-01-03-17:31:26,1,0,1.251829
146,2022-01-03-17:31:29,0,6,3.093409
147,2022-01-03-17:31:34,6,2,4.263389
148,2022-01-03-17:31:38,2,3,4.550368
149,2022-01-03-17:31:43,3,2,4.535739
150,2022-01-03-17:31:46,2,7,3.105082
151,2022-01-03-17:31:49,7,3,3.343352
152,2022-01-03-17:31:52,3,2,2.711356
153,2022-01-03-17:31:53,2,5,1.508902
154,2022-01-03-17:31:57,5,6,3.158141
155,2022-01-03-17:32:00,6,0,3.445037
156,2022-01-03-17:32:03,0,3,2.699728
157,2022-01-03-17:32:06,3,0,2.810275
158,2022-01-03-17:32:09,0,3,3.698689
159,2022-01-03-17:32:12,3,4,2.308988
160,2022-01-03-17:32:15,4,7,3.697924
161,2022-01-03-17:32:18,7,6,2.838601
162,2022-01-03-17:32:22,6,4,3.858141
163,2022-01-03-17:32:25,4,5,3.424647
164,2022-01-03-17:32:28,5,6,2.996148
165,2022-01-03-17:32:31,6,4,2.678907
166,2022-01-03-17:32:33,4,0,1.553968
167,2022-01-03-17:32:36,0,6,3.115762
168,2022-01-03-17:32:39,6,5,2.771053
169,2022-01-03-17:32:42,5,4,3.474111
170,2022-01-03-17:32:46,4,7,4.314272
171,2022-01-03-17:32:51,7,6,4.228915
172,2022-01-03-17:32:54,6,5,3.966664
173,2022-01-03-17:32:56,5,1,1.964268
174,2022-01-03-17:32:59,1,2,2.190351
175,2022-01-03-17:33:01,2,7,2.738221
176,2022-01-03-17:33:05,7,3,3.400236
177,2022-01-03-17:33:08,3,1,2.819509
178,2022-01-03-17:33:09,1,4,1.369727
179,2022-01-03-17:33:10,4,1,1.401244
180,2022-01-03-17:33:12,1,5,2.079923
181,2022-01-03-17:33:15,5,1,2.255176
182,2022-01-03-17:33:16,1,4,1.655771
183,2022-01-03-17:33:18,4,7,1.968117
184,2022-01-03-17:33:20,7,0,1.976987
185,2022-01-03-17:33:22,0,7,1.983506
186,2022-01-03-17:33:24,7,0,1.994622
187,2022-01-03-17:33:26,0,4,1.649720
188,2022-01-03-17:33:28,4,5,1.819135
189,2022-01-03-17:33:29,5,2,1.617880
190,2022-01-03-17:33:31,2,0,1.750179
191,2022-01-03-17:33:33,0,7,1.991128
192,2022-01-03-17:33:35,7,1,1.804753
193,2022-01-03-17:33:37,1,3,2.328209
194,2022-01-03-17:33:40,3,0,2.807809
195,2022-01-03-17:33:42,0,4,1.603474
196,2022-01-03-17:33:44,4,7,1.902018
197,2022-01-03-17:33:46,7,5,2.845063
198,2022-01-03-17:33:49,5,6,2.765066
199,2022-01-03-17:33:53,6,4,3.780336
200,2022-01-03-17:33:57,4,0,4.251766
201,2022-01-03-17:34:00,0,6,3.027396
202,2022-01-03-17:34:02,6,3,2.071581
203,2022-01-03-17:34:05,3,1,2.599543
204,2022-01-03-17:34:06,1,0,1.221466
205,2022-01-03-17:34:10,0,3,3.926700
206,2022-01-03-17:34:14,3,1,3.791763
207,2022-01-03-17:34:16,1,5,2.069686
208,2022-01-03-17:34:19,5,7,2.695789
209,2022-01-03-17:34:22,7,0,3.126084
210,2022-01-03-17:34:25,0,3,2.766988
211,2022-01-03-17:34:27,3,5,2.719341
212,2022-01-03-17:34:30,5,7,2.698656
213,2022-01-03-17:34:33,7,2,3.215343
214,2022-01-03-17:34:36,2,6,3.186918
215,2022-01-03-17:34:40,6,1,3.724201
216,2022-01-03-17:34:42,1,5,2.071666
217,2022-01-03-17:34:45,5,6,3.151454
218,2022-01-03-17:34:49,6,3,4.122945
219,2022-01-03-17:34:52,3,4,2.163000
220,2022-01-03-17:34:56,4,2,4.243898
221,2022-01-03-17:35:00,2,7,4.493216
222,2022-01-03-17:35:02,7,0,2.010108
223,2022-01-03-17:35:04,0,4,1.779889
224,2022-01-03-17:35:08,4,6,3.504263
225,2022-01-03-17:35:11,6,7,3.000059
226,2022-01-03-17:35:14,7,1,3.494836
227,2022-01-03-17:35:18,1,6,4.232797
228,2022-01-03-17:35:22,6,5,3.407035
229,2022-01-03-17:35:24,5,0,1.992632
230,2022-01-03-17:35:28,0,3,3.820795
231,2022-01-03-17:35:31,3,0,3.322015
232,2022-01-03-17:35:33,0,2,1.776783
233,2022-01-03-17:35:35,2,7,2.575014
234,2022-01-03-17:35:39,7,4,3.963619
235,2022-01-03-17:35:41,4,2,2.011947
236,2022-01-03-17:35:44,2,7,2.850876
237,2022-01-03-17:35:47,7,1,3.352343
238,2022-01-03-17:35:50,1,5,2.111407
239,2022-01-03-17:35:52,5,7,2.568995
240,2022-01-03-17:35:55,7,0,3.127724
241,2022-01-03-17:35:59,0,6,3.890854
242,2022-01-03-17:36:03,6,2,3.626140
243,2022-01-03-17:36:07,2,3,3.762537
244,2022-01-03-17:36:10,3,2,3.057747
245,2022-01-03-17:36:11,2,4,1.801318
246,2022-01-03-17:36:14,4,3,2.167830
247,2022-01-03-17:36:16,3,0,2.419942
248,2022-01-03-17:36:18,0,2,1.873109
249,2022-01-03-17:36:20,2,4,1.784589
250,2022-01-03-17:36:22,4,5,1.874022
251,2022-01-03-17:36:25,5,6,3.180317
252,2022-01-03-17:36:28,6,5,3.710822
253,2022-01-03-17:36:31,5,1,2.292225
254,2022-01-03-17:36:34,1,6,3.758765
255,2022-01-03-17:36:37,6,7,2.658614
256,2022-01-03-17:36:40,7,5,2.898057
257,2022-01-03-17:36:43,5,3,2.880600
258,2022-01-03-17:36:46,3,0,2.645507
259,2022-01-03-17:36:48,0,3,2.507120
260,2022-01-03-17:36:51,3,7,3.313511
261,2022-01-03-17:36:55,7,1,3.554026
262,2022-01-03-17:36:59,1,6,3.822110
263,2022-01-03-17:37:02,6,5,3.328216
264,2022-01-03-17:37:05,5,4,3.324270
265,2022-01-03-17:37:09,4,1,3.958388
266,2022-01-03-17:37:12,1,6,3.034050
267,2022-01-03-17:37:15,6,3,2.096005
268,2022-01-03-17:37:17,3,0,2.555446
269,2022-01-03-17:37:19,0,2,1.970597
270,2022-01-03-17:37:21,2,4,1.843914
271,2022-01-03-17:37:23,4,2,2.148264
272,2022-01-03-17:37:26,2,3,3.253691
273,2022-01-03-17:37:29,3,0,2.392458
274,2022-01-03-17:37:31,0,5,2.213420
275,2022-01-03-17:37:34,5,6,3.286016
276,2022-01-03-17:37:39,6,7,4.351229
277,2022-01-03-17:37:41,7,5,2.828995
278,2022-01-03-17:37:43,5,1,2.085375
279,2022-01-03-17:37:45,1,7,1.840375
280,2022-01-03-17:37:50,7,4,4.183568
281,2022-01-03-17:37:53,4,6,3.526617
282,2022-01-03-17:37:57,6,1,3.777967
283,2022-01-03-17:37:59,1,2,2.100941
284,2022-01-03-17:38:01,2,0,1.869784
285,2022-01-03-17:38:03,0,2,1.768890
286,2022-01-03-17:38:04,2,5,1.620367
287,2022-01-03-17:38:07,5,1,2.382974
288,2022-01-03-17:38:10,1,6,3.679694
289,2022-01-03-17:38:14,6,5,3.292439
290,2022-01-03-17:38:16,5,4,2.458441
291,2022-01-03-17:38:18,4,0,1.927098
292,2022-01-03-17:38:20,0,2,1.874967
293,2022-01-03-17:38:22,2,4,1.891494
294,2022-01-03-17:38:23,4,0,1.570780
295,2022-01-03-17:38:24,0,1,1.149509
296,2022-01-03-17:38:26,1,7,1.813817
297,2022-01-03-17:38:28,7,1,1.900734
298,2022-01-03-17:38:31,1,3,2.486178
299,2022-01-03-17:38:33,3,1,2.862630
300,2022-01-03-17:38:37,1,6,3.843261
301,2022-01-03-17:38:41,6,0,3.596183
302,2022-01-03-17:38:43,0,5,2.014643
303,2022-01-03-17:38:45,5,1,2.266062
304,2022-01-03-17:38:46,1,0,1.122364
305,2022-01-03-17:38:48,0,5,2.056193
306,2022-01-03-17:38:51,5,4,2.150345
307,2022-01-03-17:38:53,4,3,2.214641
308,2022-01-03-17:38:56,3,7,3.450406
309,2022-01-03-17:38:59,7,6,2.617014
310,2022-01-03-17:39:03,6,2,3.728586
311,2022-01-03-17:39:04,2,5,1.693324
312,2022-01-03-17:39:07,5,6,2.854957
313,2022-01-03-17:39:10,6,1,3.093326
314,2022-01-03-17:39:12,1,2,2.100837
315,2022-01-03-17:39:15,2,7,2.559102
316,2022-01-03-17:39:18,7,2,2.876861
317,2022-01-03-17:39:20,2,3,2.745953
318,2022-01-03-17:39:23,3,4,2.188762
319,2022-01-03-17:39:25,4,2,2.098794
320,2022-01-03-17:39:28,2,6,3.360407
321,2022-01-03-17:39:32,6,2,3.515607
322,2022-01-03-17:39:35,2,6,3.212675
323,2022-01-03-17:39:39,6,1,3.863410
324,2022-01-03-17:39:40,1,0,1.239528
325,2022-01-03-17:39:43,0,6,3.252309
326,2022-01-03-17:39:46,6,5,2.954951
327,2022-01-03-17:39:48,5,0,2.237046
328,2022-01-03-17:39:52,0,6,3.668156
329,2022-01-03-17:39:56,6,4,3.754597
330,2022-01-03-17:40:00,4,0,4.634779
331,2022-01-03-17:40:04,0,3,3.173170
332,2022-01-03-17:40:07,3,1,3.758653
333,2022-01-03-17:40:10,1,2,2.163808
334,2022-01-03-17:40:11,2,5,1.673721
335,2022-01-03-17:40:14,5,4,2.445116
336,2022-01-03-17:40:16,4,2,2.754079
337,2022-01-03-17:40:18,2,5,1.625806
338,2022-01-03-17:40:22,5,2,3.622977
339,2022-01-03-17:40:25,2,3,3.038915
340,2022-01-03-17:40:28,3,2,3.022112
341,2022-01-03-17:40:32,2,0,4.104056
342,2022-01-03-17:40:34,0,7,2.091323
343,2022-01-03-17:40:36,7,0,2.140320
344,2022-01-03-17:40:38,0,2,1.944774
345,2022-01-03-17:40:41,2,7,2.670019
346,2022-01-03-17:40:44,7,6,3.634555
347,2022-01-03-17:40:49,6,2,4.609319
348,2022-01-03-17:40:53,2,1,4.349018
349,2022-01-03-17:40:57,1,6,3.795377
350,2022-01-03-17:41:01,6,1,3.798117
351,2022-01-03-17:41:03,1,3,2.521398
352,2022-01-03-17:41:05,3,4,2.100048
353,2022-01-03-17:41:07,4,1,1.418986
354,2022-01-03-17:41:09,1,7,1.858509
355,2022-01-03-17:41:12,7,2,2.887846
356,2022-01-03-17:41:14,2,5,1.943396
357,2022-01-03-17:41:16,5,1,2.326718
358,2022-01-03-17:41:18,1,7,1.754048
359,2022-01-03-17:41:22,7,6,4.234914
360,2022-01-03-17:41:26,6,0,3.847151
361,2022-01-03-17:41:28,0,2,1.899447
362,2022-01-03-17:41:30,2,0,1.790785
363,2022-01-03-17:41:33,0,3,3.534053
364,2022-01-03-17:41:36,3,0,3.383337
365,2022-01-03-17:41:40,0,6,4.003633
366,2022-01-03-17:41:43,6,7,2.705879
367,2022-01-03-17:41:47,7,1,3.807942
368,2022-01-03-17:41:50,1,6,2.853774
369,2022-01-03-17:41:53,6,0,3.183115
370,2022-01-03-17:41:56,0,3,2.930227
371,2022-01-03-17:42:00,3,7,3.621482
372,2022-01-03-17:42:02,7,6,2.652120
373,2022-01-03-17:42:06,6,1,3.628680
374,2022-01-03-17:42:08,1,2,2.045037
375,2022-01-03-17:42:11,2,6,3.461865
376,2022-01-03-17:42:14,6,1,2.884003
377,2022-01-03-17:42:17,1,6,3.068548
378,2022-01-03-17:42:21,6,2,3.682240
379,2022-01-03-17:42:23,2,4,1.805009
380,2022-01-03-17:42:25,4,3,2.304993
381,2022-01-03-17:42:28,3,7,3.371874
382,2022-01-03-17:42:32,7,1,3.388704
383,2022-01-03-17:42:33,1,4,1.424349
384,2022-01-03-17:42:35,4,7,2.140056
385,2022-01-03-17:42:38,7,3,2.981424
386,2022-01-03-17:42:44,3,2,5.150179
387,2022-01-03-17:42:47,2,6,3.279797
388,2022-01-03-17:42:50,6,2,3.520963
389,2022-01-03-17:42:55,2,1,4.601003
390,2022-01-03-17:42:57,1,3,2.421266
391,2022-01-03-17:43:02,3,4,4.414166
392,2022-01-03-17:43:04,4,3,2.320616
393,2022-01-03-17:43:08,3,7,4.048816
394,2022-01-03-17:43:10,7,0,2.122398
395,2022-01-03-17:43:13,0,3,2.754781
396,2022-01-03-17:43:17,3,7,3.519531
397,2022-01-03-17:43:20,7,4,3.468823
398,2022-01-03-17:43:24,4,7,3.492751
399,2022-01-03-17:43:27,7,1,3.458548
400,2022-01-03-17:43:29,1,3,2.391157
401,2022-01-03-17:43:33,3,7,3.429339
402,2022-01-03-17:43:36,7,4,3.234668
403,2022-01-03-17:43:38,4,0,1.705993
404,2022-01-03-17:43:40,0,2,2.088315
405,2022-01-03-17:43:43,2,3,3.589781
406,2022-01-03-17:43:47,3,1,3.731849
407,2022-01-03-17:43:49,1,2,2.092736
408,2022-01-03-17:43:51,2,0,1.889090
409,2022-01-03-17:43:52,0,1,1.197812
410,2022-01-03-17:43:55,1,5,2.453874
411,2022-01-03-17:43:58,5,7,2.714274
412,2022-01-03-17:44:02,7,4,4.330624
413,2022-01-03-17:44:06,4,1,3.962518
414,2022-01-03-17:44:08,1,3,2.501064
415,2022-01-03-17:44:11,3,5,2.392484
416,2022-01-03-17:44:13,5,4,2.209939
417,2022-01-03-17:44:14,4,1,1.406551
418,2022-01-03-17:44:17,1,2,2.224343
419,2022-01-03-17:44:20,2,3,3.114387
420,2022-01-03-17:44:22,3,5,2.467046
421,2022-01-03-17:44:26,5,6,3.395879
422,2022-01-03-17:44:29,6,2,3.317620
423,2022-01-03-17:44:31,2,1,2.210443
424,2022-01-03-17:44:34,1,3,2.443764
425,2022-01-03-17:44:36,3,1,2.295753
426,2022-01-03-17:44:38,1,3,2.347860
427,2022-01-03-17:44:41,3,2,2.984517
428,2022-01-03-17:44:43,2,4,1.854699
429,2022-01-03-17:44:46,4,3,2.521843
430,2022-01-03-17:44:49,3,2,3.354764
431,2022-01-03-17:44:52,2,3,2.870278
432,2022-01-03-17:44:54,3,6,2.168141
433,2022-01-03-17:44:57,6,5,2.940161
434,2022-01-03-17:44:59,5,2,1.640502
435,2022-01-03-17:45:00,2,4,1.987828
436,2022-01-03-17:45:03,4,5,2.158129
437,2022-01-03-17:45:07,5,2,4.117320
438,2022-01-03-17:45:11,2,5,4.253992
439,2022-01-03-17:45:14,5,3,2.544977
440,2022-01-03-17:45:16,3,5,2.555465
441,2022-01-03-17:45:19,5,3,2.652772
442,2022-01-03-17:45:21,3,4,2.267961
443,2022-01-03-17:45:23,4,3,2.338330
444,2022-01-03-17:45:27,3,7,3.486846
445,2022-01-03-17:45:30,7,5,3.340984
446,2022-01-03-17:45:32,5,1,2.089460
447,2022-01-03-17:45:34,1,7,1.872800
448,2022-01-03-17:45:39,7,6,4.462661
449,2022-01-03-17:45:43,6,3,4.325044
450,2022-01-03-17:45:46,3,0,2.737148
451,2022-01-03-17:45:47,0,1,1.202703
452,2022-01-03-17:45:49,1,3,2.431339
453,2022-01-03-17:45:52,3,1,2.569607
454,2022-01-03-17:45:54,1,7,1.823753
455,2022-01-03-17:45:56,7,1,1.848260
456,2022-01-03-17:45:57,1,4,1.813492
457,2022-01-03-17:45:59,4,0,1.782993
458,2022-01-03-17:46:01,0,1,1.363747
459,2022-01-03-17:46:03,1,5,2.014869
460,2022-01-03-17:46:04,5,2,1.607889
461,2022-01-03-17:46:06,2,5,1.653511
462,2022-01-03-17:46:09,5,6,3.230815
463,2022-01-03-17:46:13,6,0,3.852136
464,2022-01-03-17:46:16,0,3,2.732278
465,2022-01-03-17:46:18,3,6,2.229470
466,2022-01-03-17:46:20,6,3,2.304217
467,2022-01-03-17:46:25,3,4,4.850696
468,2022-01-03-17:46:29,4,0,3.839194
469,2022-01-03-17:46:30,0,1,1.162459
470,2022-01-03-17:46:32,1,2,2.326253
471,2022-01-03-17:46:35,2,1,2.267496
472,2022-01-03-17:46:36,1,4,1.420948
473,2022-01-03-17:46:38,4,5,1.933574
474,2022-01-03-17:46:41,5,4,2.690579
475,2022-01-03-17:46:43,4,3,2.197993
476,2022-01-03-17:46:46,3,7,3.497649
477,2022-01-03-17:46:50,7,4,3.871808
478,2022-01-03-17:46:52,4,1,1.451092
479,2022-01-03-17:46:53,1,0,1.353611
480,2022-01-03-17:46:55,0,4,1.749236
481,2022-01-03-17:46:56,4,1,1.440083
482,2022-01-03-17:47:00,1,6,4.106065
483,2022-01-03-17:47:05,6,0,4.520929
484,2022-01-03-17:47:06,0,4,1.594930
485,2022-01-03-17:47:08,4,5,1.970988
486,2022-01-03-17:47:10,5,2,1.941307
487,2022-01-03-17:47:13,2,1,2.251330
488,2022-01-03-17:47:14,1,0,1.848474
489,2022-01-03-17:47:19,0,6,4.036422
490,2022-01-03-17:47:23,6,3,4.555051
491,2022-01-03-17:47:25,3,6,2.341217
492,2022-01-03-17:47:29,6,7,4.023061
493,2022-01-03-17:47:33,7,0,3.526388
494,2022-01-03-17:47:35,0,2,1.814286
495,2022-01-03-17:47:37,2,4,1.903708
496,2022-01-03-17:47:39,4,2,2.345672
497,2022-01-03-17:47:42,2,3,2.846881
498,2022-01-03-17:47:45,3,0,2.732645
499,2022-01-03-17:47:47,0,6,2.843097
500,2022-01-03-17:47:50,6,3,2.093889
501,2022-01-03-17:47:53,3,2,3.066694
502,2022-01-03-17:47:54,2,4,1.799496
503,2022-01-03-17:47:56,4,0,1.616934
504,2022-01-03-17:47:59,0,3,2.547220
505,2022-01-03-17:48:01,3,6,2.017606
506,2022-01-03-17:48:04,6,5,2.981042
507,2022-01-03-17:48:05,5,0,1.903194
508,2022-01-03-17:48:07,0,2,1.739866
509,2022-01-03-17:48:09,2,4,1.785673
510,2022-01-03-17:48:11,4,3,2.149388
511,2022-01-03-17:48:13,3,7,2.162960
512,2022-01-03-17:48:18,7,6,4.264534
513,2022-01-03-17:48:21,6,0,3.558662
514,2022-01-03-17:48:23,0,4,1.540816
515,2022-01-03-17:48:25,4,7,2.028236
516,2022-01-03-17:48:29,7,6,4.048508
517,2022-01-03-17:48:32,6,4,3.599041
518,2022-01-03-17:48:35,4,3,2.233616
519,2022-01-03-17:48:37,3,0,2.410449
520,2022-01-03-17:48:38,0,1,1.052777
521,2022-01-03-17:48:42,1,6,3.651889
522,2022-01-03-17:48:45,6,0,3.552617
523,2022-01-03-17:48:49,0,6,3.642735
524,2022-01-03-17:48:52,6,7,2.652571
525,2022-01-03-17:48:54,7,6,2.650595
526,2022-01-03-17:48:57,6,5,3.247004
527,2022-01-03-17:49:00,5,6,2.744400
528,2022-01-03-17:49:03,6,1,2.894517
529,2022-01-03-17:49:06,1,5,2.463510
530,2022-01-03-17:49:09,5,6,3.106795
531,2022-01-03-17:49:12,6,1,3.711823
532,2022-01-03-17:49:14,1,7,1.727547
533,2022-01-03-17:49:17,7,3,2.411060
534,2022-01-03-17:49:19,3,1,2.433621
535,2022-01-03-17:49:21,1,5,2.281806
536,2022-01-03-17:49:25,5,2,3.980888
537,2022-01-03-17:49:30,2,0,4.415837
538,2022-01-03-17:49:31,0,2,1.768651
539,2022-01-03-17:49:33,2,5,1.531561
540,2022-01-03-17:49:35,5,0,2.002976
541,2022-01-03-17:49:37,0,4,1.700950
542,2022-01-03-17:49:41,4,2,4.158187
543,2022-01-03-17:49:45,2,0,3.997575
544,2022-01-03-17:49:48,0,6,2.877792
545,2022-01-03-17:49:51,6,0,3.135518
546,2022-01-03-17:49:53,0,7,1.945890
547,2022-01-03-17:49:57,7,6,4.115608
548,2022-01-03-17:50:00,6,7,2.693022
549,2022-01-03-17:50:02,7,5,2.624130
550,2022-01-03-17:50:06,5,4,3.418400
551,2022-01-03-17:50:09,4,7,3.197533
552,2022-01-03-17:50:12,7,5,3.027912
553,2022-01-03-17:50:14,5,0,2.098078
554,2022-01-03-17:50:16,0,5,2.105472
555,2022-01-03-17:50:20,5,4,4.449305
556,2022-01-03-17:50:24,4,6,3.426863
557,2022-01-03-17:50:27,6,7,2.841846
558,2022-01-03-17:50:29,7,6,2.663532
559,2022-01-03-17:50:33,6,1,3.747380
560,2022-01-03-17:50:35,1,7,1.702647
561,2022-01-03-17:50:37,7,4,1.966790
562,2022-01-03-17:50:39,4,3,2.109735
563,2022-01-03-17:50:41,3,6,2.102990
564,2022-01-03-17:50:44,6,2,3.128491
565,2022-01-03-17:50:46,2,1,2.010860
566,2022-01-03-17:50:48,1,7,1.707847
567,2022-01-03-17:50:50,7,1,1.706821
568,2022-01-03-17:50:52,1,5,2.024749
569,2022-01-03-17:50:55,5,6,3.157483
570,2022-01-03-17:50:59,6,7,4.008329
571,2022-01-03-17:51:01,7,1,1.783611
572,2022-01-03-17:51:02,1,7,1.765857
573,2022-01-03-17:51:04,7,0,2.003040
574,2022-01-03-17:51:06,0,2,1.775176
575,2022-01-03-17:51:08,2,5,1.571766
576,2022-01-03-17:51:10,5,7,2.632273
577,2022-01-03-17:51:13,7,2,2.633283
578,2022-01-03-17:51:15,2,4,1.858817
579,2022-01-03-17:51:17,4,2,1.895226
580,2022-01-03-17:51:19,2,4,1.786667
581,2022-01-03-17:51:21,4,2,2.021799
582,2022-01-03-17:51:22,2,5,1.594581
583,2022-01-03-17:51:24,5,2,1.792502
584,2022-01-03-17:51:26,2,4,2.050500
585,2022-01-03-17:51:28,4,7,1.926343
586,2022-01-03-17:51:31,7,2,2.725077
587,2022-01-03-17:51:32,2,5,1.657655
588,2022-01-03-17:51:36,5,4,3.327118
589,2022-01-03-17:51:39,4,6,3.387290
590,2022-01-03-17:51:42,6,2,3.169785
591,2022-01-03-17:51:45,2,7,3.185067
592,2022-01-03-17:51:48,7,6,2.735303
593,2022-01-03-17:51:52,6,1,4.306576
594,2022-01-03-17:51:55,1,3,2.376123
595,2022-01-03-17:51:57,3,4,2.285002
596,2022-01-03-17:51:59,4,3,2.421847
597,2022-01-03-17:52:02,3,1,2.871956
598,2022-01-03-17:52:05,1,3,2.370682
599,2022-01-03-17:52:07,3,0,2.585603
600,2022-01-03-17:52:09,0,7,2.052597
601,2022-01-03-17:52:12,7,3,2.303263
602,2022-01-03-17:52:14,3,4,2.216065
603,2022-01-03-17:52:17,4,6,3.576479
604,2022-01-03-17:52:22,6,7,4.124872
605,2022-01-03-17:52:24,7,2,2.642597
606,2022-01-03-17:52:26,2,1,2.147216
607,2022-01-03-17:52:28,1,5,2.003784
608,2022-01-03-17:52:30,5,2,1.544041
609,2022-01-03-17:52:32,2,0,1.786052
610,2022-01-03-17:52:34,0,3,2.475061
611,2022-01-03-17:52:38,3,7,3.334020
612,2022-01-03-17:52:41,7,3,3.315185
613,2022-01-03-17:52:45,3,2,4.403131
614,2022-01-03-17:52:50,2,7,4.433432
615,2022-01-03-17:52:52,7,4,2.082828
616,2022-01-03-17:52:55,4,6,3.572402
617,2022-01-03-17:52:59,6,1,3.784491
618,2022-01-03-17:53:02,1,6,2.804659
619,2022-01-03-17:53:05,6,0,3.007799
620,2022-01-03-17:53:08,0,3,2.684480
621,2022-01-03-17:53:10,3,4,2.185786
622,2022-01-03-17:53:12,4,2,2.104802
623,2022-01-03-17:53:15,2,6,3.203417
624,2022-01-03-17:53:20,6,7,4.426662
625,2022-01-03-17:53:22,7,6,2.682346
626,2022-01-03-17:53:24,6,3,2.088368
627,2022-01-03-17:53:27,3,2,2.763417
628,2022-01-03-17:53:29,2,5,1.574591
629,2022-01-03-17:53:31,5,3,2.463674
630,2022-01-03-17:53:34,3,0,2.508736
631,2022-01-03-17:53:37,0,6,3.839138
632,2022-01-03-17:53:41,6,2,3.193731
633,2022-01-03-17:53:42,2,5,1.581356
634,2022-01-03-17:53:44,5,0,2.065005
635,2022-01-03-17:53:45,0,1,1.130349
636,2022-01-03-17:53:48,1,5,2.164855
637,2022-01-03-17:53:51,5,2,3.770264
638,2022-01-03-17:53:53,2,4,1.892804
639,2022-01-03-17:53:58,4,7,4.207889
640,2022-01-03-17:53:59,7,1,1.808568
641,2022-01-03-17:54:01,1,7,1.693016
642,2022-01-03-17:54:04,7,2,2.607849
643,2022-01-03-17:54:06,2,7,2.589636
644,2022-01-03-17:54:08,7,4,1.959766
645,2022-01-03-17:54:10,4,7,1.950435
646,2022-01-03-17:54:13,7,2,2.708902
647,2022-01-03-17:54:15,2,0,1.853541
648,2022-01-03-17:54:17,0,5,2.178453
649,2022-01-03-17:54:19,5,1,1.918863
650,2022-01-03-17:54:22,1,6,2.868271
651,2022-01-03-17:54:26,6,4,3.896035
652,2022-01-03-17:54:29,4,5,3.556827
653,2022-01-03-17:54:32,5,7,2.738955
654,2022-01-03-17:54:35,7,5,2.782145
655,2022-01-03-17:54:37,5,3,2.284169
656,2022-01-03-17:54:39,3,0,2.479943
657,2022-01-03-17:54:41,0,4,1.663881
658,2022-01-03-17:54:43,4,2,1.867549
659,2022-01-03-17:54:46,2,7,2.624162
660,2022-01-03-17:54:50,7,1,4.113205
661,2022-01-03-17:54:51,1,4,1.398817
662,2022-01-03-17:54:55,4,6,3.669831
663,2022-01-03-17:54:58,6,3,3.225756
664,2022-01-03-17:55:01,3,0,3.508026
665,2022-01-03-17:55:04,0,6,2.974541
666,2022-01-03-17:55:09,6,2,4.311139
667,2022-01-03-17:55:13,2,7,4.398311
668,2022-01-03-17:55:16,7,5,2.835969
669,2022-01-03-17:55:19,5,7,2.647283
670,2022-01-03-17:55:21,7,5,2.720868
671,2022-01-03-17:55:23,5,1,2.026773
672,2022-01-03-17:55:25,1,7,1.773214
673,2022-01-03-17:55:28,7,5,2.765112
674,2022-01-03-17:55:31,5,7,2.755246
675,2022-01-03-17:55:34,7,5,3.386796
676,2022-01-03-17:55:38,5,2,3.816269
677,2022-01-03-17:55:42,2,5,4.023269
678,2022-01-03-17:55:44,5,4,1.938401
679,2022-01-03-17:55:46,4,5,1.876836
680,2022-01-03-17:55:49,5,3,2.871718
681,2022-01-03-17:55:51,3,5,2.468711
682,2022-01-03-17:55:54,5,6,3.260164
683,2022-01-03-17:55:57,6,7,2.733467
684,2022-01-03-17:56:00,7,4,3.168663
685,2022-01-03-17:56:04,4,6,3.581544
686,2022-01-03-17:56:07,6,2,3.234671
687,2022-01-03-17:56:10,2,3,2.672655
688,2022-01-03-17:56:13,3,7,3.296672
689,2022-01-03-17:56:16,7,1,3.306314
690,2022-01-03-17:56:18,1,7,1.669843
691,2022-01-03-17:56:20,7,0,2.233929
692,2022-01-03-17:56:23,0,3,2.744527
693,2022-01-03-17:56:25,3,4,2.316810
694,2022-01-03-17:56:27,4,3,2.209697
695,2022-01-03-17:56:30,3,0,2.568490
696,2022-01-03-17:56:33,0,3,2.858144
697,2022-01-03-17:56:35,3,4,2.247929
698,2022-01-03-17:56:37,4,7,1.992170
699,2022-01-03-17:56:39,7,4,2.036996
700,2022-01-03-17:56:41,4,2,1.983323
701,2022-01-03-17:56:43,2,4,1.893815
702,2022-01-03-17:56:45,4,5,1.892617
703,2022-01-03-17:56:48,5,7,2.575222
704,2022-01-03-17:56:50,7,2,2.801386
705,2022-01-03-17:56:53,2,7,2.626757
706,2022-01-03-17:56:56,7,6,2.714696
707,2022-01-03-17:56:59,6,2,3.076174
708,2022-01-03-17:57:02,2,3,3.011672
709,2022-01-03-17:57:04,3,5,2.661610
710,2022-01-03-17:57:07,5,1,2.154831
711,2022-01-03-17:57:08,1,4,1.498305
712,2022-01-03-17:57:12,4,6,3.590496
713,2022-01-03-17:57:16,6,3,3.909455
714,2022-01-03-17:57:18,3,6,2.103503
715,2022-01-03-17:57:21,6,0,3.136052
716,2022-01-03-17:57:23,0,5,2.534950
717,2022-01-03-17:57:26,5,7,2.671373
718,2022-01-03-17:57:30,7,1,3.668477
719,2022-01-03-17:57:32,1,2,2.106516
720,2022-01-03-17:57:34,2,7,2.617679
721,2022-01-03-17:57:37,7,5,2.869492
722,2022-01-03-17:57:40,5,6,3.155500
723,2022-01-03-17:57:44,6,0,3.589000
724,2022-01-03-17:57:45,0,1,1.183074
725,2022-01-03-17:57:47,1,4,1.460909
726,2022-01-03-17:57:49,4,2,2.424987
727,2022-01-03-17:57:51,2,5,1.592017
728,2022-01-03-17:57:53,5,1,1.983646
729,2022-01-03-17:57:54,1,7,1.676380
730,2022-01-03-17:57:59,7,6,4.280001
731,2022-01-03-17:58:02,6,0,3.742554
732,2022-01-03-17:58:04,0,5,1.973644
733,2022-01-03-17:58:06,5,0,1.954242
734,2022-01-03-17:58:07,0,1,1.083685
735,2022-01-03-17:58:10,1,2,2.126221
736,2022-01-03-17:58:11,2,0,1.728363
737,2022-01-03-17:58:15,0,6,3.682817
738,2022-01-03-17:58:19,6,4,3.588233
739,2022-01-03-17:58:20,4,2,1.827724
740,2022-01-03-17:58:23,2,6,3.098553
741,2022-01-03-17:58:26,6,4,3.035130
742,2022-01-03-17:58:29,4,3,2.199739
743,2022-01-03-17:58:31,3,1,2.386604
744,2022-01-03-17:58:33,1,4,1.434617
745,2022-01-03-17:58:34,4,7,1.917143
746,2022-01-03-17:58:36,7,1,1.848459
747,2022-01-03-17:58:38,1,4,1.412672
748,2022-01-03-17:58:39,4,0,1.572219
749,2022-01-03-17:58:41,0,4,1.615320
750,2022-01-03-17:58:43,4,3,2.219709
751,2022-01-03-17:58:45,3,6,2.143111
752,2022-01-03-17:58:49,6,0,3.495470
753,2022-01-03-17:58:50,0,2,1.743666
754,2022-01-03-17:58:53,2,7,2.651947
755,2022-01-03-17:58:57,7,4,3.383177
756,2022-01-03-17:59:00,4,2,3.445488
757,2022-01-03-17:59:02,2,4,1.946366
758,2022-01-03-17:59:04,4,7,2.018371
759,2022-01-03-17:59:07,7,2,2.789223
760,2022-01-03-17:59:09,2,4,1.902650
761,2022-01-03-17:59:11,4,7,1.966781
762,2022-01-03-17:59:13,7,0,1.992224
763,2022-01-03-17:59:15,0,7,2.001984
764,2022-01-03-17:59:17,7,5,2.710128
765,2022-01-03-17:59:21,5,4,3.488686
766,2022-01-03-17:59:25,4,6,4.107681
767,2022-01-03-17:59:28,6,4,3.091141
768,2022-01-03-17:59:30,4,7,1.861736
769,2022-01-03-17:59:32,7,0,2.124156
770,2022-01-03-17:59:34,0,4,1.784120
771,2022-01-03-17:59:36,4,7,2.106120
772,2022-01-03-17:59:39,7,2,2.906443
773,2022-01-03-17:59:42,2,6,3.261455
774,2022-01-03-17:59:46,6,7,