"iteration,date,init_position,final_position,time"
0,2022-01-28-06:17:58,-1,7,4.11547
1,2022-01-28-06:18:00,7,6,2.71612
2,2022-01-28-06:18:04,6,5,3.23996
3,2022-01-28-06:18:06,5,1,2.42178
4,2022-01-28-06:18:08,1,2,2.12869
5,2022-01-28-06:18:10,2,5,1.63951
6,2022-01-28-06:18:13,5,6,3.19435
7,2022-01-28-06:18:17,6,0,4.49094
8,2022-01-28-06:18:19,0,1,1.16235
9,2022-01-28-06:18:20,1,7,1.75559
10,2022-01-28-06:18:23,7,0,2.52259
11,2022-01-28-06:18:26,0,5,3.33226
12,2022-01-28-06:18:30,5,2,3.90325
13,2022-01-28-06:18:34,2,5,4.30394
14,2022-01-28-06:18:39,5,6,4.89469
15,2022-01-28-06:18:44,6,4,4.66496
16,2022-01-28-06:18:46,4,3,2.35579
17,2022-01-28-06:18:51,3,2,4.96602
18,2022-01-28-06:18:54,2,4,2.30731
19,2022-01-28-06:18:57,4,5,3.74647
20,2022-01-28-06:19:01,5,3,3.22419
21,2022-01-28-06:19:06,3,4,4.95299
22,2022-01-28-06:19:08,4,2,1.93921
23,2022-01-28-06:19:10,2,1,2.09375
24,2022-01-28-06:19:13,1,4,3.73929
25,2022-01-28-06:19:19,4,0,5.28132
26,2022-01-28-06:19:30,0,4,5.73181
27,2022-01-28-06:19:36,4,6,5.67642
28,2022-01-28-06:19:40,6,2,4.42075
29,2022-01-28-06:19:45,2,3,4.65961
30,2022-01-28-06:19:51,3,7,6.27677
31,2022-01-28-06:19:56,7,2,4.70414
32,2022-01-28-06:20:01,2,7,5.58908
33,2022-01-28-06:20:03,7,1,1.94073
34,2022-01-28-06:20:08,1,6,4.10680
35,2022-01-28-06:20:15,6,0,7.88144
36,2022-01-28-06:20:32,0,5,10.74842
37,2022-01-28-06:20:42,5,6,9.71358
38,2022-01-28-06:20:50,6,4,5.20756
39,2022-01-28-06:21:02,4,5,11.32117
40,2022-01-28-06:21:06,5,7,3.96626
41,2022-01-28-06:21:12,7,1,5.69655
42,2022-01-28-06:21:16,1,4,3.91477
43,2022-01-28-06:21:27,4,0,10.70842
44,2022-01-28-06:21:41,0,3,9.65458
45,2022-01-28-06:21:50,3,1,8.33029
46,2022-01-28-06:22:13,1,4,20.17892
47,2022-01-28-06:22:31,4,0,10.01021
48,2022-01-28-06:23:03,0,1,29.48515
49,2022-01-28-06:23:05,1,0,2.55579
50,2022-01-28-06:23:08,0,6,2.92212
51,2022-01-28-06:23:11,6,1,3.08191
52,2022-01-28-06:23:13,1,0,1.21002
53,2022-01-28-06:23:14,0,4,1.62779
54,2022-01-28-06:23:16,4,5,2.18085
55,2022-01-28-06:23:20,5,4,3.65804
56,2022-01-28-06:23:22,4,5,1.98841
57,2022-01-28-06:23:26,5,2,4.02976
58,2022-01-28-06:23:30,2,6,4.21485
59,2022-01-28-06:23:34,6,5,3.39752
60,2022-01-28-06:23:37,5,6,3.40603
61,2022-01-28-06:23:42,6,7,4.47366
62,2022-01-28-06:23:44,7,6,2.84893
63,2022-01-28-06:23:49,6,4,4.17639
64,2022-01-28-06:23:53,4,5,3.89364
65,2022-01-28-06:23:55,5,4,2.19014
66,2022-01-28-06:23:57,4,0,1.84935
67,2022-01-28-06:23:59,0,7,2.14347
68,2022-01-28-06:24:01,7,1,2.03153
69,2022-01-28-06:24:04,1,3,2.80032
70,2022-01-28-06:24:06,3,0,2.74886
71,2022-01-28-06:24:08,0,4,1.74689
72,2022-01-28-06:24:12,4,6,3.59442
73,2022-01-28-06:24:15,6,4,3.66109
74,2022-01-28-06:24:20,4,2,4.30789
75,2022-01-28-06:24:22,2,4,1.88754
76,2022-01-28-06:24:26,4,7,4.60429
77,2022-01-28-06:24:29,7,5,3.01640
78,2022-01-28-06:24:33,5,6,3.36291
79,2022-01-28-06:24:36,6,0,3.81939
80,2022-01-28-06:24:39,0,5,2.33269
81,2022-01-28-06:24:41,5,1,2.40095
82,2022-01-28-06:24:43,1,2,2.13114
83,2022-01-28-06:24:45,2,1,2.19774
84,2022-01-28-06:24:47,1,0,1.16412
85,2022-01-28-06:24:48,0,1,1.24449
86,2022-01-28-06:24:52,1,6,3.75547
87,2022-01-28-06:24:56,6,0,3.99131
88,2022-01-28-06:24:57,0,1,1.31924
89,2022-01-28-06:24:58,1,0,1.18601
90,2022-01-28-06:25:00,0,4,1.70135
91,2022-01-28-06:25:01,4,1,1.43209
92,2022-01-28-06:25:03,1,4,1.42240
93,2022-01-28-06:25:04,4,1,1.62175
94,2022-01-28-06:25:07,1,3,2.92708
95,2022-01-28-06:25:10,3,0,2.54374
96,2022-01-28-06:25:12,0,7,2.43751
97,2022-01-28-06:25:15,7,4,2.39702
98,2022-01-28-06:25:17,4,3,2.66736
99,2022-01-28-06:25:22,3,4,4.54397
100,2022-01-28-06:25:27,4,7,4.71599
101,2022-01-28-06:25:30,7,3,3.93118
102,2022-01-28-06:25:34,3,1,3.79544
103,2022-01-28-06:25:37,1,3,2.82229
104,2022-01-28-06:25:39,3,6,2.20977
105,2022-01-28-06:25:43,6,4,4.09881
106,2022-01-28-06:25:47,4,2,3.49859
107,2022-01-28-06:25:50,2,7,2.74117
108,2022-01-28-06:25:52,7,1,1.96814
109,2022-01-28-06:25:54,1,2,2.09151
110,2022-01-28-06:25:57,2,6,3.45503
111,2022-01-28-06:26:00,6,7,2.74761
112,2022-01-28-06:26:03,7,3,3.38832
113,2022-01-28-06:26:06,3,0,2.73650
114,2022-01-28-06:26:08,0,4,1.66591
115,2022-01-28-06:26:10,4,3,2.24118
116,2022-01-28-06:26:13,3,0,3.04560
117,2022-01-28-06:26:15,0,2,1.86930
118,2022-01-28-06:26:18,2,7,3.17555
119,2022-01-28-06:26:20,7,0,2.18517
120,2022-01-28-06:26:21,0,1,1.19374
121,2022-01-28-06:26:26,1,6,4.13485
122,2022-01-28-06:26:30,6,2,3.98636
123,2022-01-28-06:26:31,2,5,1.80694
124,2022-01-28-06:26:34,5,0,2.68749
125,2022-01-28-06:26:38,0,3,4.11095
126,2022-01-28-06:26:42,3,0,3.55630
127,2022-01-28-06:26:46,0,6,3.81300
128,2022-01-28-06:26:48,6,3,2.19858
129,2022-01-28-06:26:52,3,2,4.61202
130,2022-01-28-06:26:56,2,6,3.32190
131,2022-01-28-06:27:00,6,0,4.20732
132,2022-01-28-06:27:02,0,2,1.92046
133,2022-01-28-06:27:05,2,3,3.66359
134,2022-01-28-06:27:09,3,7,3.69614
135,2022-01-28-06:27:12,7,5,3.28023
136,2022-01-28-06:27:15,5,7,2.78039
137,2022-01-28-06:27:18,7,4,3.24947
138,2022-01-28-06:27:20,4,1,1.68929
139,2022-01-28-06:27:22,1,4,1.52817
140,2022-01-28-06:27:23,4,1,1.49019
141,2022-01-28-06:27:25,1,4,1.40407
142,2022-01-28-06:27:26,4,1,1.54602
143,2022-01-28-06:27:28,1,7,1.84028
144,2022-01-28-06:27:31,7,2,3.44033
145,2022-01-28-06:27:34,2,7,2.80952
146,2022-01-28-06:27:36,7,1,1.79664
147,2022-01-28-06:27:39,1,6,3.12161
148,2022-01-28-06:27:42,6,5,3.19330
149,2022-01-28-06:27:45,5,4,2.49096
150,2022-01-28-06:27:46,4,1,1.64742
151,2022-01-28-06:27:48,1,0,1.35187
152,2022-01-28-06:27:50,0,7,2.17108
153,2022-01-28-06:27:52,7,1,1.80729
154,2022-01-28-06:27:54,1,5,2.26355
155,2022-01-28-06:27:57,5,0,2.76925
156,2022-01-28-06:27:59,0,2,2.13234
157,2022-01-28-06:28:01,2,4,2.00460
158,2022-01-28-06:28:02,4,1,1.45225
159,2022-01-28-06:28:04,1,0,1.64098
160,2022-01-28-06:28:06,0,7,2.15839
161,2022-01-28-06:28:09,7,2,3.11745
162,2022-01-28-06:28:11,2,0,1.99876
163,2022-01-28-06:28:14,0,5,2.44302
164,2022-01-28-06:28:17,5,7,2.97744
165,2022-01-28-06:28:20,7,4,3.56214
166,2022-01-28-06:28:22,4,0,2.10969
167,2022-01-28-06:28:26,0,3,3.32630
168,2022-01-28-06:28:29,3,4,2.78275
169,2022-01-28-06:28:30,4,1,1.48346
170,2022-01-28-06:28:34,1,3,3.72627
171,2022-01-28-06:28:37,3,5,3.66726
172,2022-01-28-06:28:41,5,6,3.57754
173,2022-01-28-06:28:44,6,7,3.12163
174,2022-01-28-06:28:48,7,4,3.73489
175,2022-01-28-06:28:51,4,7,3.47353
176,2022-01-28-06:28:55,7,0,3.39788
177,2022-01-28-06:28:57,0,4,1.81221
178,2022-01-28-06:28:59,4,5,2.24704
179,2022-01-28-06:29:02,5,7,2.84835
180,2022-01-28-06:29:05,7,3,3.51236
181,2022-01-28-06:29:09,3,7,3.46803
182,2022-01-28-06:29:12,7,3,3.44456
183,2022-01-28-06:29:15,3,0,3.05711
184,2022-01-28-06:29:19,0,3,4.00900
185,2022-01-28-06:29:23,3,2,3.76586
186,2022-01-28-06:29:27,2,5,4.30613
187,2022-01-28-06:29:31,5,6,3.41164
188,2022-01-28-06:29:34,6,0,3.69293
189,2022-01-28-06:29:36,0,2,1.84091
190,2022-01-28-06:29:39,2,7,2.83712
191,2022-01-28-06:29:42,7,6,2.80444
192,2022-01-28-06:29:44,6,3,2.43778
193,2022-01-28-06:29:47,3,7,2.32235
194,2022-01-28-06:29:51,7,6,4.22925
195,2022-01-28-06:29:55,6,4,4.16567
196,2022-01-28-06:29:57,4,5,2.30235
197,2022-01-28-06:30:00,5,1,2.73091
198,2022-01-28-06:30:01,1,0,1.35704
199,2022-01-28-06:30:03,0,4,1.93063
200,2022-01-28-06:30:06,4,7,2.30282
201,2022-01-28-06:30:08,7,4,2.04199
202,2022-01-28-06:30:12,4,6,3.95607
203,2022-01-28-06:30:16,6,7,4.35432
204,2022-01-28-06:30:19,7,2,3.00032
205,2022-01-28-06:30:23,2,3,3.87887
206,2022-01-28-06:30:25,3,7,2.31842
207,2022-01-28-06:30:28,7,2,2.85788
208,2022-01-28-06:30:30,2,5,2.00143
209,2022-01-28-06:30:34,5,3,3.58820
210,2022-01-28-06:30:38,3,1,4.17420
211,2022-01-28-06:30:40,1,2,2.23676
212,2022-01-28-06:30:42,2,0,1.92567
213,2022-01-28-06:30:44,0,7,2.00146
214,2022-01-28-06:30:47,7,2,2.95186
215,2022-01-28-06:30:49,2,1,2.13116
216,2022-01-28-06:30:53,1,6,4.07575
217,2022-01-28-06:30:57,6,0,3.71446
218,2022-01-28-06:31:01,0,6,3.96312
219,2022-01-28-06:31:06,6,3,4.83075
220,2022-01-28-06:31:08,3,0,2.84129
221,2022-01-28-06:31:12,0,3,3.60047
222,2022-01-28-06:31:16,3,7,3.57673
223,2022-01-28-06:31:19,7,0,3.42551
224,2022-01-28-06:31:21,0,2,2.23445
225,2022-01-28-06:31:24,2,1,2.40372
226,2022-01-28-06:31:26,1,4,1.69134
227,2022-01-28-06:31:27,4,1,1.53707
228,2022-01-28-06:31:31,1,6,4.20494
229,2022-01-28-06:31:35,6,2,3.40094
230,2022-01-28-06:31:38,2,7,3.09192
231,2022-01-28-06:31:41,7,0,3.28670
232,2022-01-28-06:31:42,0,1,1.26164
233,2022-01-28-06:31:44,1,0,1.31490
234,2022-01-28-06:31:45,0,1,1.37070
235,2022-01-28-06:31:47,1,4,1.65348
236,2022-01-28-06:31:49,4,5,2.03159
237,2022-01-28-06:31:51,5,1,2.79692
238,2022-01-28-06:31:53,1,4,1.63041
239,2022-01-28-06:31:55,4,7,2.28995
240,2022-01-28-06:31:58,7,2,2.89423
241,2022-01-28-06:32:01,2,1,2.50954
242,2022-01-28-06:32:03,1,7,2.13822
243,2022-01-28-06:32:06,7,5,3.25060
244,2022-01-28-06:32:09,5,3,2.96444
245,2022-01-28-06:32:12,3,0,2.59880
246,2022-01-28-06:32:13,0,1,1.45102
247,2022-01-28-06:32:16,1,5,2.55166
248,2022-01-28-06:32:18,5,2,1.93801
249,2022-01-28-06:32:20,2,4,2.11417
250,2022-01-28-06:32:22,4,7,2.23378
251,2022-01-28-06:32:24,7,1,1.97045
252,2022-01-28-06:32:27,1,3,2.86340
253,2022-01-28-06:32:29,3,6,2.44891
254,2022-01-28-06:32:32,6,5,3.09799
255,2022-01-28-06:32:36,5,6,3.35556
256,2022-01-28-06:32:40,6,7,4.24800
257,2022-01-28-06:32:45,7,4,4.77706
258,2022-01-28-06:32:51,4,1,6.28217
259,2022-01-28-06:32:53,1,4,1.78627
260,2022-01-28-06:32:55,4,7,2.10438
261,2022-01-28-06:32:57,7,1,1.99280
262,2022-01-28-06:32:59,1,2,2.18309
263,2022-01-28-06:33:02,2,1,2.47918
264,2022-01-28-06:33:04,1,7,2.24037
265,2022-01-28-06:33:06,7,0,2.27182
266,2022-01-28-06:33:08,0,1,1.65794
267,2022-01-28-06:33:10,1,4,2.06056
268,2022-01-28-06:33:12,4,5,2.28445
269,2022-01-28-06:33:15,5,3,2.90771
270,2022-01-28-06:33:18,3,5,2.83204
271,2022-01-28-06:33:21,5,3,2.68679
272,2022-01-28-06:33:23,3,0,2.64481
273,2022-01-28-06:33:26,0,5,3.10974
274,2022-01-28-06:33:31,5,4,4.11701
275,2022-01-28-06:33:33,4,7,2.22845
276,2022-01-28-06:33:36,7,5,3.22658
277,2022-01-28-06:33:38,5,0,2.47510
278,2022-01-28-06:33:40,0,1,1.52270
279,2022-01-28-06:33:42,1,2,2.42098
280,2022-01-28-06:33:45,2,5,2.14253
281,2022-01-28-06:33:47,5,2,2.07876
282,2022-01-28-06:33:49,2,1,2.38158
283,2022-01-28-06:33:52,1,2,2.56503
284,2022-01-28-06:33:56,2,3,4.15345
285,2022-01-28-06:33:59,3,5,3.37553
286,2022-01-28-06:34:03,5,6,3.43160
287,2022-01-28-06:34:07,6,0,4.56050
288,2022-01-28-06:34:09,0,4,1.81072
289,2022-01-28-06:34:11,4,7,2.32097
290,2022-01-28-06:34:14,7,3,2.67958
291,2022-01-28-06:34:17,3,0,3.32690
292,2022-01-28-06:34:20,0,5,2.82933
293,2022-01-28-06:34:24,5,6,3.60731
294,2022-01-28-06:34:28,6,0,3.92002
295,2022-01-28-06:34:30,0,2,2.15392
296,2022-01-28-06:34:32,2,0,2.03119
297,2022-01-28-06:34:35,0,3,3.00577
298,2022-01-28-06:34:39,3,7,3.73884
299,2022-01-28-06:34:42,7,4,3.67604
300,2022-01-28-06:34:47,4,2,4.43024
301,2022-01-28-06:34:52,2,7,5.16968
302,2022-01-28-06:34:55,7,2,3.06756
303,2022-01-28-06:34:57,2,1,2.32663
304,2022-01-28-06:34:59,1,0,1.62848
305,2022-01-28-06:35:01,0,7,2.38218
306,2022-01-28-06:35:04,7,4,3.04799
307,2022-01-28-06:35:07,4,7,2.31908
308,2022-01-28-06:35:12,7,4,5.09190
309,2022-01-28-06:35:16,4,0,4.31929
310,2022-01-28-06:35:18,0,2,2.40572
311,2022-01-28-06:35:21,2,1,2.71313
312,2022-01-28-06:35:23,1,0,1.50656
313,2022-01-28-06:35:25,0,5,2.40616
314,2022-01-28-06:35:29,5,6,3.60866
315,2022-01-28-06:35:33,6,7,4.38183
316,2022-01-28-06:35:35,7,1,1.97464
317,2022-01-28-06:35:37,1,4,1.99811
318,2022-01-28-06:35:40,4,2,2.74131
319,2022-01-28-06:35:43,2,6,3.58826
320,2022-01-28-06:35:47,6,7,3.33892
321,2022-01-28-06:35:49,7,0,2.53467
322,2022-01-28-06:35:51,0,1,1.53756
323,2022-01-28-06:35:54,1,6,3.29856
324,2022-01-28-06:35:58,6,7,3.92650
325,2022-01-28-06:36:01,7,6,3.01835
326,2022-01-28-06:36:05,6,0,4.33155
327,2022-01-28-06:36:08,0,4,2.12022
328,2022-01-28-06:36:11,4,6,3.76658
329,2022-01-28-06:36:15,6,4,4.18390
330,2022-01-28-06:36:20,4,6,4.17589
331,2022-01-28-06:36:24,6,0,4.11672
332,2022-01-28-06:36:26,0,4,2.11185
333,2022-01-28-06:36:28,4,7,2.35409
334,2022-01-28-06:36:33,7,4,4.79631
335,2022-01-28-06:36:37,4,2,3.66686
336,2022-01-28-06:36:39,2,1,2.39946
337,2022-01-28-06:36:41,1,7,2.08284
338,2022-01-28-06:36:44,7,5,3.10136
339,2022-01-28-06:36:47,5,7,2.87651
340,2022-01-28-06:36:50,7,5,3.09850
341,2022-01-28-06:36:54,5,6,3.48613
342,2022-01-28-06:36:58,6,5,3.81356
343,2022-01-28-06:37:01,5,3,3.63367
344,2022-01-28-06:37:05,3,5,3.87041
345,2022-01-28-06:37:09,5,6,3.62020
346,2022-01-28-06:37:13,6,2,3.91690
347,2022-01-28-06:37:16,2,6,3.63919
348,2022-01-28-06:37:20,6,4,3.93878
349,2022-01-28-06:37:23,4,3,2.42641
350,2022-01-28-06:37:27,3,7,4.03168
351,2022-01-28-06:37:29,7,0,2.32721
352,2022-01-28-06:37:33,0,3,3.94819
353,2022-01-28-06:37:37,3,0,4.30286
354,2022-01-28-06:37:42,0,6,4.22973
355,2022-01-28-06:37:45,6,7,3.00708
356,2022-01-28-06:37:48,7,2,2.99940
357,2022-01-28-06:37:49,2,5,1.69285
358,2022-01-28-06:37:52,5,7,3.08610
359,2022-01-28-06:37:55,7,5,2.93557
360,2022-01-28-06:37:59,5,7,3.34881
361,2022-01-28-06:38:02,7,2,3.56125
362,2022-01-28-06:38:06,2,3,3.39353
363,2022-01-28-06:38:09,3,5,3.68712
364,2022-01-28-06:38:12,5,3,3.00109
365,2022-01-28-06:38:17,3,2,4.75484
366,2022-01-28-06:38:21,2,6,3.68823
367,2022-01-28-06:38:25,6,5,4.15517
368,2022-01-28-06:38:28,5,4,2.83014
369,2022-01-28-06:38:33,4,2,5.27422
370,2022-01-28-06:38:38,2,0,4.66530
371,2022-01-28-06:38:39,0,1,1.81676
372,2022-01-28-06:38:41,1,0,1.49219
373,2022-01-28-06:38:42,0,1,1.40298
374,2022-01-28-06:38:44,1,4,1.75930
375,2022-01-28-06:38:48,4,6,3.85774
376,2022-01-28-06:38:52,6,4,3.71933
377,2022-01-28-06:38:54,4,2,2.61389
378,2022-01-28-06:38:58,2,6,3.94564
379,2022-01-28-06:39:02,6,0,3.96541
380,2022-01-28-06:39:04,0,1,1.40964
381,2022-01-28-06:39:08,1,3,4.67110
382,2022-01-28-06:39:13,3,1,4.43248
383,2022-01-28-06:39:16,1,3,3.02117
384,2022-01-28-06:39:19,3,1,2.81186
385,2022-01-28-06:39:20,1,4,1.47443
386,2022-01-28-06:39:24,4,6,4.04430
387,2022-01-28-06:39:29,6,3,4.54894
388,2022-01-28-06:39:32,3,6,2.89274
389,2022-01-28-06:39:36,6,0,4.52417
390,2022-01-28-06:39:38,0,1,1.51394
391,2022-01-28-06:39:42,1,6,4.55725
392,2022-01-28-06:39:46,6,2,3.68943
393,2022-01-28-06:39:48,2,4,2.39555
394,2022-01-28-06:39:52,4,6,3.82796
395,2022-01-28-06:39:56,6,4,3.89864
396,2022-01-28-06:39:59,4,3,2.66421
397,2022-01-28-06:40:02,3,4,3.37342
398,2022-01-28-06:40:06,4,5,4.04572
399,2022-01-28-06:40:10,5,4,3.48381
400,2022-01-28-06:40:12,4,1,1.96404
401,2022-01-28-06:40:14,1,7,2.25844
402,2022-01-28-06:40:18,7,5,4.17485
403,2022-01-28-06:40:21,5,7,3.29168
404,2022-01-28-06:40:24,7,6,3.14881
405,2022-01-28-06:40:29,6,1,4.25702
406,2022-01-28-06:40:32,1,3,2.93005
407,2022-01-28-06:40:34,3,4,2.87866
408,2022-01-28-06:40:36,4,1,1.97650
409,2022-01-28-06:40:41,1,6,4.47693
410,2022-01-28-06:40:46,6,3,4.55445
411,2022-01-28-06:40:50,3,4,4.48681
412,2022-01-28-06:40:54,4,7,3.77070
413,2022-01-28-06:40:57,7,2,3.18322
414,2022-01-28-06:40:59,2,4,2.27162
415,2022-01-28-06:41:02,4,0,2.33614
416,2022-01-28-06:41:04,0,2,2.16038
417,2022-01-28-06:41:06,2,1,2.55521
418,2022-01-28-06:41:09,1,7,2.53920
419,2022-01-28-06:41:13,7,5,3.93747
420,2022-01-28-06:41:16,5,6,3.21149
421,2022-01-28-06:41:20,6,5,4.19104
422,2022-01-28-06:41:24,5,2,3.41479
423,2022-01-28-06:41:27,2,7,3.17247
424,2022-01-28-06:41:31,7,4,4.40147
425,2022-01-28-06:41:34,4,3,2.87626
426,2022-01-28-06:41:37,3,7,2.72303
427,2022-01-28-06:41:39,7,1,2.40321
428,2022-01-28-06:41:42,1,7,2.31236
429,2022-01-28-06:41:45,7,5,3.66410
430,2022-01-28-06:41:48,5,7,3.19587
431,2022-01-28-06:41:53,7,3,4.19725
432,2022-01-28-06:41:55,3,4,2.46252
433,2022-01-28-06:41:58,4,3,2.73738
434,2022-01-28-06:42:01,3,5,2.95132
435,2022-01-28-06:42:04,5,6,3.74929
436,2022-01-28-06:42:09,6,1,4.23724
437,2022-01-28-06:42:13,1,6,4.04357
438,2022-01-28-06:42:18,6,0,5.52795
439,2022-01-28-06:42:21,0,5,2.44906
440,2022-01-28-06:42:24,5,1,2.86663
441,2022-01-28-06:42:26,1,2,2.45699
442,2022-01-28-06:42:28,2,4,2.10333
443,2022-01-28-06:42:30,4,1,1.84020
444,2022-01-28-06:42:33,1,5,3.38771
445,2022-01-28-06:42:37,5,6,3.61604
446,2022-01-28-06:42:43,6,3,5.84595
447,2022-01-28-06:42:46,3,6,2.75673
448,2022-01-28-06:42:49,6,5,3.51283
449,2022-01-28-06:42:52,5,4,2.48893
450,2022-01-28-06:42:54,4,5,2.17566
451,2022-01-28-06:42:58,5,2,4.34366
452,2022-01-28-06:43:01,2,4,2.39246
453,2022-01-28-06:43:03,4,2,2.59523
454,2022-01-28-06:43:08,2,1,5.01409
455,2022-01-28-06:43:10,1,4,1.95617
456,2022-01-28-06:43:12,4,7,2.29906
457,2022-01-28-06:43:16,7,3,3.37657
458,2022-01-28-06:43:19,3,1,2.90504
459,2022-01-28-06:43:21,1,5,2.51889
460,2022-01-28-06:43:24,5,1,2.41398
461,2022-01-28-06:43:26,1,5,2.55952
462,2022-01-28-06:43:29,5,1,2.72325
463,2022-01-28-06:43:31,1,2,2.51121
464,2022-01-28-06:43:35,2,3,3.28267
465,2022-01-28-06:43:38,3,5,3.44465
466,2022-01-28-06:43:41,5,7,3.22787
467,2022-01-28-06:43:45,7,4,3.86301
468,2022-01-28-06:43:48,4,7,2.84598
469,2022-01-28-06:43:51,7,1,2.45914
470,2022-01-28-06:43:53,1,2,2.64669
471,2022-01-28-06:43:57,2,7,3.33901
472,2022-01-28-06:44:00,7,6,3.57579
473,2022-01-28-06:44:05,6,3,4.33788
474,2022-01-28-06:44:08,3,0,3.17940
475,2022-01-28-06:44:10,0,2,2.44281
476,2022-01-28-06:44:14,2,3,3.36955
477,2022-01-28-06:44:17,3,0,3.22989
478,2022-01-28-06:44:19,0,4,1.95871
479,2022-01-28-06:44:21,4,7,2.40929
480,2022-01-28-06:44:25,7,2,3.44631
481,2022-01-28-06:44:29,2,3,4.18879
482,2022-01-28-06:44:32,3,4,2.81222
483,2022-01-28-06:44:37,4,2,5.22564
484,2022-01-28-06:44:42,2,0,4.86122
485,2022-01-28-06:44:44,0,7,2.53495
486,2022-01-28-06:44:49,7,5,4.30167
487,2022-01-28-06:44:51,5,1,2.51103
488,2022-01-28-06:44:54,1,3,2.74829
489,2022-01-28-06:44:57,3,6,2.90667
490,2022-01-28-06:44:59,6,3,2.62515
491,2022-01-28-06:45:02,3,5,3.09986
492,2022-01-28-06:45:06,5,7,3.45582
493,2022-01-28-06:45:09,7,2,3.40739
494,2022-01-28-06:45:13,2,3,3.60152
495,2022-01-28-06:45:16,3,1,3.35039
496,2022-01-28-06:45:20,1,5,3.38580
497,2022-01-28-06:45:24,5,3,3.89427
498,2022-01-28-06:45:28,3,4,3.96751
499,2022-01-28-06:45:30,4,2,2.55154
500,2022-01-28-06:45:32,2,4,2.32480
501,2022-01-28-06:45:36,4,7,3.73501
502,2022-01-28-06:45:39,7,6,3.11115
503,2022-01-28-06:45:44,6,0,4.27939
504,2022-01-28-06:45:45,0,1,1.68489
505,2022-01-28-06:45:48,1,3,3.10095
506,2022-01-28-06:45:52,3,1,3.40430
507,2022-01-28-06:45:55,1,6,3.28075
508,2022-01-28-06:45:58,6,0,3.43566
509,2022-01-28-06:46:03,0,6,4.38948
510,2022-01-28-06:46:07,6,3,4.26038
511,2022-01-28-06:46:11,3,5,3.75012
512,2022-01-28-06:46:14,5,3,2.83558
513,2022-01-28-06:46:17,3,1,3.58343
514,2022-01-28-06:46:20,1,3,3.12936
515,2022-01-28-06:46:25,3,7,4.30814
516,2022-01-28-06:46:28,7,6,3.11559
517,2022-01-28-06:46:34,6,5,6.00170
518,2022-01-28-06:46:37,5,3,3.14348
519,2022-01-28-06:46:41,3,5,4.15231
520,2022-01-28-06:46:44,5,1,2.61857
521,2022-01-28-06:46:47,1,3,2.93887
522,2022-01-28-06:46:52,3,2,5.73290
523,2022-01-28-06:46:56,2,3,3.60511
524,2022-01-28-06:47:00,3,6,4.16166
525,2022-01-28-06:47:05,6,1,4.36069
526,2022-01-28-06:47:07,1,2,2.65759
527,2022-01-28-06:47:10,2,4,2.42016
528,2022-01-28-06:47:13,4,2,2.97582
529,2022-01-28-06:47:16,2,7,3.31757
530,2022-01-28-06:47:21,7,3,4.73035
531,2022-01-28-06:47:25,3,0,4.14677
532,2022-01-28-06:47:27,0,2,2.33797
533,2022-01-28-06:47:31,2,3,3.47382
534,2022-01-28-06:47:34,3,0,3.37844
535,2022-01-28-06:47:37,0,7,2.90593
536,2022-01-28-06:47:40,7,3,3.41894
537,2022-01-28-06:47:44,3,5,3.23231
538,2022-01-28-06:47:46,5,3,2.83479
539,2022-01-28-06:47:50,3,2,3.87015
540,2022-01-28-06:47:54,2,7,3.73462
541,2022-01-28-06:47:59,7,1,4.96904
542,2022-01-28-06:48:01,1,4,2.44509
543,2022-01-28-06:48:07,4,2,5.20735
544,2022-01-28-06:48:11,2,0,4.74607
545,2022-01-28-06:48:14,0,7,2.92395
546,2022-01-28-06:48:18,7,2,3.13965
547,2022-01-28-06:48:20,2,5,2.32960
548,2022-01-28-06:48:23,5,7,3.40202
549,2022-01-28-06:48:28,7,3,4.47895
550,2022-01-28-06:48:30,3,6,2.61755
551,2022-01-28-06:48:35,6,4,4.36511
552,2022-01-28-06:48:37,4,1,1.93289
553,2022-01-28-06:48:39,1,2,2.35622
554,2022-01-28-06:48:43,2,7,4.11214
555,2022-01-28-06:48:49,7,2,5.57355
556,2022-01-28-06:48:55,2,4,6.15924
557,2022-01-28-06:49:01,4,6,5.93504
558,2022-01-28-06:49:09,6,4,7.05707
559,2022-01-28-06:49:13,4,6,4.32488
560,2022-01-28-06:49:17,6,7,3.27469
561,2022-01-28-06:49:21,7,3,4.14467
562,2022-01-28-06:49:25,3,2,4.83452
563,2022-01-28-06:49:30,2,3,4.58651
564,2022-01-28-06:49:34,3,5,4.36299
565,2022-01-28-06:49:37,5,1,2.54948
566,2022-01-28-06:49:41,1,6,4.12651
567,2022-01-28-06:49:46,6,2,4.64383
568,2022-01-28-06:49:49,2,1,2.86191
569,2022-01-28-06:49:51,1,5,2.37503
570,2022-01-28-06:49:54,5,2,2.50386
571,2022-01-28-06:49:57,2,6,3.61258
572,2022-01-28-06:50:02,6,1,4.40255
573,2022-01-28-06:50:04,1,2,2.66892
574,2022-01-28-06:50:08,2,3,4.08125
575,2022-01-28-06:50:13,3,5,4.43716
576,2022-01-28-06:50:18,5,4,4.98954
577,2022-01-28-06:50:23,4,7,4.97310
578,2022-01-28-06:50:25,7,1,2.51820
579,2022-01-28-06:50:29,1,6,3.26022
580,2022-01-28-06:50:32,6,7,3.10312
581,2022-01-28-06:50:38,7,2,6.46194
582,2022-01-28-06:50:42,2,3,4.13664
583,2022-01-28-06:50:46,3,4,3.35528
584,2022-01-28-06:50:51,4,7,4.98036
585,2022-01-28-06:50:54,7,2,3.39149
586,2022-01-28-06:51:00,2,6,5.85166
587,2022-01-28-06:51:05,6,2,4.60413
588,2022-01-28-06:51:09,2,7,3.86175
589,2022-01-28-06:51:14,7,3,5.03071
590,2022-01-28-06:51:19,3,7,5.31842
591,2022-01-28-06:51:23,7,2,3.56620
592,2022-01-28-06:51:28,2,6,5.51565
593,2022-01-28-06:51:32,6,5,3.90197
594,2022-01-28-06:51:37,5,2,4.53845
595,2022-01-28-06:51:41,2,4,4.12315
596,2022-01-28-06:51:44,4,5,2.68887
597,2022-01-28-06:51:47,5,7,3.29852
598,2022-01-28-06:51:50,7,6,3.20691
599,2022-01-28-06:51:57,6,5,6.96628
600,2022-01-28-06:52:02,5,6,5.05175
601,2022-01-28-06:52:09,6,3,6.22557
602,2022-01-28-06:52:14,3,5,5.03806
603,2022-01-28-06:52:20,5,4,6.58581
604,2022-01-28-06:52:26,4,0,5.33600
605,2022-01-28-06:52:29,0,3,3.15374
606,2022-01-28-06:52:34,3,2,5.04533
607,2022-01-28-06:52:39,2,0,4.77963
608,2022-01-28-06:52:42,0,6,3.39066
609,2022-01-28-06:52:46,6,2,4.26830
610,2022-01-28-06:52:49,2,4,2.66960
611,2022-01-28-06:52:51,4,1,1.86181
612,2022-01-28-06:52:53,1,3,2.70725
613,2022-01-28-06:52:56,3,6,3.00300
614,2022-01-28-06:53:00,6,5,3.22610
615,2022-01-28-06:53:04,5,6,4.05985
616,2022-01-28-06:53:07,6,5,3.58902
617,2022-01-28-06:53:11,5,7,3.19233
618,2022-01-28-06:53:15,7,4,4.19059
619,2022-01-28-06:53:24,4,1,8.83825
620,2022-01-28-06:53:31,1,0,7.77663
621,2022-01-28-06:53:34,0,7,2.50475
622,2022-01-28-06:53:39,7,4,4.66273
623,2022-01-28-06:53:42,4,5,3.53107
624,2022-01-28-06:53:46,5,2,2.87544
625,2022-01-28-06:53:50,2,1,4.08782
626,2022-01-28-06:53:54,1,4,2.61722
627,2022-01-28-06:53:58,4,2,4.60025
628,2022-01-28-06:54:01,2,4,2.73937
629,2022-01-28-06:54:05,4,3,3.40088
630,2022-01-28-06:54:09,3,7,4.49382
631,2022-01-28-06:54:12,7,5,3.06102
632,2022-01-28-06:54:15,5,7,2.83687
633,2022-01-28-06:54:19,7,4,4.16799
634,2022-01-28-06:54:22,4,2,2.50937
635,2022-01-28-06:54:24,2,4,2.10266
636,2022-01-28-06:54:26,4,0,1.97988
637,2022-01-28-06:54:28,0,7,2.41916
638,2022-01-28-06:54:30,7,1,2.04071
639,2022-01-28-06:54:34,1,5,3.08905
640,2022-01-28-06:54:36,5,3,2.70664
641,2022-01-28-06:54:40,3,5,3.86798
642,2022-01-28-06:54:44,5,0,3.25704
643,2022-01-28-06:54:46,0,2,2.38884
644,2022-01-28-06:54:50,2,6,3.92346
645,2022-01-28-06:54:54,6,1,4.00775
646,2022-01-28-06:55:01,1,3,7.00154
647,2022-01-28-06:55:18,3,6,8.32116
648,2022-01-28-06:55:26,6,5,4.49418
649,2022-01-28-06:55:30,5,3,4.45607
650,2022-01-28-06:55:34,3,0,3.32782
651,2022-01-28-06:55:35,0,1,1.41276
652,2022-01-28-06:55:38,1,3,3.04726
653,2022-01-28-06:55:42,3,7,3.54381
654,2022-01-28-06:55:46,7,1,4.43147
655,2022-01-28-06:55:49,1,5,2.50106
656,2022-01-28-06:55:53,5,3,4.20857
657,2022-01-28-06:55:56,3,6,3.47173
658,2022-01-28-06:56:01,6,1,4.26393
659,2022-01-28-06:56:03,1,7,2.10768
660,2022-01-28-06:56:05,7,0,2.24995
661,2022-01-28-06:56:07,0,2,1.97792
662,2022-01-28-06:56:09,2,0,2.06551
663,2022-01-28-06:56:10,0,1,1.38983
664,2022-01-28-06:56:13,1,0,2.32199
665,2022-01-28-06:56:15,0,4,2.50924
666,2022-01-28-06:56:18,4,2,2.91895
667,2022-01-28-06:56:21,2,7,2.85289
668,2022-01-28-06:56:25,7,4,3.78720
669,2022-01-28-06:56:27,4,0,1.98423
670,2022-01-28-06:56:29,0,7,2.25387
671,2022-01-28-06:56:32,7,0,2.34244
672,2022-01-28-06:56:33,0,4,1.85007
673,2022-01-28-06:56:38,4,2,4.85255
674,2022-01-28-06:56:41,2,4,2.62915
675,2022-01-28-06:56:46,4,0,5.37960
676,2022-01-28-06:56:50,0,3,3.85981
677,2022-01-28-06:56:53,3,4,2.37124
678,2022-01-28-06:56:55,4,5,2.10283
679,2022-01-28-06:56:59,5,6,3.77776
680,2022-01-28-06:57:02,6,0,3.96565
681,2022-01-28-06:57:06,0,6,3.33018
682,2022-01-28-06:57:09,6,3,3.52243
683,2022-01-28-06:57:13,3,0,3.88722
684,2022-01-28-06:57:16,0,2,2.41987
685,2022-01-28-06:57:19,2,6,3.58487
686,2022-01-28-06:57:23,6,4,3.59228
687,2022-01-28-06:57:26,4,6,3.54333
688,2022-01-28-06:57:31,6,2,4.26295
689,2022-01-28-06:57:33,2,1,2.49465
690,2022-01-28-06:57:36,1,3,2.67143
691,2022-01-28-06:57:39,3,0,2.76864
692,2022-01-28-06:57:41,0,3,2.94897
693,2022-01-28-06:57:45,3,7,3.74797
694,2022-01-28-06:57:48,7,6,2.96622
695,2022-01-28-06:57:53,6,1,4.43082
696,2022-01-28-06:57:54,1,0,1.26294
697,2022-01-28-06:57:55,0,1,1.37857
698,2022-01-28-06:57:57,1,0,1.43022
699,2022-01-28-06:57:59,0,7,2.20978
700,2022-01-28-06:58:02,7,2,2.82624
701,2022-01-28-06:58:05,2,7,2.99556
702,2022-01-28-06:58:08,7,4,3.51070
703,2022-01-28-06:58:12,4,0,3.99486
704,2022-01-28-06:58:14,0,1,1.53963
705,2022-01-28-06:58:16,1,2,2.10652
706,2022-01-28-06:58:20,2,3,4.17716
707,2022-01-28-06:58:24,3,4,3.60559
708,2022-01-28-06:58:26,4,2,2.53105
709,2022-01-28-06:58:28,2,0,1.99337
710,2022-01-28-06:58:30,0,1,1.74164
711,2022-01-28-06:58:32,1,7,1.95237
712,2022-01-28-06:58:35,7,2,2.71882
713,2022-01-28-06:58:38,2,6,3.55745
714,2022-01-28-06:58:42,6,2,3.59444
715,2022-01-28-06:58:45,2,4,2.87096
716,2022-01-28-06:58:49,4,0,4.06412
717,2022-01-28-06:58:53,0,6,4.08094
718,2022-01-28-06:58:58,6,2,4.99579
719,2022-01-28-06:59:02,2,6,3.97439
720,2022-01-28-06:59:05,6,2,3.41552
721,2022-01-28-06:59:07,2,5,1.81416
722,2022-01-28-06:59:10,5,7,2.81485
723,2022-01-28-06:59:13,7,3,3.41172
724,2022-01-28-06:59:16,3,0,2.63394
725,2022-01-28-06:59:18,0,4,1.81072
726,2022-01-28-06:59:20,4,2,2.20902
727,2022-01-28-06:59:22,2,1,2.18110
728,2022-01-28-06:59:24,1,7,2.12749
729,2022-01-28-06:59:26,7,0,2.24252
730,2022-01-28-06:59:28,0,1,1.25043
731,2022-01-28-06:59:30,1,3,2.49846
732,2022-01-28-06:59:33,3,1,3.01882
733,2022-01-28-06:59:35,1,2,2.10646
734,2022-01-28-06:59:37,2,4,2.05899
735,2022-01-28-06:59:39,4,5,1.94757
736,2022-01-28-06:59:42,5,7,2.99397
737,2022-01-28-06:59:46,7,3,3.45664
738,2022-01-28-06:59:48,3,0,2.63373
739,2022-01-28-06:59:52,0,6,3.79898
740,2022-01-28-06:59:56,6,5,3.60439
741,2022-01-28-06:59:59,5,7,2.87050
742,2022-01-28-07:00:02,7,6,3.13437
743,2022-01-28-07:00:06,6,0,3.87925
744,2022-01-28-07:00:08,0,5,2.07665
745,2022-01-28-07:00:11,5,3,2.81408
746,2022-01-28-07:00:13,3,4,2.19519
747,2022-01-28-07:00:14,4,0,1.65863
748,2022-01-28-07:00:16,0,4,1.71351
749,2022-01-28-07:00:18,4,3,2.26620
750,2022-01-28-07:00:21,3,7,2.38520
751,2022-01-28-07:00:23,7,1,1.78580
752,2022-01-28-07:00:24,1,4,1.62101
753,2022-01-28-07:00:27,4,3,2.26500
754,2022-01-28-07:00:29,3,5,2.56212
755,2022-01-28-07:00:33,5,4,3.94235
756,2022-01-28-07:00:36,4,2,2.82129
757,2022-01-28-07:00:41,2,0,4.79174
758,2022-01-28-07:00:43,0,4,2.01494
759,2022-01-28-07:00:45,4,3,2.31477
760,2022-01-28-07:00:47,3,6,2.32636
761,2022-01-28-07:00:52,6,2,4.40616
762,2022-01-28-07:00:55,2,3,3.34174
763,2022-01-28-07:00:59,3,7,3.91920
764,2022-01-28-07:01:01,7,3,2.39804
765,2022-01-28-07:01:05,3,1,3.69767
766,2022-01-28-07:01:08,1,5,2.42670
767,2022-01-28-07:01:10,5,7,2.87596
768,2022-01-28-07:01:13,7,5,2.80865
769,2022-01-28-07:01:15,5,4,1.95616
770,2022-01-28-07:01:19,4,6,3.68931
771,2022-01-28-07:01:22,6,4,3.49169
772,2022-01-28-07:01:26,4,6,3.82713
773,2022-01-28-07:01:29,6,0,3.12626
774,2022-01-28-07:01:31,0,4,1.91391
775,2022-01-28-07:01:33,4,1,1.48043
776,2022-01-28-07:01:35,1,2,2.21357
777,2022-01-28-07:01:38,2,3,3.17404
778,2022-01-28-07:01:42,3,4,3.73750
779,2022-01-28-07:01:43,4,0,1.60338
780,2022-01-28-07:01:45,0,2,1.88587
781,2022-01-28-07:01:47,2,0,1.99416
782,2022-01-28-07:01:49,0,4,1.75473
783,2022-01-28-07:01:51,4,1,1.50140
784,2022-01-28-07:01:52,1,0,1.32642
785,2022-01-28-07:01:54,0,7,2.11806
786,2022-01-28-07:01:56,7,3,2.39109
787,2022-01-28-07:01:59,3,1,2.74787
788,2022-01-28-07:02:01,1,2,2.18749
789,2022-01-28-07:02:04,2,7,2.97227
