date,init_position,final_position,time
1,2022-01-06-15:21:23,-1,7,2.921129
2,2022-01-06-15:21:24,7,1,1.690323
3,2022-01-06-15:21:25,1,0,1.097867
4,2022-01-06-15:21:27,0,7,1.954314
5,2022-01-06-15:21:29,7,1,1.699739
6,2022-01-06-15:21:30,1,0,1.092138
7,2022-01-06-15:21:32,0,5,1.901085
8,2022-01-06-15:21:34,5,2,1.490633
9,2022-01-06-15:21:36,2,7,2.604519
10,2022-01-06-15:21:38,7,1,1.709547
11,2022-01-06-15:21:40,1,7,1.692519
12,2022-01-06-15:21:42,7,2,2.611000
13,2022-01-06-15:21:44,2,4,1.801133
14,2022-01-06-15:21:46,4,7,1.860009
15,2022-01-06-15:21:48,7,5,2.613448
16,2022-01-06-15:21:51,5,7,2.598867
17,2022-01-06-15:21:54,7,5,2.611922
18,2022-01-06-15:21:55,5,0,1.863341
19,2022-01-06-15:21:57,0,7,1.976424
20,2022-01-06-15:21:59,7,4,1.910730
21,2022-01-06-15:22:01,4,2,1.796338
22,2022-01-06-15:22:03,2,1,1.965083
23,2022-01-06-15:22:07,1,6,3.535868
24,2022-01-06-15:22:10,6,4,3.435432
25,2022-01-06-15:22:12,4,7,1.888098
26,2022-01-06-15:22:16,7,6,4.061362
27,2022-01-06-15:22:20,6,7,4.052885
28,2022-01-06-15:22:22,7,4,1.906090
29,2022-01-06-15:22:24,4,5,1.793905
30,2022-01-06-15:22:26,5,4,1.836376
31,2022-01-06-15:22:27,4,2,1.794671
32,2022-01-06-15:22:30,2,7,2.592189
33,2022-01-06-15:22:33,7,2,2.596663
34,2022-01-06-15:22:36,2,6,3.112350
35,2022-01-06-15:22:40,6,7,4.004286
36,2022-01-06-15:22:42,7,5,2.603065
37,2022-01-06-15:22:44,5,1,1.938143
38,2022-01-06-15:22:48,1,6,3.583465
39,2022-01-06-15:22:51,6,5,3.135064
40,2022-01-06-15:22:53,5,1,1.930718
41,2022-01-06-15:22:54,1,0,1.026503
42,2022-01-06-15:22:55,0,4,1.537730
43,2022-01-06-15:22:57,4,0,1.540089
44,2022-01-06-15:22:59,0,7,2.003982
45,2022-01-06-15:23:01,7,4,1.903208
46,2022-01-06-15:23:03,4,3,2.137732
47,2022-01-06-15:23:05,3,5,2.196684
48,2022-01-06-15:23:08,5,7,2.608349
49,2022-01-06-15:23:11,7,2,2.641207
50,2022-01-06-15:23:12,2,4,1.749862
51,2022-01-06-15:23:14,4,2,1.805764
52,2022-01-06-15:23:16,2,4,1.757299
53,2022-01-06-15:23:18,4,3,2.184335
54,2022-01-06-15:23:20,3,5,2.210268
55,2022-01-06-15:23:22,5,4,1.806891
56,2022-01-06-15:23:24,4,0,1.579757
57,2022-01-06-15:23:26,0,7,1.948832
58,2022-01-06-15:23:28,7,2,2.626366
59,2022-01-06-15:23:31,2,3,2.606274
60,2022-01-06-15:23:33,3,7,2.098069
61,2022-01-06-15:23:35,7,4,1.844032
62,2022-01-06-15:23:37,4,3,2.058997
63,2022-01-06-15:23:39,3,0,2.400915
64,2022-01-06-15:23:41,0,7,1.931455
65,2022-01-06-15:23:43,7,1,1.704287
66,2022-01-06-15:23:44,1,4,1.334441
67,2022-01-06-15:23:46,4,2,1.756931
68,2022-01-06-15:23:48,2,1,2.007546
69,2022-01-06-15:23:49,1,0,1.030310
70,2022-01-06-15:23:51,0,4,1.545816
71,2022-01-06-15:23:54,4,6,3.468193
72,2022-01-06-15:23:57,6,5,3.031928
73,2022-01-06-15:23:59,5,1,1.932830
74,2022-01-06-15:24:01,1,5,1.924735
75,2022-01-06-15:24:03,5,0,1.919466
76,2022-01-06-15:24:05,0,3,2.409313
77,2022-01-06-15:24:09,3,6,3.639841
78,2022-01-06-15:24:13,6,7,4.049789
79,2022-01-06-15:24:15,7,3,2.149363
80,2022-01-06-15:24:19,3,6,3.673258
81,2022-01-06-15:24:22,6,3,3.665382
82,2022-01-06-15:24:24,3,4,2.096262
83,2022-01-06-15:24:26,4,7,1.941923
84,2022-01-06-15:24:29,7,5,2.618212
85,2022-01-06-15:24:31,5,3,2.177022
86,2022-01-06-15:24:33,3,5,2.208404
87,2022-01-06-15:24:35,5,2,1.532209
88,2022-01-06-15:24:38,2,6,3.078851
89,2022-01-06-15:24:42,6,4,3.487521
90,2022-01-06-15:24:43,4,7,1.936737
91,2022-01-06-15:24:45,7,0,1.946285
92,2022-01-06-15:24:47,0,4,1.541167
93,2022-01-06-15:24:49,4,5,1.728974
94,2022-01-06-15:24:50,5,2,1.547113
95,2022-01-06-15:24:52,2,1,2.005953
96,2022-01-06-15:24:54,1,5,1.968419
97,2022-01-06-15:24:56,5,3,2.206378
98,2022-01-06-15:24:59,3,2,2.555223
99,2022-01-06-15:25:01,2,0,1.753468
100,2022-01-06-15:25:03,0,7,1.957043
101,2022-01-06-15:25:05,7,2,2.603622
102,2022-01-06-15:25:07,2,0,1.820515
103,2022-01-06-15:25:08,0,1,1.100568
104,2022-01-06-15:25:10,1,2,2.001733
105,2022-01-06-15:25:13,2,6,3.113594
106,2022-01-06-15:25:17,6,1,3.499081
107,2022-01-06-15:25:19,1,2,1.998617
108,2022-01-06-15:25:21,2,0,1.722968
109,2022-01-06-15:25:23,0,3,2.416522
110,2022-01-06-15:25:25,3,1,2.239945
111,2022-01-06-15:25:27,1,2,2.023573
112,2022-01-06-15:25:29,2,5,1.525072
113,2022-01-06-15:25:31,5,7,2.589820
114,2022-01-06-15:25:35,7,6,3.986981
115,2022-01-06-15:25:39,6,0,3.409335
116,2022-01-06-15:25:41,0,3,2.408920
117,2022-01-06-15:25:45,3,6,3.665867
118,2022-01-06-15:25:48,6,0,3.468051
119,2022-01-06-15:25:49,0,1,1.052527
120,2022-01-06-15:25:52,1,3,2.294375
121,2022-01-06-15:25:55,3,6,3.666997
122,2022-01-06-15:25:58,6,5,3.125914
123,2022-01-06-15:26:01,5,3,2.207271
124,2022-01-06-15:26:03,3,1,2.276167
125,2022-01-06-15:26:05,1,2,2.029034
126,2022-01-06-15:26:07,2,0,1.724794
127,2022-01-06-15:26:09,0,5,1.848875
128,2022-01-06-15:26:10,5,1,1.921655
129,2022-01-06-15:26:12,1,7,1.708294
130,2022-01-06-15:26:15,7,5,2.575745
131,2022-01-06-15:26:17,5,0,1.920073
132,2022-01-06-15:26:19,0,3,2.355141
133,2022-01-06-15:26:21,3,4,2.134221
134,2022-01-06-15:26:23,4,0,1.520479
135,2022-01-06-15:26:25,0,3,2.343883
136,2022-01-06-15:26:27,3,0,2.415234
137,2022-01-06-15:26:31,0,6,3.516473
138,2022-01-06-15:26:34,6,0,3.479399
139,2022-01-06-15:26:36,0,5,1.915562
140,2022-01-06-15:26:39,5,7,2.612726
141,2022-01-06-15:26:43,7,6,3.972603
142,2022-01-06-15:26:46,6,1,3.584911
143,2022-01-06-15:26:48,1,4,1.298292
144,2022-01-06-15:26:49,4,1,1.339743
145,2022-01-06-15:26:51,1,2,1.966524
146,2022-01-06-15:26:54,2,6,3.121827
147,2022-01-06-15:26:58,6,0,3.435860
148,2022-01-06-15:27:00,0,3,2.370286
149,2022-01-06-15:27:02,3,5,2.199771
150,2022-01-06-15:27:04,5,1,1.920879
151,2022-01-06-15:27:08,1,6,3.561076
152,2022-01-06-15:27:12,6,7,4.058192
153,2022-01-06-15:27:14,7,4,1.900547
154,2022-01-06-15:27:15,4,2,1.802009
155,2022-01-06-15:27:19,2,6,3.172090
156,2022-01-06-15:27:22,6,4,3.455658
157,2022-01-06-15:27:23,4,1,1.337093
158,2022-01-06-15:27:25,1,2,1.969918
159,2022-01-06-15:27:27,2,1,2.006584
160,2022-01-06-15:27:31,1,6,3.564082
161,2022-01-06-15:27:34,6,4,3.464216
162,2022-01-06-15:27:36,4,5,1.818452
163,2022-01-06-15:27:39,5,6,3.115688
164,2022-01-06-15:27:43,6,7,4.023560
165,2022-01-06-15:27:45,7,1,1.673173
166,2022-01-06-15:27:47,1,3,2.263629
167,2022-01-06-15:27:51,3,6,3.716340
168,2022-01-06-15:27:55,6,3,3.648931
169,2022-01-06-15:27:57,3,5,2.223981
170,2022-01-06-15:27:59,5,1,1.923646
171,2022-01-06-15:28:00,1,0,1.048966
172,2022-01-06-15:28:02,0,3,2.330776
173,2022-01-06-15:28:04,3,1,2.240888
174,2022-01-06-15:28:06,1,4,1.326748
175,2022-01-06-15:28:08,4,7,1.901108
176,2022-01-06-15:28:09,7,1,1.739412
177,2022-01-06-15:28:11,1,4,1.328428
178,2022-01-06-15:28:14,4,6,3.456850
179,2022-01-06-15:28:18,6,4,3.517465
180,2022-01-06-15:28:21,4,6,3.509721
181,2022-01-06-15:28:25,6,0,3.437838
182,2022-01-06-15:28:27,0,7,1.925106
183,2022-01-06-15:28:29,7,5,2.572285
184,2022-01-06-15:28:32,5,6,3.145980
185,2022-01-06-15:28:36,6,0,3.462090
186,2022-01-06-15:28:37,0,1,1.007891
187,2022-01-06-15:28:38,1,4,1.333382
188,2022-01-06-15:28:40,4,7,1.938668
189,2022-01-06-15:28:42,7,3,2.134524
190,2022-01-06-15:28:44,3,4,2.151918
191,2022-01-06-15:28:46,4,5,1.781177
192,2022-01-06-15:28:48,5,2,1.541962
193,2022-01-06-15:28:50,2,7,2.599919
194,2022-01-06-15:28:53,7,5,2.652562
195,2022-01-06-15:28:56,5,7,2.584202
196,2022-01-06-15:29:00,7,6,4.079488
197,2022-01-06-15:29:03,6,5,3.143685
198,2022-01-06-15:29:04,5,2,1.564586
199,2022-01-06-15:29:06,2,1,1.962757
200,2022-01-06-15:29:07,1,0,1.099992
201,2022-01-06-15:29:09,0,7,1.937708
202,2022-01-06-15:29:12,7,2,2.612442
203,2022-01-06-15:29:14,2,0,1.753736
204,2022-01-06-15:29:15,0,2,1.733918
205,2022-01-06-15:29:17,2,0,1.753228
206,2022-01-06-15:29:20,0,3,2.395685
207,2022-01-06-15:29:22,3,2,2.620245
208,2022-01-06-15:29:24,2,1,2.029294
209,2022-01-06-15:29:26,1,3,2.252942
210,2022-01-06-15:29:29,3,2,2.659704
211,2022-01-06-15:29:32,2,6,3.113652
212,2022-01-06-15:29:35,6,2,3.105252
213,2022-01-06-15:29:37,2,4,1.800150
214,2022-01-06-15:29:39,4,7,1.913590
215,2022-01-06-15:29:42,7,2,2.551093
216,2022-01-06-15:29:43,2,0,1.748236
217,2022-01-06-15:29:45,0,7,1.913482
218,2022-01-06-15:29:47,7,4,1.901676
219,2022-01-06-15:29:49,4,1,1.339574
220,2022-01-06-15:29:51,1,2,2.014633
221,2022-01-06-15:29:53,2,1,1.958892
222,2022-01-06-15:29:54,1,0,1.058514
223,2022-01-06-15:29:56,0,7,1.979602
224,2022-01-06-15:30:00,7,6,3.970060
225,2022-01-06-15:30:03,6,0,3.482548
226,2022-01-06-15:30:05,0,3,2.309547
227,2022-01-06-15:30:09,3,6,3.646880
228,2022-01-06-15:30:12,6,4,3.458363
229,2022-01-06-15:30:14,4,0,1.553506
230,2022-01-06-15:30:16,0,2,1.730263
231,2022-01-06-15:30:18,2,3,2.609318
232,2022-01-06-15:30:20,3,7,2.124820
233,2022-01-06-15:30:22,7,4,1.843192
234,2022-01-06-15:30:24,4,3,2.149575
235,2022-01-06-15:30:27,3,5,2.162095
236,2022-01-06-15:30:28,5,0,1.888106
237,2022-01-06-15:30:30,0,5,1.838293
238,2022-01-06-15:30:33,5,6,3.110338
239,2022-01-06-15:30:36,6,5,3.067552
240,2022-01-06-15:30:38,5,2,1.544661
241,2022-01-06-15:30:40,2,0,1.756313
242,2022-01-06-15:30:41,0,1,1.044544
243,2022-01-06-15:30:43,1,3,2.239275
244,2022-01-06-15:30:47,3,6,3.610855
245,2022-01-06-15:30:50,6,1,3.590260
246,2022-01-06-15:30:53,1,3,2.246333
247,2022-01-06-15:30:55,3,5,2.187724
248,2022-01-06-15:30:57,5,0,1.935081
249,2022-01-06-15:30:59,0,7,1.926999
250,2022-01-06-15:31:00,7,4,1.898354
251,2022-01-06-15:31:02,4,2,1.780959
252,2022-01-06-15:31:04,2,1,2.022935
253,2022-01-06-15:31:06,1,5,1.915092
254,2022-01-06-15:31:09,5,7,2.563252
255,2022-01-06-15:31:11,7,2,2.574388
256,2022-01-06-15:31:14,2,3,2.548477
257,2022-01-06-15:31:16,3,4,2.138169
258,2022-01-06-15:31:17,4,1,1.323781
259,2022-01-06-15:31:20,1,3,2.231217
260,2022-01-06-15:31:22,3,7,2.133644
261,2022-01-06-15:31:24,7,4,1.889348
262,2022-01-06-15:31:27,4,6,3.444751
263,2022-01-06-15:31:30,6,2,3.104071
264,2022-01-06-15:31:33,2,6,3.102091
265,2022-01-06-15:31:37,6,1,3.553131
266,2022-01-06-15:31:38,1,4,1.329747
267,2022-01-06-15:31:40,4,5,1.799534
268,2022-01-06-15:31:42,5,4,1.792262
269,2022-01-06-15:31:43,4,1,1.325302
270,2022-01-06-15:31:44,1,4,1.293161
271,2022-01-06-15:31:46,4,2,1.806485
272,2022-01-06-15:31:49,2,6,3.118101
273,2022-01-06-15:31:52,6,2,3.079613
274,2022-01-06-15:31:55,2,7,2.633072
275,2022-01-06-15:31:57,7,4,1.866272
276,2022-01-06-15:31:58,4,1,1.345480
277,2022-01-06-15:32:00,1,3,2.242605
278,2022-01-06-15:32:03,3,1,2.225512
279,2022-01-06-15:32:05,1,5,1.925601
280,2022-01-06-15:32:07,5,0,1.910871
281,2022-01-06-15:32:08,0,4,1.523924
282,2022-01-06-15:32:10,4,2,1.828149
283,2022-01-06-15:32:13,2,6,3.121581
284,2022-01-06-15:32:17,6,1,3.593902
285,2022-01-06-15:32:19,1,5,1.935817
286,2022-01-06-15:32:20,5,1,1.939153
287,2022-01-06-15:32:22,1,2,1.998683
288,2022-01-06-15:32:24,2,5,1.532858
289,2022-01-06-15:32:26,5,2,1.540485
290,2022-01-06-15:32:27,2,0,1.795552
291,2022-01-06-15:32:30,0,3,2.339091
292,2022-01-06-15:32:33,3,6,3.619971
293,2022-01-06-15:32:37,6,1,3.597093
294,2022-01-06-15:32:39,1,7,1.736987
295,2022-01-06-15:32:41,7,4,1.928021
296,2022-01-06-15:32:42,4,1,1.341467
297,2022-01-06-15:32:43,1,0,1.102311
298,2022-01-06-15:32:45,0,2,1.785749
299,2022-01-06-15:32:47,2,3,2.590922
300,2022-01-06-15:32:50,3,1,2.202810
301,2022-01-06-15:32:51,1,0,1.052469
302,2022-01-06-15:32:52,0,4,1.533764
303,2022-01-06-15:32:54,4,2,1.830889
304,2022-01-06-15:32:57,2,3,2.591475
305,2022-01-06-15:32:59,3,5,2.180006
306,2022-01-06-15:33:01,5,4,1.792525
307,2022-01-06-15:33:02,4,1,1.315574
308,2022-01-06-15:33:05,1,6,3.500451
309,2022-01-06-15:33:09,6,0,3.399457
310,2022-01-06-15:33:12,0,6,3.483278
311,2022-01-06-15:33:16,6,4,3.448279
312,2022-01-06-15:33:18,4,7,1.896170
313,2022-01-06-15:33:20,7,5,2.651237
314,2022-01-06-15:33:22,5,2,1.552868
315,2022-01-06-15:33:24,2,3,2.606090
316,2022-01-06-15:33:27,3,5,2.176133
317,2022-01-06-15:33:29,5,1,1.941708
318,2022-01-06-15:33:32,1,6,3.506042
319,2022-01-06-15:33:36,6,3,3.656363
320,2022-01-06-15:33:38,3,0,2.399864
321,2022-01-06-15:33:40,0,2,1.764279
322,2022-01-06-15:33:42,2,4,1.813361
323,2022-01-06-15:33:43,4,1,1.323953
324,2022-01-06-15:33:45,1,7,1.733848
325,2022-01-06-15:33:47,7,4,1.930563
326,2022-01-06-15:33:49,4,7,1.908219
327,2022-01-06-15:33:51,7,5,2.608157
328,2022-01-06-15:33:53,5,4,1.768354
329,2022-01-06-15:33:54,4,1,1.376627
330,2022-01-06-15:33:56,1,7,1.677582
331,2022-01-06-15:33:58,7,3,2.139747
332,2022-01-06-15:34:01,3,0,2.402442
333,2022-01-06-15:34:02,0,4,1.538340
334,2022-01-06-15:34:05,4,6,3.411280
335,2022-01-06-15:34:09,6,3,3.667995
336,2022-01-06-15:34:12,3,2,2.574816
337,2022-01-06-15:34:14,2,4,1.809351
338,2022-01-06-15:34:17,4,6,3.452606
339,2022-01-06-15:34:21,6,1,3.558184
340,2022-01-06-15:34:23,1,2,1.997029
341,2022-01-06-15:34:24,2,5,1.485335
342,2022-01-06-15:34:26,5,0,1.866298
343,2022-01-06-15:34:29,0,6,3.454686
344,2022-01-06-15:34:32,6,2,3.107130
345,2022-01-06-15:34:36,2,6,3.108441
346,2022-01-06-15:34:39,6,3,3.590367
347,2022-01-06-15:34:41,3,1,2.255168
348,2022-01-06-15:34:43,1,0,1.097914
349,2022-01-06-15:34:44,0,2,1.729297
350,2022-01-06-15:34:47,2,6,3.109865
351,2022-01-06-15:34:50,6,5,3.103150
352,2022-01-06-15:34:52,5,2,1.554226
353,2022-01-06-15:34:54,2,5,1.513906
354,2022-01-06-15:34:55,5,2,1.605306
355,2022-01-06-15:34:57,2,0,1.800522
356,2022-01-06-15:34:59,0,3,2.355945
357,2022-01-06-15:35:02,3,1,2.245590
358,2022-01-06-15:35:04,1,3,2.233599
359,2022-01-06-15:35:06,3,0,2.410011
360,2022-01-06-15:35:08,0,7,1.959027
361,2022-01-06-15:35:11,7,2,2.557063
362,2022-01-06-15:35:13,2,7,2.604488
363,2022-01-06-15:35:16,7,5,2.554803
364,2022-01-06-15:35:18,5,0,1.891127
365,2022-01-06-15:35:20,0,7,1.965965
366,2022-01-06-15:35:24,7,6,4.052442
367,2022-01-06-15:35:27,6,4,3.469846
368,2022-01-06-15:35:29,4,7,1.897823
369,2022-01-06-15:35:31,7,3,2.097645
370,2022-01-06-15:35:34,3,0,2.378393
371,2022-01-06-15:35:35,0,1,1.015316
372,2022-01-06-15:35:37,1,2,1.969817
373,2022-01-06-15:35:40,2,6,3.054761
374,2022-01-06-15:35:43,6,0,3.471700
375,2022-01-06-15:35:45,0,2,1.800266
376,2022-01-06-15:35:47,2,0,1.770658
377,2022-01-06-15:35:48,0,1,1.086761
378,2022-01-06-15:35:50,1,2,2.048208
379,2022-01-06-15:35:52,2,3,2.621574
380,2022-01-06-15:35:55,3,1,2.256845
381,2022-01-06-15:35:57,1,5,1.944245
382,2022-01-06-15:35:59,5,1,2.043376
383,2022-01-06-15:36:00,1,7,1.710246
384,2022-01-06-15:36:03,7,3,2.134535
385,2022-01-06-15:36:06,3,6,3.639336
386,2022-01-06-15:36:09,6,2,3.106930
387,2022-01-06-15:36:11,2,0,1.756847
388,2022-01-06-15:36:13,0,2,1.729649
389,2022-01-06-15:36:15,2,1,1.959415
390,2022-01-06-15:36:17,1,5,1.909909
391,2022-01-06-15:36:18,5,2,1.548680
392,2022-01-06-15:36:20,2,5,1.512244
393,2022-01-06-15:36:21,5,2,1.573012
394,2022-01-06-15:36:23,2,0,1.719848
395,2022-01-06-15:36:25,0,2,1.725715
396,2022-01-06-15:36:27,2,3,2.601202
397,2022-01-06-15:36:29,3,7,2.126496
398,2022-01-06-15:36:31,7,1,1.666662
399,2022-01-06-15:36:33,1,2,2.003816
400,2022-01-06-15:36:36,2,7,2.610677
401,2022-01-06-15:36:37,7,1,1.678687
402,2022-01-06-15:36:38,1,0,1.035323
403,2022-01-06-15:36:41,0,3,2.543666
404,2022-01-06-15:36:43,3,4,2.073074
405,2022-01-06-15:36:45,4,0,1.548171
406,2022-01-06-15:36:47,0,3,2.359099
407,2022-01-06-15:36:51,3,6,3.602417
408,2022-01-06-15:36:54,6,0,3.378629
409,2022-01-06-15:36:56,0,5,1.901990
410,2022-01-06-15:36:59,5,6,3.172992
411,2022-01-06-15:37:03,6,3,3.606029
412,2022-01-06-15:37:05,3,4,2.145098
413,2022-01-06-15:37:06,4,1,1.368101
414,2022-01-06-15:37:08,1,4,1.380058
415,2022-01-06-15:37:09,4,1,1.317270
416,2022-01-06-15:37:11,1,2,1.969095
417,2022-01-06-15:37:13,2,0,1.717898
418,2022-01-06-15:37:14,0,1,1.132552
419,2022-01-06-15:37:15,1,0,1.020784
420,2022-01-06-15:37:16,0,4,1.567425
421,2022-01-06-15:37:18,4,1,1.339223
422,2022-01-06-15:37:19,1,4,1.321848
423,2022-01-06-15:37:20,4,1,1.348905
424,2022-01-06-15:37:22,1,4,1.323020
425,2022-01-06-15:37:23,4,5,1.754421
426,2022-01-06-15:37:25,5,4,1.793559
427,2022-01-06-15:37:27,4,0,1.485841
428,2022-01-06-15:37:28,0,2,1.718515
429,2022-01-06-15:37:31,2,6,3.145203
430,2022-01-06-15:37:35,6,3,3.651262
431,2022-01-06-15:37:38,3,0,2.411548
432,2022-01-06-15:37:40,0,3,2.415626
433,2022-01-06-15:37:44,3,6,3.631362
434,2022-01-06-15:37:47,6,0,3.437466
435,2022-01-06-15:37:49,0,3,2.400626
436,2022-01-06-15:37:53,3,6,3.663081
437,2022-01-06-15:37:57,6,3,3.632550
438,2022-01-06-15:37:59,3,1,2.341707
439,2022-01-06-15:38:03,1,6,3.571467
440,2022-01-06-15:38:06,6,0,3.454140
441,2022-01-06-15:38:08,0,2,1.748750
442,2022-01-06-15:38:10,2,4,1.849228
443,2022-01-06-15:38:13,4,6,3.478035
444,2022-01-06-15:38:16,6,2,3.123699
445,2022-01-06-15:38:18,2,0,1.684828
446,2022-01-06-15:38:20,0,2,1.732515
447,2022-01-06-15:38:23,2,6,3.111332
448,2022-01-06-15:38:27,6,7,3.987869
449,2022-01-06-15:38:29,7,2,2.604205
450,2022-01-06-15:38:31,2,0,1.740573
451,2022-01-06-15:38:33,0,5,1.892110
452,2022-01-06-15:38:36,5,7,2.638529
453,2022-01-06-15:38:40,7,6,4.023719
454,2022-01-06-15:38:43,6,3,3.657481
455,2022-01-06-15:38:46,3,5,2.142937
456,2022-01-06-15:38:49,5,6,3.105566
457,2022-01-06-15:38:52,6,5,3.089391
458,2022-01-06-15:38:54,5,3,2.157626
459,2022-01-06-15:38:56,3,7,2.171296
460,2022-01-06-15:39:00,7,6,3.975371
461,2022-01-06-15:39:04,6,1,3.539097
462,2022-01-06-15:39:06,1,3,2.284360
463,2022-01-06-15:39:08,3,0,2.409343
464,2022-01-06-15:39:10,0,2,1.801777
465,2022-01-06-15:39:13,2,6,3.039748
466,2022-01-06-15:39:17,6,3,3.665760
467,2022-01-06-15:39:19,3,4,2.133496
468,2022-01-06-15:39:22,4,6,3.525441
469,2022-01-06-15:39:26,6,0,3.464713
470,2022-01-06-15:39:28,0,2,1.728697
471,2022-01-06-15:39:30,2,3,2.567203
472,2022-01-06-15:39:32,3,5,2.223372
473,2022-01-06-15:39:35,5,7,2.533435
474,2022-01-06-15:39:39,7,6,4.057356
475,2022-01-06-15:39:43,6,4,3.524040
476,2022-01-06-15:39:44,4,5,1.790196
477,2022-01-06-15:39:46,5,4,1.816456
478,2022-01-06-15:39:48,4,7,1.846139
479,2022-01-06-15:39:50,7,4,1.931249
480,2022-01-06-15:39:52,4,3,2.165488
481,2022-01-06-15:39:56,3,6,3.623655
482,2022-01-06-15:39:59,6,2,3.052205
483,2022-01-06-15:40:01,2,7,2.604717
484,2022-01-06-15:40:04,7,5,2.579662
485,2022-01-06-15:40:07,5,7,2.571552
486,2022-01-06-15:40:09,7,5,2.634189
487,2022-01-06-15:40:11,5,4,1.782559
488,2022-01-06-15:40:13,4,2,1.802854
489,2022-01-06-15:40:14,2,0,1.726414
490,2022-01-06-15:40:16,0,5,1.858401
491,2022-01-06-15:40:19,5,6,3.075170
492,2022-01-06-15:40:22,6,5,3.066241
493,2022-01-06-15:40:26,5,6,3.089216
494,2022-01-06-15:40:29,6,0,3.446929
495,2022-01-06-15:40:31,0,5,1.884561
496,2022-01-06-15:40:32,5,2,1.539959
497,2022-01-06-15:40:35,2,3,2.595094
498,2022-01-06-15:40:39,3,6,3.664959
499,2022-01-06-15:40:42,6,3,3.644649
500,2022-01-06-15:40:45,3,0,2.398578
501,2022-01-06-15:40:46,0,1,1.020613
502,2022-01-06-15:40:47,1,4,1.327859
503,2022-01-06-15:40:49,4,0,1.570557
504,2022-01-06-15:40:51,0,5,1.897121
505,2022-01-06-15:40:53,5,7,2.580688
506,2022-01-06-15:40:57,7,6,4.004413
507,2022-01-06-15:41:01,6,4,3.467191
508,2022-01-06-15:41:02,4,1,1.334445
509,2022-01-06-15:41:05,1,6,3.575731
510,2022-01-06-15:41:09,6,1,3.538713
511,2022-01-06-15:41:10,1,0,1.091329
512,2022-01-06-15:41:12,0,4,1.500081
513,2022-01-06-15:41:15,4,6,3.496490
514,2022-01-06-15:41:18,6,2,3.097390
515,2022-01-06-15:41:21,2,6,3.111584
516,2022-01-06-15:41:25,6,2,3.166050
517,2022-01-06-15:41:27,2,7,2.555143
518,2022-01-06-15:41:30,7,5,2.604417
519,2022-01-06-15:41:33,5,6,3.104866
520,2022-01-06-15:41:37,6,7,3.960661
521,2022-01-06-15:41:41,7,6,3.942665
522,2022-01-06-15:41:44,6,1,3.504307
523,2022-01-06-15:41:46,1,4,1.342722
524,2022-01-06-15:41:47,4,5,1.796478
525,2022-01-06-15:41:49,5,1,1.939194
526,2022-01-06-15:41:51,1,4,1.303796
527,2022-01-06-15:41:52,4,2,1.761811
528,2022-01-06-15:41:54,2,1,2.007659
529,2022-01-06-15:41:57,1,3,2.224063
530,2022-01-06-15:42:00,3,6,3.662932
531,2022-01-06-15:42:04,6,4,3.374518
532,2022-01-06-15:42:05,4,2,1.791165
533,2022-01-06-15:42:07,2,1,2.001087
534,2022-01-06-15:42:09,1,2,1.971818
535,2022-01-06-15:42:12,2,3,2.564949
536,2022-01-06-15:42:14,3,2,2.579053
537,2022-01-06-15:42:16,2,1,1.958310
538,2022-01-06-15:42:18,1,2,2.031570
539,2022-01-06-15:42:20,2,5,1.556843
540,2022-01-06-15:42:23,5,7,2.532322
541,2022-01-06-15:42:25,7,5,2.553515
542,2022-01-06-15:42:27,5,1,1.922966
543,2022-01-06-15:42:29,1,3,2.193879
544,2022-01-06-15:42:31,3,4,2.055643
545,2022-01-06-15:42:33,4,5,1.773441
546,2022-01-06-15:42:35,5,4,1.766262
547,2022-01-06-15:42:36,4,0,1.511553
548,2022-01-06-15:42:39,0,3,2.319751
549,2022-01-06-15:42:41,3,5,2.209326
550,2022-01-06-15:42:44,5,6,3.060572
551,2022-01-06-15:42:48,6,3,3.665710
552,2022-01-06-15:42:50,3,1,2.226591
553,2022-01-06-15:42:51,1,0,1.043501
554,2022-01-06-15:42:52,0,4,1.544993
555,2022-01-06-15:42:54,4,5,1.773451
556,2022-01-06-15:42:56,5,0,1.886021
557,2022-01-06-15:42:58,0,4,1.558436
558,2022-01-06-15:42:59,4,1,1.362164
559,2022-01-06-15:43:00,1,0,1.011229
560,2022-01-06-15:43:02,0,2,1.716928
561,2022-01-06-15:43:04,2,7,2.582685
562,2022-01-06-15:43:06,7,3,2.113581
563,2022-01-06-15:43:09,3,7,2.097886
564,2022-01-06-15:43:13,7,6,3.965827
565,2022-01-06-15:43:16,6,4,3.454768
566,2022-01-06-15:43:18,4,3,2.164575
567,2022-01-06-15:43:20,3,4,2.159664
568,2022-01-06-15:43:24,4,6,3.428392
569,2022-01-06-15:43:27,6,2,3.043858
570,2022-01-06-15:43:29,2,1,1.949477
571,2022-01-06-15:43:30,1,7,1.665291
572,2022-01-06-15:43:33,7,5,2.596973
573,2022-01-06-15:43:35,5,3,2.177883
574,2022-01-06-15:43:37,3,0,2.322648
575,2022-01-06-15:43:39,0,4,1.561135
576,2022-01-06-15:43:42,4,6,3.437132
577,2022-01-06-15:43:46,6,3,3.642246
578,2022-01-06-15:43:48,3,5,2.138386
579,2022-01-06-15:43:50,5,2,1.527971
580,2022-01-06-15:43:51,2,5,1.530691
581,2022-01-06-15:43:54,5,7,2.552016
582,2022-01-06-15:43:56,7,5,2.619688
583,2022-01-06-15:43:58,5,1,1.963484
584,2022-01-06-15:44:00,1,5,1.915819
585,2022-01-06-15:44:03,5,6,3.109118
586,2022-01-06-15:44:07,6,5,3.053253
587,2022-01-06-15:44:09,5,7,2.524501
588,2022-01-06-15:44:11,7,1,1.662152
589,2022-01-06-15:44:13,1,3,2.237294
590,2022-01-06-15:44:15,3,0,2.433607
591,2022-01-06-15:44:17,0,7,1.930923
592,2022-01-06-15:44:19,7,0,1.919254
593,2022-01-06-15:44:22,0,3,2.367796
594,2022-01-06-15:44:24,3,4,2.050929
595,2022-01-06-15:44:26,4,3,2.163897
596,2022-01-06-15:44:28,3,1,2.235033
597,2022-01-06-15:44:29,1,4,1.324842
598,2022-01-06-15:44:31,4,1,1.342591
599,2022-01-06-15:44:33,1,3,2.239867
600,2022-01-06-15:44:35,3,5,2.210786
601,2022-01-06-15:44:37,5,2,1.551159
602,2022-01-06-15:44:39,2,3,2.602202
603,2022-01-06-15:44:42,3,5,2.192138
604,2022-01-06-15:44:43,5,4,1.764017
605,2022-01-06-15:44:47,4,6,3.441777
606,2022-01-06-15:44:51,6,7,3.943324
607,2022-01-06-15:44:52,7,1,1.626394
608,2022-01-06-15:44:55,1,3,2.230602
609,2022-01-06-15:44:57,3,0,2.401398
610,2022-01-06-15:44:59,0,5,1.859738
611,2022-01-06-15:45:01,5,3,2.206634
612,2022-01-06-15:45:05,3,6,3.712316
613,2022-01-06-15:45:08,6,3,3.623782
614,2022-01-06-15:45:12,3,6,3.640995
615,2022-01-06-15:45:15,6,0,3.451372
616,2022-01-06-15:45:17,0,4,1.577644
617,2022-01-06-15:45:19,4,3,2.156953
618,2022-01-06-15:45:23,3,6,3.635974
619,2022-01-06-15:45:26,6,0,3.431231
620,2022-01-06-15:45:28,0,5,1.871074
621,2022-01-06-15:45:30,5,2,1.533081
622,2022-01-06-15:45:32,2,3,2.603667
623,2022-01-06-15:45:34,3,7,2.161160
624,2022-01-06-15:45:36,7,4,1.882471
625,2022-01-06-15:45:40,4,6,3.454600
626,2022-01-06-15:45:43,6,3,3.652021
627,2022-01-06-15:45:46,3,2,2.588336
628,2022-01-06-15:45:48,2,4,1.801773
629,2022-01-06-15:45:50,4,7,1.924852
630,2022-01-06-15:45:52,7,3,2.139504
631,2022-01-06-15:45:54,3,7,2.195528
632,2022-01-06-15:45:58,7,6,4.019325
633,2022-01-06-15:46:02,6,0,3.447214
634,2022-01-06-15:46:03,0,5,1.930172
635,2022-01-06-15:46:07,5,6,3.097887
636,2022-01-06-15:46:10,6,0,3.400550
637,2022-01-06-15:46:12,0,3,2.429743
638,2022-01-06-15:46:15,3,5,2.171622
639,2022-01-06-15:46:16,5,4,1.738870
640,2022-01-06-15:46:18,4,0,1.533400
641,2022-01-06-15:46:20,0,2,1.725082
642,2022-01-06-15:46:23,2,6,3.105116
643,2022-01-06-15:46:26,6,2,3.053982
644,2022-01-06-15:46:28,2,3,2.596829
645,2022-01-06-15:46:30,3,4,2.131066
646,2022-01-06-15:46:32,4,2,1.793586
647,2022-01-06-15:46:35,2,3,2.608304
648,2022-01-06-15:46:37,3,4,2.170571
649,2022-01-06-15:46:40,4,6,3.464866
650,2022-01-06-15:46:44,6,1,3.592383
651,2022-01-06-15:46:45,1,4,1.315289
652,2022-01-06-15:46:49,4,6,3.472966
653,2022-01-06-15:46:53,6,7,3.985441
654,2022-01-06-15:46:55,7,4,1.850374
655,2022-01-06-15:46:56,4,5,1.751104
656,2022-01-06-15:46:59,5,7,2.614682
657,2022-01-06-15:47:01,7,0,1.936493
658,2022-01-06-15:47:03,0,5,1.914546
659,2022-01-06-15:47:05,5,3,2.225336
660,2022-01-06-15:47:08,3,2,2.618827
661,2022-01-06-15:47:09,2,0,1.716477
662,2022-01-06-15:47:11,0,7,1.967951
663,2022-01-06-15:47:13,7,4,1.875433
664,2022-01-06-15:47:15,4,3,2.129567
665,2022-01-06-15:47:18,3,1,2.231936
666,2022-01-06-15:47:19,1,7,1.657063
667,2022-01-06-15:47:23,7,6,4.052046
668,2022-01-06-15:47:27,6,1,3.513831
669,2022-01-06-15:47:28,1,4,1.326332
670,2022-01-06-15:47:30,4,7,1.903739
671,2022-01-06-15:47:33,7,2,2.616965
672,2022-01-06-15:47:34,2,0,1.737543
673,2022-01-06-15:47:36,0,5,1.877537
674,2022-01-06-15:47:38,5,1,1.949029
675,2022-01-06-15:47:40,1,5,1.924623
676,2022-01-06-15:47:42,5,3,2.215535
677,2022-01-06-15:47:46,3,6,3.630826
678,2022-01-06-15:47:49,6,5,3.066638
679,2022-01-06-15:47:52,5,6,3.151559
680,2022-01-06-15:47:56,6,1,3.561490
681,2022-01-06-15:47:59,1,6,3.535607
682,2022-01-06-15:48:02,6,2,3.115619
683,2022-01-06-15:48:04,2,0,1.733814
684,2022-01-06-15:48:08,0,6,3.507556
685,2022-01-06-15:48:12,6,7,3.955689
686,2022-01-06-15:48:14,7,0,1.962087
687,2022-01-06-15:48:15,0,1,1.077376
688,2022-01-06-15:48:17,1,3,2.288034
689,2022-01-06-15:48:19,3,0,2.407454
690,2022-01-06-15:48:21,0,5,1.915830
691,2022-01-06-15:48:24,5,6,3.123315
692,2022-01-06-15:48:28,6,1,3.504522
693,2022-01-06-15:48:30,1,7,1.657505
694,2022-01-06-15:48:34,7,6,3.950392
695,2022-01-06-15:48:37,6,1,3.541707
696,2022-01-06-15:48:41,1,6,3.600412
697,2022-01-06-15:48:45,6,7,4.022230
698,2022-01-06-15:48:49,7,6,4.040941
699,2022-01-06-15:48:52,6,4,3.557704
700,2022-01-06-15:48:54,4,0,1.560630
701,2022-01-06-15:48:56,0,5,1.821890
702,2022-01-06-15:48:58,5,3,2.226171
703,2022-01-06-15:49:00,3,1,2.234774
704,2022-01-06-15:49:02,1,7,1.736603
705,2022-01-06-15:49:04,7,0,1.943126
706,2022-01-06-15:49:06,0,5,1.937721
707,2022-01-06-15:49:07,5,2,1.519263
708,2022-01-06-15:49:10,2,6,3.130576
709,2022-01-06-15:49:14,6,3,3.647771
710,2022-01-06-15:49:16,3,5,2.266737
711,2022-01-06-15:49:18,5,0,1.846894
712,2022-01-06-15:49:22,0,6,3.473615
713,2022-01-06-15:49:25,6,1,3.538539
714,2022-01-06-15:49:28,1,3,2.270497
715,2022-01-06-15:49:30,3,2,2.562497
716,2022-01-06-15:49:32,2,1,1.974769
717,2022-01-06-15:49:34,1,3,2.230339
718,2022-01-06-15:49:37,3,0,2.403789
719,2022-01-06-15:49:38,0,1,1.097054
720,2022-01-06-15:49:41,1,6,3.541199
721,2022-01-06-15:49:44,6,2,3.060643
722,2022-01-06-15:49:47,2,7,2.543786
723,2022-01-06-15:49:49,7,1,1.669328
724,2022-01-06-15:49:52,1,6,3.495577
725,2022-01-06-15:49:56,6,7,3.982160
726,2022-01-06-15:49:58,7,3,2.110096
727,2022-01-06-15:50:00,3,5,2.186591
728,2022-01-06-15:50:03,5,3,2.192855
729,2022-01-06-15:50:05,3,2,2.600943
730,2022-01-06-15:50:07,2,5,1.523013
731,2022-01-06-15:50:09,5,1,1.926418
732,2022-01-06-15:50:11,1,3,2.238795
733,2022-01-06-15:50:13,3,0,2.364594
734,2022-01-06-15:50:15,0,2,1.728127
735,2022-01-06-15:50:18,2,6,3.099068
736,2022-01-06-15:50:22,6,1,3.579619
737,2022-01-06-15:50:24,1,3,2.263787
738,2022-01-06-15:50:26,3,2,2.604456
739,2022-01-06-15:50:28,2,0,1.742125
740,2022-01-06-15:50:29,0,1,1.077187
741,2022-01-06-15:50:33,1,6,3.541661
742,2022-01-06-15:50:36,6,5,3.151586
743,2022-01-06-15:50:39,5,7,2.570244
744,2022-01-06-15:50:41,7,2,2.589357
745,2022-01-06-15:50:43,2,5,1.548143
746,2022-01-06-15:50:45,5,3,2.221805
747,2022-01-06-15:50:47,3,7,2.165763
748,2022-01-06-15:50:49,7,3,2.125113
749,2022-01-06-15:50:51,3,5,2.154117
750,2022-01-06-15:50:54,5,6,3.104724
751,2022-01-06-15:50:59,6,7,4.081854
752,2022-01-06-15:51:03,7,6,3.987823
753,2022-01-06-15:51:06,6,2,3.117465
754,2022-01-06-15:51:07,2,5,1.520703
755,2022-01-06-15:51:10,5,6,3.067438
756,2022-01-06-15:51:14,6,7,3.990933
757,2022-01-06-15:51:16,7,1,1.655386
758,2022-01-06-15:51:18,1,5,1.918469
759,2022-01-06-15:51:20,5,1,1.935294
760,2022-01-06-15:51:21,1,0,1.033080
761,2022-01-06-15:51:22,0,4,1.528701
762,2022-01-06-15:51:24,4,2,1.753253
763,2022-01-06-15:51:26,2,4,1.802158
764,2022-01-06-15:51:27,4,1,1.335578
765,2022-01-06-15:51:29,1,4,1.325005
766,2022-01-06-15:51:32,4,6,3.426106
767,2022-01-06-15:51:35,6,5,3.101054
768,2022-01-06-15:51:37,5,0,1.909185
769,2022-01-06-15:51:38,0,4,1.488814
770,2022-01-06-15:51:40,4,1,1.284220
771,2022-01-06-15:51:41,1,4,1.319527
772,2022-01-06-15:51:43,4,5,1.764998
773,2022-01-06-15:51:45,5,0,1.911049
774,2022-01-06-15:51:46,0,4,1.521211
775,2022-01-06-15:51:48,4,1,1.343528
776,2022-01-06-15:51:49,1,4,1.315057
777,2022-01-06-15:51:51,4,3,2.103614
778,2022-01-06-15:51:55,3,6,3.618557
779,2022-01-06-15:51:58,6,2,3.100877
780,2022-01-06-15:52:00,2,3,2.632293
781,2022-01-06-15:52:03,3,1,2.229868
782,2022-01-06-15:52:05,1,5,1.928517
783,2022-01-06-15:52:06,5,1,1.920397
784,2022-01-06-15:52:10,1,6,3.555186
785,2022-01-06-15:52:13,6,2,3.107048
786,2022-01-06-15:52:15,2,0,1.749613
787,2022-01-06-15:52:18,0,6,3.486136
788,2022-01-06-15:52:22,6,0,3.456408
789,2022-01-06-15:52:24,0,2,1.755427
790,2022-01-06-15:52:25,2,5,1.526148
791,2022-01-06-15:52:27,5,0,1.937000
792,2022-01-06-15:52:29,0,5,1.851640
793,2022-01-06-15:52:31,5,4,1.791013
794,2022-01-06-15:52:33,4,7,1.903158
795,2022-01-06-15:52:35,7,2,2.570812
796,2022-01-06-15:52:38,2,6,3.154876
797,2022-01-06-15:52:42,6,7,3.952292
798,2022-01-06-15:52:44,7,3,2.139287
799,2022-01-06-15:52:47,3,0,2.342080
800,2022-01-06-15:52:48,0,2,1.724743
801,2022-01-06-15:52:52,2,6,3.120225
802,2022-01-06-15:52:55,6,0,3.472380
803,2022-01-06-15:52:57,0,5,1.875770
804,2022-01-06-15:52:59,5,4,1.839132
805,2022-01-06-15:53:01,4,5,1.808412
806,2022-01-06-15:53:02,5,2,1.539322
807,2022-01-06-15:53:05,2,7,2.639723
808,2022-01-06-15:53:07,7,0,1.961723
809,2022-01-06-15:53:09,0,3,2.405201
810,2022-01-06-15:53:12,3,2,2.611904
811,2022-01-06-15:53:14,2,4,1.759456
812,2022-01-06-15:53:15,4,1,1.322537
813,2022-01-06-15:53:17,1,3,2.218537
814,2022-01-06-15:53:19,3,7,2.147990
815,2022-01-06-15:53:21,7,0,1.926751
816,2022-01-06-15:53:23,0,2,1.714324
817,2022-01-06-15:53:25,2,1,1.983628
818,2022-01-06-15:53:27,1,5,1.937504
819,2022-01-06-15:53:30,5,6,3.101468
820,2022-01-06-15:53:33,6,0,3.442023
821,2022-01-06-15:53:37,0,6,3.439650
822,2022-01-06-15:53:41,6,7,4.009882
823,2022-01-06-15:53:43,7,3,2.167702
824,2022-01-06-15:53:45,3,4,2.131813
825,2022-01-06-15:53:49,4,6,3.453622
826,2022-01-06-15:53:52,6,7,3.976951
827,2022-01-06-15:53:54,7,1,1.658936
828,2022-01-06-15:53:56,1,5,1.973498
829,2022-01-06-15:53:58,5,0,1.894663
830,2022-01-06-15:54:00,0,2,1.746946
831,2022-01-06-15:54:02,2,7,2.595951
832,2022-01-06-15:54:05,7,5,2.540467
833,2022-01-06-15:54:07,5,4,1.760997
834,2022-01-06-15:54:09,4,3,2.131812
835,2022-01-06-15:54:11,3,0,2.430990
836,2022-01-06-15:54:13,0,4,1.526477
837,2022-01-06-15:54:15,4,7,1.884663
838,2022-01-06-15:54:17,7,0,1.923610
839,2022-01-06-15:54:18,0,4,1.536699
840,2022-01-06-15:54:22,4,6,3.460651
841,2022-01-06-15:54:25,6,3,3.641234
842,2022-01-06-15:54:28,3,0,2.390636
843,2022-01-06-15:54:29,0,5,1.902457
844,2022-01-06-15:54:31,5,1,1.926691
845,2022-01-06-15:54:35,1,6,3.574203
846,2022-01-06-15:54:38,6,4,3.443444
847,2022-01-06-15:54:42,4,6,3.537118
848,2022-01-06-15:54:46,6,1,3.574803
849,2022-01-06-15:54:48,1,2,1.993389
850,2022-01-06-15:54:49,2,5,1.533414
851,2022-01-06-15:54:52,5,6,3.093601
852,2022-01-06-15:54:56,6,7,3.980310
853,2022-01-06-15:54:59,7,5,2.545745
854,2022-01-06-15:55:01,5,0,1.898025
855,2022-01-06-15:55:03,0,3,2.400415
856,2022-01-06-15:55:05,3,5,2.207278
857,2022-01-06-15:55:08,5,6,3.101490
858,2022-01-06-15:55:11,6,2,3.192169
859,2022-01-06-15:55:13,2,0,1.719598
860,2022-01-06-15:55:15,0,4,1.518333
861,2022-01-06-15:55:16,4,1,1.316410
862,2022-01-06-15:55:17,1,4,1.355953
863,2022-01-06-15:55:19,4,1,1.338633
864,2022-01-06-15:55:20,1,7,1.674015
865,2022-01-06-15:55:22,7,0,1.921297
866,2022-01-06-15:55:24,0,4,1.525753
867,2022-01-06-15:55:26,4,7,1.867057
868,2022-01-06-15:55:28,7,5,2.650527
869,2022-01-06-15:55:30,5,1,1.951936
870,2022-01-06-15:55:32,1,4,1.331482
871,2022-01-06-15:55:35,4,6,3.436777
872,2022-01-06-15:55:38,6,5,3.102464
873,2022-01-06-15:55:41,5,7,2.589359
874,2022-01-06-15:55:45,7,6,4.006112
875,2022-01-06-15:55:48,6,3,3.662617
876,2022-01-06-15:55:51,3,0,2.450507
877,2022-01-06-15:55:53,0,5,1.897607
878,2022-01-06-15:55:55,5,3,2.192012
879,2022-01-06-15:55:59,3,6,3.645220
880,2022-01-06-15:56:02,6,3,3.632901
881,2022-01-06-15:56:05,3,5,2.235489
882,2022-01-06-15:56:06,5,1,1.930831
883,2022-01-06-15:56:10,1,6,3.536985
884,2022-01-06-15:56:13,6,5,3.100609
885,2022-01-06-15:56:15,5,1,1.889567
886,2022-01-06-15:56:17,1,2,1.952970
887,2022-01-06-15:56:19,2,4,1.788952
888,2022-01-06-15:56:20,4,2,1.775180
889,2022-01-06-15:56:22,2,5,1.527258
890,2022-01-06-15:56:25,5,7,2.595612
891,2022-01-06-15:56:27,7,0,1.924988
892,2022-01-06-15:56:28,0,4,1.518198
893,2022-01-06-15:56:30,4,3,2.128663
894,2022-01-06-15:56:32,3,5,2.189139
895,2022-01-06-15:56:35,5,7,2.605422
896,2022-01-06-15:56:37,7,1,1.684215
897,2022-01-06-15:56:39,1,5,1.885973
898,2022-01-06-15:56:41,5,1,1.946949
899,2022-01-06-15:56:43,1,3,2.289169
900,2022-01-06-15:56:45,3,2,2.567612
901,2022-01-06-15:56:48,2,6,3.127118
902,2022-01-06-15:56:52,6,7,3.987691
903,2022-01-06-15:56:56,7,6,4.008891
904,2022-01-06-15:57:00,6,4,3.491270
905,2022-01-06-15:57:02,4,5,1.797629
906,2022-01-06-15:57:04,5,4,1.779595
907,2022-01-06-15:57:05,4,1,1.328436
908,2022-01-06-15:57:07,1,2,2.046513
909,2022-01-06-15:57:10,2,7,2.658179
910,2022-01-06-15:57:11,7,4,1.893970
911,2022-01-06-15:57:13,4,0,1.539626
912,2022-01-06-15:57:15,0,2,1.725275
913,2022-01-06-15:57:17,2,1,2.005110
914,2022-01-06-15:57:19,1,3,2.210595
915,2022-01-06-15:57:22,3,2,2.548057
916,2022-01-06-15:57:23,2,0,1.746225
917,2022-01-06-15:57:26,0,3,2.397765
918,2022-01-06-15:57:28,3,7,2.110821
919,2022-01-06-15:57:30,7,3,2.106577
920,2022-01-06-15:57:32,3,2,2.540095
