date,init_position,final_position,time
2022-01-06-06:40:39,-1,3,3.333659
2022-01-06-06:40:41,3,4,2.083248
2022-01-06-06:40:43,4,7,1.855423
2022-01-06-06:40:45,7,3,2.085534
2022-01-06-06:40:47,3,4,2.093574
2022-01-06-06:40:48,4,1,1.281254
2022-01-06-06:40:50,1,4,1.281132
2022-01-06-06:40:51,4,5,1.720374
2022-01-06-06:40:54,5,6,3.056526
2022-01-06-06:40:58,6,0,3.450065
2022-01-06-06:41:00,0,2,2.022862
2022-01-06-06:41:02,2,0,1.685031
2022-01-06-06:41:05,0,6,3.433450
2022-01-06-06:41:08,6,5,3.222056
2022-01-06-06:41:10,5,0,1.844570
2022-01-06-06:41:12,0,7,1.883463
2022-01-06-06:41:15,7,5,2.562953
2022-01-06-06:41:16,5,4,1.732689
2022-01-06-06:41:18,4,1,1.302843
2022-01-06-06:41:19,1,0,1.016442
2022-01-06-06:41:20,0,4,1.493210
2022-01-06-06:41:22,4,0,1.497543
2022-01-06-06:41:23,0,1,1.048492
2022-01-06-06:41:24,1,0,0.981183
2022-01-06-06:41:26,0,3,2.350189
2022-01-06-06:41:30,3,6,3.598092
2022-01-06-06:41:33,6,4,3.400992
2022-01-06-06:41:35,4,5,1.799099
2022-01-06-06:41:37,5,3,2.154507
2022-01-06-06:41:39,3,5,2.177384
2022-01-06-06:41:41,5,3,2.147346
2022-01-06-06:41:44,3,2,2.570982
2022-01-06-06:41:46,2,7,2.553972
2022-01-06-06:41:50,7,6,3.997458
2022-01-06-06:41:54,6,5,3.099712
2022-01-06-06:41:55,5,2,1.895872
2022-01-06-06:41:57,2,1,1.957226
2022-01-06-06:41:59,1,2,1.966057
2022-01-06-06:42:01,2,0,1.689607
2022-01-06-06:42:05,0,6,3.505477
2022-01-06-06:42:08,6,3,3.644980
2022-01-06-06:42:12,3,6,3.631020
2022-01-06-06:42:15,6,3,3.631892
2022-01-06-06:42:18,3,7,2.119957
2022-01-06-06:42:22,7,6,3.969651
2022-01-06-06:42:25,6,0,3.443263
2022-01-06-06:42:26,0,1,1.034942
2022-01-06-06:42:28,1,7,1.635567
2022-01-06-06:42:30,7,3,2.090435
2022-01-06-06:42:32,3,7,2.412098
2022-01-06-06:42:34,7,3,2.088793
2022-01-06-06:42:37,3,0,2.335076
2022-01-06-06:42:38,0,5,1.843535
2022-01-06-06:42:41,5,6,3.061364
2022-01-06-06:42:45,6,2,3.086884
2022-01-06-06:42:46,2,0,1.680485
2022-01-06-06:42:48,0,2,1.726107
2022-01-06-06:42:51,2,7,2.570154
2022-01-06-06:42:55,7,6,3.986465
2022-01-06-06:42:58,6,0,3.438003
2022-01-06-06:42:59,0,1,0.998597
2022-01-06-06:43:00,1,0,1.023831
2022-01-06-06:43:03,0,6,3.409593
2022-01-06-06:43:07,6,1,3.609576
2022-01-06-06:43:08,1,4,1.333477
2022-01-06-06:43:10,4,3,2.091366
2022-01-06-06:43:13,3,1,2.223315
2022-01-06-06:43:15,1,5,1.885788
2022-01-06-06:43:16,5,1,1.887832
2022-01-06-06:43:18,1,5,1.888249
2022-01-06-06:43:20,5,0,1.850782
2022-01-06-06:43:23,0,3,2.342263
2022-01-06-06:43:25,3,1,2.209440
2022-01-06-06:43:27,1,2,1.974260
2022-01-06-06:43:29,2,7,2.553231
2022-01-06-06:43:33,7,6,4.005349
2022-01-06-06:43:36,6,2,3.044441
2022-01-06-06:43:39,2,7,2.564033
2022-01-06-06:43:40,7,1,1.634458
2022-01-06-06:43:43,1,3,2.449183
2022-01-06-06:43:47,3,6,3.667933
2022-01-06-06:43:50,6,5,3.083470
2022-01-06-06:43:52,5,0,1.834900
2022-01-06-06:43:53,0,7,1.917480
2022-01-06-06:43:55,7,1,1.650013
2022-01-06-06:43:57,1,2,1.920971
2022-01-06-06:44:00,2,6,3.112191
2022-01-06-06:44:05,6,2,5.145390
2022-01-06-06:44:07,2,0,1.704711
2022-01-06-06:44:09,0,4,1.579755
2022-01-06-06:44:10,4,1,1.317219
2022-01-06-06:44:11,1,4,1.284523
2022-01-06-06:44:13,4,2,1.764216
2022-01-06-06:44:15,2,3,2.552301
2022-01-06-06:44:18,3,7,2.127775
2022-01-06-06:44:20,7,3,2.126475
2022-01-06-06:44:22,3,4,2.115897
2022-01-06-06:44:25,4,6,3.435058
2022-01-06-06:44:29,6,1,3.531258
2022-01-06-06:44:30,1,7,1.652201
2022-01-06-06:44:34,7,6,3.942518
2022-01-06-06:44:38,6,1,3.506801
2022-01-06-06:44:40,1,5,1.900984
2022-01-06-06:44:42,5,7,2.563438
2022-01-06-06:44:44,7,1,2.101663
2022-01-06-06:44:46,1,7,1.657426
2022-01-06-06:44:48,7,4,1.825159
2022-01-06-06:44:50,4,3,2.162027
2022-01-06-06:44:53,3,0,2.360619
2022-01-06-06:44:54,0,7,1.908368
2022-01-06-06:44:56,7,1,1.689857
2022-01-06-06:44:58,1,5,1.925449
2022-01-06-06:45:00,5,2,1.518876
2022-01-06-06:45:03,2,6,3.132987
2022-01-06-06:45:06,6,4,3.430004
2022-01-06-06:45:08,4,2,1.730428
2022-01-06-06:45:10,2,1,1.948853
2022-01-06-06:45:12,1,5,1.886390
2022-01-06-06:45:14,5,0,1.854710
2022-01-06-06:45:15,0,1,0.977618
2022-01-06-06:45:16,1,4,1.573319
2022-01-06-06:45:20,4,6,3.697454
2022-01-06-06:45:23,6,4,3.474025
2022-01-06-06:45:25,4,2,1.752533
2022-01-06-06:45:28,2,7,2.541248
2022-01-06-06:45:29,7,1,1.694939
2022-01-06-06:45:30,1,0,1.028925
2022-01-06-06:45:32,0,2,1.727100
2022-01-06-06:45:35,2,3,2.634507
2022-01-06-06:45:37,3,0,2.347731
2022-01-06-06:45:38,0,1,1.012920
2022-01-06-06:45:40,1,2,1.973920
2022-01-06-06:45:42,2,4,1.750189
2022-01-06-06:45:43,4,1,1.330097
2022-01-06-06:45:45,1,2,1.965171
2022-01-06-06:45:48,2,7,2.558539
2022-01-06-06:45:50,7,5,2.554147
2022-01-06-06:45:52,5,4,1.780462
2022-01-06-06:45:53,4,1,1.282127
2022-01-06-06:45:54,1,0,1.024788
2022-01-06-06:45:56,0,7,1.921764
2022-01-06-06:45:59,7,5,2.560288
2022-01-06-06:46:01,5,7,2.560889
2022-01-06-06:46:03,7,0,1.926436
2022-01-06-06:46:05,0,5,1.899846
2022-01-06-06:46:07,5,3,2.165919
2022-01-06-06:46:09,3,5,2.211954
2022-01-06-06:46:11,5,2,1.524557
2022-01-06-06:46:14,2,7,2.547208
2022-01-06-06:46:15,7,0,1.918469
2022-01-06-06:46:17,0,4,1.518661
2022-01-06-06:46:19,4,5,1.800206
2022-01-06-06:46:21,5,7,2.533824
2022-01-06-06:46:24,7,5,2.549290
2022-01-06-06:46:27,5,6,3.053292
2022-01-06-06:46:31,6,7,4.001499
2022-01-06-06:46:34,7,2,2.593118
2022-01-06-06:46:35,2,5,1.493063
2022-01-06-06:46:38,5,7,2.596857
2022-01-06-06:46:42,7,6,3.957120
2022-01-06-06:46:45,6,3,3.624413
2022-01-06-06:46:49,3,6,3.623793
2022-01-06-06:46:52,6,4,3.437603
2022-01-06-06:46:54,4,3,2.121095
2022-01-06-06:46:57,3,4,2.161240
2022-01-06-06:46:58,4,0,1.495503
2022-01-06-06:47:00,0,5,1.858334
2022-01-06-06:47:03,5,7,2.728675
2022-01-06-06:47:05,7,5,2.591979
2022-01-06-06:47:07,5,3,2.196324
2022-01-06-06:47:10,3,5,2.419311
2022-01-06-06:47:12,5,4,1.741475
2022-01-06-06:47:14,4,3,2.088625
2022-01-06-06:47:17,3,6,3.636021
2022-01-06-06:47:21,6,0,3.395717
2022-01-06-06:47:24,0,6,3.441182
2022-01-06-06:47:28,6,0,3.428049
2022-01-06-06:47:29,0,4,1.511818
2022-01-06-06:47:31,4,3,2.086312
2022-01-06-06:47:33,3,1,2.234541
2022-01-06-06:47:35,1,5,1.912945
2022-01-06-06:47:37,5,3,2.167973
2022-01-06-06:47:40,3,4,2.088901
2022-01-06-06:47:41,4,7,1.852588
2022-01-06-06:47:44,7,2,2.625679
2022-01-06-06:47:46,2,0,1.702921
2022-01-06-06:47:47,0,2,1.713878
2022-01-06-06:47:49,2,5,1.485023
2022-01-06-06:47:51,5,1,2.163147
2022-01-06-06:47:53,1,7,1.626359
2022-01-06-06:47:55,7,5,2.539116
2022-01-06-06:47:57,5,3,2.143379
2022-01-06-06:48:00,3,7,2.118617
2022-01-06-06:48:02,7,2,2.555939
2022-01-06-06:48:04,2,5,1.518942
2022-01-06-06:48:06,5,1,1.931851
2022-01-06-06:48:08,1,3,2.210454
2022-01-06-06:48:11,3,6,3.646354
2022-01-06-06:48:15,6,7,3.976202
2022-01-06-06:48:17,7,3,2.118502
2022-01-06-06:48:20,3,4,2.030514
2022-01-06-06:48:21,4,2,1.863364
2022-01-06-06:48:23,2,1,1.953671
2022-01-06-06:48:26,1,3,2.185574
2022-01-06-06:48:29,3,6,3.604480
2022-01-06-06:48:32,6,5,3.062033
2022-01-06-06:48:35,5,7,2.560167
2022-01-06-06:48:37,7,2,2.554194
2022-01-06-06:48:39,2,1,1.971478
2022-01-06-06:48:42,1,3,2.227437
2022-01-06-06:48:44,3,2,2.564093
2022-01-06-06:48:46,2,1,1.926966
2022-01-06-06:48:48,1,3,2.213362
2022-01-06-06:48:50,3,5,2.147649
2022-01-06-06:48:52,5,3,2.123429
2022-01-06-06:48:55,3,2,2.579038
2022-01-06-06:48:58,2,6,3.131275
2022-01-06-06:49:02,6,7,4.044502
2022-01-06-06:49:04,7,3,2.224396
2022-01-06-06:49:07,3,0,2.373142
2022-01-06-06:49:10,0,6,3.466949
2022-01-06-06:49:14,6,0,3.442917
2022-01-06-06:49:16,0,5,1.855445
2022-01-06-06:49:17,5,4,1.741015
2022-01-06-06:49:19,4,2,2.094059
2022-01-06-06:49:23,2,6,3.187759
2022-01-06-06:49:26,6,0,3.435100
2022-01-06-06:49:27,0,1,1.023428
2022-01-06-06:49:29,1,3,2.246367
2022-01-06-06:49:32,3,0,2.356165
2022-01-06-06:49:35,0,6,3.445849
2022-01-06-06:49:39,6,1,3.525058
2022-01-06-06:49:40,1,0,1.015143
2022-01-06-06:49:42,0,5,1.898814
2022-01-06-06:49:44,5,3,2.171964
2022-01-06-06:49:46,3,5,2.130694
2022-01-06-06:49:49,5,6,3.039842
2022-01-06-06:49:53,6,7,3.973898
2022-01-06-06:49:55,7,5,2.568810
2022-01-06-06:49:57,5,1,1.926716
2022-01-06-06:50:00,1,3,2.223649
2022-01-06-06:50:02,3,1,2.233840
2022-01-06-06:50:03,1,0,0.998654
2022-01-06-06:50:05,0,3,2.378869
2022-01-06-06:50:07,3,5,2.151259
2022-01-06-06:50:09,5,1,1.921096
2022-01-06-06:50:11,1,2,1.953243
2022-01-06-06:50:13,2,5,1.514550
2022-01-06-06:50:15,5,4,1.786005
2022-01-06-06:50:18,4,6,3.433284
2022-01-06-06:50:22,6,3,3.644349
2022-01-06-06:50:25,3,6,3.628458
2022-01-06-06:50:29,6,7,4.202072
2022-01-06-06:50:31,7,0,1.929133
2022-01-06-06:50:33,0,7,1.966690
2022-01-06-06:50:36,7,5,2.560425
2022-01-06-06:50:38,5,1,1.890217
2022-01-06-06:50:40,1,3,2.223276
2022-01-06-06:50:42,3,5,2.145699
2022-01-06-06:50:45,5,7,2.824002
2022-01-06-06:50:47,7,3,2.125208
2022-01-06-06:50:49,3,4,2.103665
2022-01-06-06:50:51,4,7,1.840103
2022-01-06-06:50:55,7,6,3.949622
2022-01-06-06:50:59,6,7,3.969214
2022-01-06-06:51:01,7,3,2.097599
2022-01-06-06:51:03,3,5,2.189506
2022-01-06-06:51:05,5,1,1.894981
2022-01-06-06:51:07,1,5,2.292115
2022-01-06-06:51:11,5,6,3.065235
2022-01-06-06:51:14,6,5,3.045362
2022-01-06-06:51:15,5,1,1.901495
2022-01-06-06:51:17,1,7,1.673898
2022-01-06-06:51:19,7,4,1.872673
2022-01-06-06:51:22,4,6,3.453710
2022-01-06-06:51:26,6,2,3.065057
2022-01-06-06:51:28,2,7,2.606633
2022-01-06-06:51:32,7,6,3.968353
2022-01-06-06:51:35,6,2,3.078852
2022-01-06-06:51:37,2,0,1.740512
2022-01-06-06:51:39,0,3,2.330531
2022-01-06-06:51:41,3,4,2.068907
2022-01-06-06:51:45,4,6,3.467376
2022-01-06-06:51:48,6,3,3.667204
2022-01-06-06:51:51,3,0,2.355869
2022-01-06-06:51:54,0,6,3.454420
2022-01-06-06:51:58,6,0,3.468174
2022-01-06-06:52:01,0,6,3.441151
2022-01-06-06:52:05,6,1,3.539688
