"iteration,date,init_position,final_position,time"
0,2022-01-26-23:07:44,-1,1,2.55826
1,2022-01-26-23:07:46,1,7,1.65720
2,2022-01-26-23:07:48,7,1,1.66357
3,2022-01-26-23:07:49,1,5,1.89487
4,2022-01-26-23:07:51,5,0,1.89637
5,2022-01-26-23:07:52,0,1,1.03102
6,2022-01-26-23:07:54,1,7,1.68581
7,2022-01-26-23:07:56,7,1,1.69173
8,2022-01-26-23:07:58,1,5,1.89760
9,2022-01-26-23:08:00,5,3,2.16542
10,2022-01-26-23:08:02,3,1,2.23433
11,2022-01-26-23:08:06,1,6,3.51447
12,2022-01-26-23:08:09,6,0,3.42340
13,2022-01-26-23:08:10,0,1,1.02016
14,2022-01-26-23:08:11,1,0,1.09645
15,2022-01-26-23:08:13,0,2,1.75216
16,2022-01-26-23:08:15,2,3,2.59457
17,2022-01-26-23:08:18,3,7,2.13686
18,2022-01-26-23:08:20,7,3,2.13996
19,2022-01-26-23:08:22,3,0,2.32558
20,2022-01-26-23:08:24,0,2,1.73287
21,2022-01-26-23:08:26,2,7,2.55080
22,2022-01-26-23:08:28,7,0,1.93514
23,2022-01-26-23:08:30,0,4,1.53341
24,2022-01-26-23:08:32,4,3,2.12863
25,2022-01-26-23:08:34,3,5,2.19958
26,2022-01-26-23:08:36,5,2,1.52222
27,2022-01-26-23:08:37,2,5,1.53247
28,2022-01-26-23:08:39,5,3,2.17286
29,2022-01-26-23:08:42,3,5,2.15896
30,2022-01-26-23:08:44,5,7,2.60402
31,2022-01-26-23:08:46,7,4,1.82842
32,2022-01-26-23:08:47,4,1,1.33085
33,2022-01-26-23:08:48,1,0,1.04548
34,2022-01-26-23:08:50,0,7,1.92941
35,2022-01-26-23:08:52,7,3,2.10451
36,2022-01-26-23:08:55,3,1,2.20949
37,2022-01-26-23:08:56,1,7,1.66252
38,2022-01-26-23:08:58,7,4,1.83311
39,2022-01-26-23:09:00,4,5,1.80450
40,2022-01-26-23:09:03,5,7,2.61910
41,2022-01-26-23:09:05,7,2,2.56007
42,2022-01-26-23:09:08,2,7,2.55850
43,2022-01-26-23:09:09,7,1,1.65792
44,2022-01-26-23:09:13,1,6,3.48438
45,2022-01-26-23:09:16,6,0,3.43403
46,2022-01-26-23:09:18,0,5,1.85185
47,2022-01-26-23:09:21,5,7,2.63426
48,2022-01-26-23:09:25,7,6,3.94673
49,2022-01-26-23:09:28,6,4,3.41563
50,2022-01-26-23:09:29,4,1,1.38999
51,2022-01-26-23:09:31,1,4,1.32052
52,2022-01-26-23:09:32,4,0,1.52152
53,2022-01-26-23:09:34,0,7,1.89663
54,2022-01-26-23:09:36,7,4,1.86312
55,2022-01-26-23:09:38,4,5,1.76587
56,2022-01-26-23:09:40,5,1,1.90684
57,2022-01-26-23:09:41,1,0,1.08595
58,2022-01-26-23:09:43,0,2,1.69888
59,2022-01-26-23:09:45,2,3,2.61859
60,2022-01-26-23:09:49,3,6,3.65815
61,2022-01-26-23:09:53,6,7,4.01161
62,2022-01-26-23:09:55,7,1,1.72884
63,2022-01-26-23:09:57,1,3,2.18035
64,2022-01-26-23:09:59,3,1,2.23296
65,2022-01-26-23:10:01,1,5,1.92031
66,2022-01-26-23:10:03,5,7,2.56257
67,2022-01-26-23:10:05,7,1,1.67768
68,2022-01-26-23:10:09,1,6,3.55562
69,2022-01-26-23:10:12,6,2,3.05851
70,2022-01-26-23:10:13,2,0,1.70227
71,2022-01-26-23:10:17,0,6,3.40984
72,2022-01-26-23:10:20,6,2,3.08424
73,2022-01-26-23:10:22,2,1,1.93814
74,2022-01-26-23:10:24,1,3,2.19400
75,2022-01-26-23:10:26,3,1,2.19708
76,2022-01-26-23:10:28,1,3,2.23158
77,2022-01-26-23:10:31,3,4,2.04581
78,2022-01-26-23:10:32,4,2,1.75975
79,2022-01-26-23:10:34,2,0,1.74113
80,2022-01-26-23:10:36,0,4,1.54841
81,2022-01-26-23:10:37,4,2,1.78807
82,2022-01-26-23:10:40,2,6,3.08237
83,2022-01-26-23:10:44,6,4,3.44718
84,2022-01-26-23:10:46,4,5,1.79185
85,2022-01-26-23:10:48,5,7,2.53994
86,2022-01-26-23:10:50,7,0,1.90865
87,2022-01-26-23:10:51,0,1,1.01725
88,2022-01-26-23:10:53,1,3,2.16956
89,2022-01-26-23:10:55,3,4,2.04191
90,2022-01-26-23:10:57,4,5,1.74584
91,2022-01-26-23:10:59,5,2,1.48770
92,2022-01-26-23:11:01,2,7,2.64432
93,2022-01-26-23:11:03,7,0,1.91665
94,2022-01-26-23:11:07,0,6,3.41605
95,2022-01-26-23:11:10,6,1,3.56956
96,2022-01-26-23:11:12,1,7,1.66197
97,2022-01-26-23:11:14,7,0,1.89592
98,2022-01-26-23:11:16,0,7,1.93485
99,2022-01-26-23:11:20,7,6,3.98177
100,2022-01-26-23:11:24,6,7,3.97487
101,2022-01-26-23:11:26,7,4,1.90807
102,2022-01-26-23:11:27,4,1,1.34356
103,2022-01-26-23:11:29,1,7,1.70123
104,2022-01-26-23:11:31,7,3,2.10777
105,2022-01-26-23:11:33,3,0,2.35499
106,2022-01-26-23:11:35,0,4,1.54389
107,2022-01-26-23:11:37,4,3,2.12923
108,2022-01-26-23:11:39,3,1,2.20229
109,2022-01-26-23:11:40,1,0,1.12439
110,2022-01-26-23:11:42,0,4,1.51981
111,2022-01-26-23:11:44,4,3,2.06907
112,2022-01-26-23:11:46,3,1,2.19083
113,2022-01-26-23:11:48,1,3,2.24383
114,2022-01-26-23:11:50,3,5,2.18729
115,2022-01-26-23:11:52,5,3,2.20504
116,2022-01-26-23:11:55,3,2,2.59042
117,2022-01-26-23:11:57,2,1,1.97408
118,2022-01-26-23:11:59,1,3,2.22874
119,2022-01-26-23:12:02,3,0,2.35560
120,2022-01-26-23:12:03,0,5,1.86413
121,2022-01-26-23:12:05,5,4,1.78772
122,2022-01-26-23:12:07,4,0,1.49371
123,2022-01-26-23:12:09,0,2,1.76461
124,2022-01-26-23:12:11,2,3,2.57712
125,2022-01-26-23:12:13,3,0,2.30725
126,2022-01-26-23:12:15,0,7,1.93552
127,2022-01-26-23:12:19,7,6,3.97497
128,2022-01-26-23:12:23,6,4,3.45336
129,2022-01-26-23:12:24,4,5,1.71388
130,2022-01-26-23:12:26,5,1,1.94485
131,2022-01-26-23:12:28,1,4,1.35545
132,2022-01-26-23:12:30,4,5,1.75628
133,2022-01-26-23:12:31,5,0,1.86953
134,2022-01-26-23:12:33,0,4,1.51785
135,2022-01-26-23:12:35,4,7,1.83988
136,2022-01-26-23:12:37,7,5,2.59721
137,2022-01-26-23:12:40,5,7,2.62787
138,2022-01-26-23:12:42,7,1,1.66988
139,2022-01-26-23:12:44,1,2,2.03576
140,2022-01-26-23:12:45,2,4,1.76485
141,2022-01-26-23:12:47,4,7,1.85099
142,2022-01-26-23:12:50,7,2,2.57128
143,2022-01-26-23:12:52,2,7,2.57384
144,2022-01-26-23:12:56,7,6,4.00100
145,2022-01-26-23:13:00,6,4,3.43527
146,2022-01-26-23:13:02,4,5,1.84434
147,2022-01-26-23:13:04,5,7,2.58912
148,2022-01-26-23:13:08,7,6,3.96395
149,2022-01-26-23:13:11,6,2,3.05622
150,2022-01-26-23:13:14,2,6,3.05404
151,2022-01-26-23:13:18,6,1,3.56137
152,2022-01-26-23:13:20,1,2,2.00807
153,2022-01-26-23:13:23,2,7,2.61251
154,2022-01-26-23:13:27,7,6,3.97534
155,2022-01-26-23:13:30,6,2,3.03472
156,2022-01-26-23:13:31,2,4,1.75568
157,2022-01-26-23:13:35,4,6,3.44544
158,2022-01-26-23:13:38,6,5,3.06307
159,2022-01-26-23:13:40,5,7,2.54651
160,2022-01-26-23:13:43,7,5,2.55318
161,2022-01-26-23:13:46,5,6,3.05001
162,2022-01-26-23:13:49,6,4,3.44673
163,2022-01-26-23:13:51,4,2,1.79168
164,2022-01-26-23:13:54,2,3,2.57264
165,2022-01-26-23:13:56,3,4,2.09840
166,2022-01-26-23:13:59,4,6,3.42303
167,2022-01-26-23:14:02,6,2,3.04833
168,2022-01-26-23:14:04,2,0,1.72205
169,2022-01-26-23:14:06,0,5,1.86495
170,2022-01-26-23:14:07,5,2,1.49149
171,2022-01-26-23:14:10,2,3,2.57675
172,2022-01-26-23:14:12,3,0,2.37677
173,2022-01-26-23:14:16,0,6,3.42981
174,2022-01-26-23:14:19,6,2,3.07234
175,2022-01-26-23:14:22,2,6,3.07606
176,2022-01-26-23:14:25,6,4,3.41009
177,2022-01-26-23:14:27,4,2,1.83737
178,2022-01-26-23:14:30,2,7,2.57586
179,2022-01-26-23:14:32,7,3,2.16954
180,2022-01-26-23:14:35,3,2,2.57051
181,2022-01-26-23:14:37,2,7,2.58438
182,2022-01-26-23:14:41,7,6,4.05009
183,2022-01-26-23:14:44,6,5,3.05752
184,2022-01-26-23:14:46,5,1,1.92044
185,2022-01-26-23:14:50,1,6,3.55538
186,2022-01-26-23:14:53,6,4,3.41193
187,2022-01-26-23:14:57,4,6,3.42295
188,2022-01-26-23:15:00,6,2,3.06502
189,2022-01-26-23:15:03,2,6,3.06762
190,2022-01-26-23:15:06,6,3,3.62274
191,2022-01-26-23:15:08,3,5,2.13422
192,2022-01-26-23:15:12,5,6,3.14359
193,2022-01-26-23:15:16,6,7,3.96625
194,2022-01-26-23:15:20,7,6,3.98875
195,2022-01-26-23:15:23,6,1,3.53453
196,2022-01-26-23:15:24,1,4,1.32826
197,2022-01-26-23:15:26,4,5,1.72968
198,2022-01-26-23:15:28,5,0,1.85003
199,2022-01-26-23:15:30,0,3,2.36904
200,2022-01-26-23:15:34,3,6,3.63320
201,2022-01-26-23:15:38,6,7,3.94992
202,2022-01-26-23:15:40,7,0,1.89129
203,2022-01-26-23:15:41,0,4,1.56397
204,2022-01-26-23:15:45,4,6,3.44235
205,2022-01-26-23:15:48,6,5,3.06575
206,2022-01-26-23:15:49,5,2,1.49822
207,2022-01-26-23:15:51,2,0,1.71822
208,2022-01-26-23:15:53,0,7,1.90702
209,2022-01-26-23:15:57,7,6,3.97643
210,2022-01-26-23:16:00,6,5,3.07460
211,2022-01-26-23:16:02,5,2,1.53122
212,2022-01-26-23:16:05,2,6,3.12422
213,2022-01-26-23:16:08,6,5,3.09458
214,2022-01-26-23:16:10,5,4,1.77010
215,2022-01-26-23:16:11,4,2,1.79130
216,2022-01-26-23:16:13,2,4,1.78977
217,2022-01-26-23:16:15,4,0,1.53035
218,2022-01-26-23:16:17,0,5,1.90228
219,2022-01-26-23:16:18,5,2,1.62737
220,2022-01-26-23:16:20,2,1,1.95458
221,2022-01-26-23:16:22,1,2,1.92790
222,2022-01-26-23:16:25,2,3,2.59442
223,2022-01-26-23:16:28,3,6,3.61204
224,2022-01-26-23:16:32,6,0,3.46430
225,2022-01-26-23:16:33,0,1,1.01970
226,2022-01-26-23:16:35,1,2,1.93209
227,2022-01-26-23:16:37,2,1,1.99045
228,2022-01-26-23:16:39,1,5,1.94498
229,2022-01-26-23:16:41,5,0,1.90013
230,2022-01-26-23:16:42,0,4,1.52515
231,2022-01-26-23:16:44,4,5,1.74216
232,2022-01-26-23:16:47,5,6,3.09403
233,2022-01-26-23:16:50,6,4,3.45067
234,2022-01-26-23:16:52,4,2,1.78670
235,2022-01-26-23:16:55,2,7,2.61087
236,2022-01-26-23:16:57,7,5,2.53603
237,2022-01-26-23:16:59,5,3,2.14953
238,2022-01-26-23:17:02,3,4,2.12871
239,2022-01-26-23:17:04,4,7,1.90265
240,2022-01-26-23:17:05,7,1,1.69957
241,2022-01-26-23:17:07,1,2,1.99912
242,2022-01-26-23:17:10,2,3,2.55610
243,2022-01-26-23:17:12,3,1,2.24482
244,2022-01-26-23:17:16,1,6,3.67850
245,2022-01-26-23:17:19,6,0,3.45584
246,2022-01-26-23:17:21,0,7,1.93370
247,2022-01-26-23:17:23,7,4,1.82390
248,2022-01-26-23:17:25,4,3,2.13675
249,2022-01-26-23:17:27,3,7,2.13513
250,2022-01-26-23:17:29,7,4,1.87019
251,2022-01-26-23:17:31,4,7,1.83862
252,2022-01-26-23:17:33,7,5,2.57835
253,2022-01-26-23:17:36,5,7,2.59586
254,2022-01-26-23:17:38,7,3,2.12998
255,2022-01-26-23:17:41,3,2,2.57014
256,2022-01-26-23:17:44,2,6,3.06928
257,2022-01-26-23:17:47,6,4,3.41351
258,2022-01-26-23:17:49,4,2,1.76072
259,2022-01-26-23:17:51,2,5,1.53550
260,2022-01-26-23:17:53,5,3,2.16921
261,2022-01-26-23:17:55,3,1,2.22325
262,2022-01-26-23:17:58,1,6,3.55313
263,2022-01-26-23:18:02,6,3,3.65268
264,2022-01-26-23:18:04,3,7,2.13060
265,2022-01-26-23:18:06,7,4,1.88267
266,2022-01-26-23:18:08,4,7,1.88566
267,2022-01-26-23:18:11,7,2,2.61589
268,2022-01-26-23:18:13,2,1,1.94927
269,2022-01-26-23:18:14,1,4,1.32785
270,2022-01-26-23:18:17,4,6,3.45021
271,2022-01-26-23:18:20,6,5,3.06880
272,2022-01-26-23:18:22,5,0,1.90838
273,2022-01-26-23:18:25,0,3,2.27097
274,2022-01-26-23:18:27,3,0,2.34669
275,2022-01-26-23:18:29,0,2,1.72883
276,2022-01-26-23:18:31,2,7,2.60932
277,2022-01-26-23:18:34,7,2,2.60331
278,2022-01-26-23:18:35,2,5,1.53802
279,2022-01-26-23:18:37,5,4,1.76516
280,2022-01-26-23:18:39,4,1,1.33397
281,2022-01-26-23:18:41,1,5,1.93691
282,2022-01-26-23:18:42,5,0,1.86547
283,2022-01-26-23:18:43,0,1,1.07953
284,2022-01-26-23:18:45,1,4,1.30261
285,2022-01-26-23:18:46,4,1,1.32651
286,2022-01-26-23:18:48,1,7,1.66556
287,2022-01-26-23:18:50,7,3,2.09418
288,2022-01-26-23:18:52,3,5,2.13431
289,2022-01-26-23:18:55,5,7,2.59489
290,2022-01-26-23:18:56,7,0,1.91905
291,2022-01-26-23:18:58,0,7,1.94554
292,2022-01-26-23:19:00,7,0,1.93165
293,2022-01-26-23:19:02,0,4,1.51086
294,2022-01-26-23:19:04,4,5,1.76503
295,2022-01-26-23:19:06,5,7,2.55935
296,2022-01-26-23:19:09,7,2,2.54532
297,2022-01-26-23:19:11,2,7,2.58188
298,2022-01-26-23:19:14,7,5,2.55973
299,2022-01-26-23:19:16,5,3,2.20261
300,2022-01-26-23:19:18,3,1,2.24669
301,2022-01-26-23:19:20,1,2,1.98361
302,2022-01-26-23:19:23,2,6,3.06700
303,2022-01-26-23:19:26,6,2,3.09063
304,2022-01-26-23:19:28,2,5,1.51399
305,2022-01-26-23:19:30,5,0,1.92713
306,2022-01-26-23:19:31,0,1,1.08200
307,2022-01-26-23:19:33,1,5,1.95594
308,2022-01-26-23:19:36,5,7,2.59143
309,2022-01-26-23:19:38,7,2,2.57275
310,2022-01-26-23:19:40,2,0,1.72935
311,2022-01-26-23:19:41,0,1,1.09035
312,2022-01-26-23:19:43,1,2,2.00298
313,2022-01-26-23:19:45,2,4,1.79172
314,2022-01-26-23:19:46,4,2,1.75847
315,2022-01-26-23:19:48,2,5,1.54938
316,2022-01-26-23:19:51,5,6,3.07379
317,2022-01-26-23:19:54,6,5,3.11743
318,2022-01-26-23:19:56,5,4,1.76243
319,2022-01-26-23:19:58,4,2,1.79491
320,2022-01-26-23:20:01,2,6,3.12669
321,2022-01-26-23:20:04,6,2,3.07387
322,2022-01-26-23:20:07,2,6,3.11463
323,2022-01-26-23:20:11,6,3,3.63090
324,2022-01-26-23:20:13,3,5,2.23851
325,2022-01-26-23:20:15,5,3,2.16945
326,2022-01-26-23:20:17,3,5,2.14723
327,2022-01-26-23:20:19,5,2,1.51639
328,2022-01-26-23:20:21,2,4,1.79066
329,2022-01-26-23:20:22,4,5,1.82608
330,2022-01-26-23:20:24,5,2,1.53119
331,2022-01-26-23:20:26,2,4,1.82720
332,2022-01-26-23:20:28,4,3,2.14998
333,2022-01-26-23:20:30,3,4,2.08736
334,2022-01-26-23:20:32,4,5,1.77476
335,2022-01-26-23:20:34,5,1,1.92217
336,2022-01-26-23:20:37,1,6,3.51528
337,2022-01-26-23:20:41,6,0,3.43266
338,2022-01-26-23:20:44,0,6,3.41693
339,2022-01-26-23:20:48,6,1,3.50524
340,2022-01-26-23:20:50,1,5,1.95396
341,2022-01-26-23:20:51,5,2,1.52322
342,2022-01-26-23:20:54,2,7,2.57678
343,2022-01-26-23:20:55,7,1,1.72575
344,2022-01-26-23:20:56,1,0,1.01337
345,2022-01-26-23:20:58,0,5,1.83861
346,2022-01-26-23:21:00,5,1,1.94429
347,2022-01-26-23:21:02,1,2,1.93915
348,2022-01-26-23:21:05,2,7,2.57511
349,2022-01-26-23:21:07,7,5,2.55897
350,2022-01-26-23:21:09,5,4,1.75837
351,2022-01-26-23:21:11,4,5,1.82877
352,2022-01-26-23:21:13,5,0,1.88674
353,2022-01-26-23:21:16,0,6,3.45905
354,2022-01-26-23:21:19,6,2,3.11614
355,2022-01-26-23:21:22,2,6,3.13642
356,2022-01-26-23:21:26,6,3,3.65894
357,2022-01-26-23:21:28,3,7,2.15725
358,2022-01-26-23:21:30,7,0,1.99643
359,2022-01-26-23:21:32,0,7,1.90955
360,2022-01-26-23:21:34,7,0,1.95737
361,2022-01-26-23:21:36,0,4,1.62073
362,2022-01-26-23:21:38,4,3,2.13396
363,2022-01-26-23:21:40,3,7,2.14617
364,2022-01-26-23:21:43,7,5,2.59822
365,2022-01-26-23:21:45,5,7,2.60842
366,2022-01-26-23:21:47,7,3,2.13930
367,2022-01-26-23:21:50,3,1,2.25224
368,2022-01-26-23:21:52,1,5,1.92976
369,2022-01-26-23:21:54,5,7,2.59253
370,2022-01-26-23:21:57,7,5,2.56518
371,2022-01-26-23:21:58,5,2,1.48414
372,2022-01-26-23:22:00,2,4,1.79116
373,2022-01-26-23:22:02,4,5,1.80015
374,2022-01-26-23:22:03,5,2,1.52020
375,2022-01-26-23:22:05,2,5,1.48745
376,2022-01-26-23:22:07,5,1,1.93597
377,2022-01-26-23:22:08,1,0,1.01792
378,2022-01-26-23:22:10,0,3,2.41907
379,2022-01-26-23:22:12,3,5,2.13207
380,2022-01-26-23:22:14,5,1,1.89337
381,2022-01-26-23:22:16,1,3,2.23651
382,2022-01-26-23:22:19,3,5,2.19640
383,2022-01-26-23:22:20,5,2,1.54883
384,2022-01-26-23:22:22,2,4,1.77953
385,2022-01-26-23:22:24,4,3,2.10521
386,2022-01-26-23:22:26,3,1,2.22248
387,2022-01-26-23:22:28,1,5,1.94565
388,2022-01-26-23:22:30,5,1,1.92050
389,2022-01-26-23:22:34,1,6,3.51005
390,2022-01-26-23:22:37,6,5,3.09524
391,2022-01-26-23:22:40,5,6,3.07548
392,2022-01-26-23:22:43,6,3,3.60248
393,2022-01-26-23:22:46,3,5,2.20871
394,2022-01-26-23:22:47,5,2,1.50297
395,2022-01-26-23:22:49,2,5,1.54150
396,2022-01-26-23:22:51,5,0,1.85655
397,2022-01-26-23:22:52,0,2,1.71972
398,2022-01-26-23:22:54,2,4,1.80011
399,2022-01-26-23:22:56,4,7,1.85278
400,2022-01-26-23:22:59,7,5,2.59823
401,2022-01-26-23:23:01,5,7,2.60795
402,2022-01-26-23:23:05,7,6,3.99978
403,2022-01-26-23:23:09,6,7,4.02028
404,2022-01-26-23:23:11,7,4,1.89903
405,2022-01-26-23:23:13,4,3,2.13199
406,2022-01-26-23:23:15,3,1,2.23225
407,2022-01-26-23:23:19,1,6,3.57246
408,2022-01-26-23:23:22,6,4,3.41537
409,2022-01-26-23:23:24,4,1,1.36593
410,2022-01-26-23:23:26,1,5,1.92451
411,2022-01-26-23:23:27,5,4,1.72961
412,2022-01-26-23:23:29,4,1,1.31698
413,2022-01-26-23:23:31,1,5,1.93583
414,2022-01-26-23:23:32,5,4,1.76125
415,2022-01-26-23:23:34,4,2,1.76238
416,2022-01-26-23:23:37,2,3,2.57363
417,2022-01-26-23:23:39,3,7,2.09441
418,2022-01-26-23:23:41,7,1,1.69081
419,2022-01-26-23:23:42,1,4,1.32143
420,2022-01-26-23:23:45,4,6,3.46387
421,2022-01-26-23:23:49,6,7,3.96042
422,2022-01-26-23:23:51,7,3,2.13215
423,2022-01-26-23:23:55,3,6,3.65378
424,2022-01-26-23:23:58,6,0,3.42494
425,2022-01-26-23:24:01,0,3,2.39233
426,2022-01-26-23:24:05,3,6,3.66268
427,2022-01-26-23:24:08,6,5,3.13171
428,2022-01-26-23:24:10,5,3,2.14657
429,2022-01-26-23:24:12,3,4,2.10024
430,2022-01-26-23:24:14,4,3,2.12701
431,2022-01-26-23:24:16,3,4,2.05598
432,2022-01-26-23:24:18,4,7,1.85786
433,2022-01-26-23:24:20,7,1,1.66461
434,2022-01-26-23:24:23,1,6,3.55249
435,2022-01-26-23:24:27,6,7,3.96678
436,2022-01-26-23:24:29,7,4,1.84433
437,2022-01-26-23:24:31,4,2,1.84388
438,2022-01-26-23:24:33,2,3,2.58074
439,2022-01-26-23:24:35,3,4,2.03874
440,2022-01-26-23:24:37,4,0,1.52739
441,2022-01-26-23:24:39,0,7,1.93170
442,2022-01-26-23:24:41,7,2,2.56880
443,2022-01-26-23:24:43,2,4,1.79406
444,2022-01-26-23:24:45,4,1,1.29625
445,2022-01-26-23:24:47,1,5,1.94137
446,2022-01-26-23:24:48,5,0,1.87659
447,2022-01-26-23:24:50,0,2,1.72017
448,2022-01-26-23:24:53,2,3,2.55945
449,2022-01-26-23:24:55,3,2,2.59267
450,2022-01-26-23:24:58,2,3,2.60654
451,2022-01-26-23:25:00,3,1,2.31112
452,2022-01-26-23:25:02,1,3,2.19165
453,2022-01-26-23:25:06,3,6,3.64828
454,2022-01-26-23:25:09,6,5,3.11223
455,2022-01-26-23:25:12,5,7,2.53508
456,2022-01-26-23:25:14,7,3,2.13948
457,2022-01-26-23:25:17,3,6,3.65366
458,2022-01-26-23:25:22,6,7,4.04078
459,2022-01-26-23:25:23,7,4,1.85538
460,2022-01-26-23:25:25,4,5,1.79297
461,2022-01-26-23:25:27,5,4,1.78933
462,2022-01-26-23:25:29,4,3,2.09949
463,2022-01-26-23:25:33,3,6,3.68055
464,2022-01-26-23:25:36,6,1,3.50062
465,2022-01-26-23:25:37,1,0,1.04790
466,2022-01-26-23:25:39,0,7,2.02511
467,2022-01-26-23:25:41,7,4,1.91299
468,2022-01-26-23:25:43,4,5,1.75053
469,2022-01-26-23:25:46,5,7,2.55799
470,2022-01-26-23:25:48,7,5,2.60089
471,2022-01-26-23:25:50,5,4,1.80393
472,2022-01-26-23:25:52,4,7,1.89570
473,2022-01-26-23:25:54,7,4,1.83781
474,2022-01-26-23:25:56,4,3,2.05269
475,2022-01-26-23:25:58,3,1,2.23911
476,2022-01-26-23:26:02,1,6,3.55549
477,2022-01-26-23:26:06,6,7,3.99662
478,2022-01-26-23:26:08,7,2,2.60498
479,2022-01-26-23:26:10,2,4,1.79933
480,2022-01-26-23:26:12,4,5,1.79944
481,2022-01-26-23:26:14,5,4,1.79219
482,2022-01-26-23:26:15,4,2,1.78767
483,2022-01-26-23:26:18,2,7,2.57784
484,2022-01-26-23:26:20,7,4,1.85627
485,2022-01-26-23:26:22,4,5,1.78487
486,2022-01-26-23:26:24,5,3,2.20356
487,2022-01-26-23:26:26,3,5,2.19202
488,2022-01-26-23:26:28,5,1,1.91140
489,2022-01-26-23:26:29,1,4,1.30195
490,2022-01-26-23:26:31,4,5,1.80765
491,2022-01-26-23:26:32,5,2,1.53362
492,2022-01-26-23:26:34,2,1,2.00661
493,2022-01-26-23:26:36,1,0,1.04089
494,2022-01-26-23:26:37,0,1,1.01830
495,2022-01-26-23:26:39,1,3,2.20392
496,2022-01-26-23:26:41,3,4,2.13129
497,2022-01-26-23:26:43,4,5,1.78764
498,2022-01-26-23:26:45,5,3,2.22829
499,2022-01-26-23:26:49,3,6,3.64329
500,2022-01-26-23:26:52,6,0,3.43836
501,2022-01-26-23:26:54,0,2,1.73072
502,2022-01-26-23:26:55,2,0,1.70711
503,2022-01-26-23:26:57,0,4,1.52206
504,2022-01-26-23:26:59,4,3,2.12621
505,2022-01-26-23:27:02,3,2,2.56209
506,2022-01-26-23:27:03,2,0,1.78795
507,2022-01-26-23:27:04,0,1,0.99259
508,2022-01-26-23:27:07,1,3,2.28486
509,2022-01-26-23:27:09,3,4,2.19553
510,2022-01-26-23:27:10,4,0,1.51855
511,2022-01-26-23:27:14,0,6,3.49118
512,2022-01-26-23:27:17,6,0,3.42244
513,2022-01-26-23:27:18,0,1,1.01763
514,2022-01-26-23:27:21,1,3,2.22176
515,2022-01-26-23:27:23,3,2,2.57011
516,2022-01-26-23:27:25,2,4,1.79881
517,2022-01-26-23:27:27,4,5,1.82272
518,2022-01-26-23:27:29,5,4,1.82270
519,2022-01-26-23:27:32,4,6,3.44049
520,2022-01-26-23:27:36,6,3,3.61654
521,2022-01-26-23:27:38,3,5,2.14503
522,2022-01-26-23:27:40,5,3,2.17955
523,2022-01-26-23:27:42,3,1,2.23355
524,2022-01-26-23:27:43,1,0,1.11579
525,2022-01-26-23:27:44,0,1,1.07681
526,2022-01-26-23:27:47,1,3,2.23733
527,2022-01-26-23:27:49,3,2,2.57929
528,2022-01-26-23:27:51,2,4,1.79745
529,2022-01-26-23:27:53,4,5,1.79389
530,2022-01-26-23:27:55,5,7,2.61096
531,2022-01-26-23:27:57,7,1,1.64637
532,2022-01-26-23:27:59,1,7,1.68707
533,2022-01-26-23:28:01,7,0,1.89508
534,2022-01-26-23:28:03,0,7,1.93317
535,2022-01-26-23:28:05,7,2,2.56298
536,2022-01-26-23:28:08,2,6,3.06719
537,2022-01-26-23:28:12,6,4,3.47362
538,2022-01-26-23:28:15,4,6,3.49656
539,2022-01-26-23:28:19,6,7,3.99063
540,2022-01-26-23:28:22,7,2,2.56546
541,2022-01-26-23:28:24,2,1,1.98557
542,2022-01-26-23:28:25,1,7,1.69637
543,2022-01-26-23:28:27,7,4,1.90276
544,2022-01-26-23:28:29,4,7,1.92356
545,2022-01-26-23:28:31,7,1,1.65570
546,2022-01-26-23:28:34,1,6,3.50395
547,2022-01-26-23:28:38,6,1,3.55295
548,2022-01-26-23:28:40,1,2,1.95295
549,2022-01-26-23:28:42,2,7,2.59982
550,2022-01-26-23:28:45,7,3,2.10316
551,2022-01-26-23:28:47,3,2,2.59460
552,2022-01-26-23:28:49,2,0,1.71621
553,2022-01-26-23:28:51,0,3,2.38184
554,2022-01-26-23:28:54,3,2,2.53219
555,2022-01-26-23:28:55,2,5,1.53239
556,2022-01-26-23:28:57,5,2,1.52457
557,2022-01-26-23:29:00,2,7,2.63782
558,2022-01-26-23:29:01,7,4,1.91956
559,2022-01-26-23:29:03,4,0,1.54206
560,2022-01-26-23:29:05,0,4,1.53397
561,2022-01-26-23:29:06,4,5,1.80060
562,2022-01-26-23:29:08,5,3,2.13666
563,2022-01-26-23:29:11,3,5,2.17838
564,2022-01-26-23:29:13,5,7,2.59738
565,2022-01-26-23:29:16,7,5,2.53449
566,2022-01-26-23:29:18,5,0,1.88954
567,2022-01-26-23:29:20,0,5,1.91506
568,2022-01-26-23:29:21,5,4,1.80506
569,2022-01-26-23:29:23,4,7,1.86415
570,2022-01-26-23:29:25,7,0,1.93013
571,2022-01-26-23:29:27,0,5,1.84808
572,2022-01-26-23:29:29,5,0,1.90685
573,2022-01-26-23:29:30,0,1,1.03408
574,2022-01-26-23:29:33,1,6,3.50308
575,2022-01-26-23:29:37,6,2,3.05161
576,2022-01-26-23:29:39,2,7,2.56491
577,2022-01-26-23:29:43,7,6,3.99062
578,2022-01-26-23:29:46,6,5,3.11203
579,2022-01-26-23:29:48,5,2,1.52146
580,2022-01-26-23:29:49,2,0,1.74461
581,2022-01-26-23:29:51,0,7,1.89925
582,2022-01-26-23:29:55,7,6,3.96961
583,2022-01-26-23:29:59,6,7,4.00830
584,2022-01-26-23:30:01,7,4,1.88466
585,2022-01-26-23:30:03,4,2,1.84533
586,2022-01-26-23:30:05,2,5,1.49607
587,2022-01-26-23:30:07,5,3,2.22794
588,2022-01-26-23:30:09,3,1,2.25416
589,2022-01-26-23:30:10,1,0,1.08338
590,2022-01-26-23:30:12,0,3,2.37493
591,2022-01-26-23:30:15,3,1,2.25090
592,2022-01-26-23:30:17,1,2,1.99256
593,2022-01-26-23:30:19,2,7,2.63158
594,2022-01-26-23:30:21,7,4,1.87579
595,2022-01-26-23:30:25,4,6,3.42608
596,2022-01-26-23:30:28,6,1,3.53048
597,2022-01-26-23:30:30,1,4,1.34078
598,2022-01-26-23:30:31,4,7,1.89244
599,2022-01-26-23:30:35,7,6,3.96537
600,2022-01-26-23:30:39,6,7,4.03957
601,2022-01-26-23:30:42,7,5,2.64038
602,2022-01-26-23:30:44,5,2,1.52797
603,2022-01-26-23:30:45,2,0,1.74303
604,2022-01-26-23:30:47,0,2,1.72897
605,2022-01-26-23:30:50,2,6,3.07825
606,2022-01-26-23:30:54,6,4,3.45571
607,2022-01-26-23:30:57,4,6,3.45488
608,2022-01-26-23:31:00,6,2,3.12177
609,2022-01-26-23:31:02,2,1,2.00103
610,2022-01-26-23:31:04,1,7,1.69250
611,2022-01-26-23:31:06,7,4,1.88589
612,2022-01-26-23:31:07,4,0,1.52682
613,2022-01-26-23:31:09,0,5,1.89568
614,2022-01-26-23:31:12,5,6,3.05294
615,2022-01-26-23:31:16,6,1,3.52895
616,2022-01-26-23:31:18,1,2,1.94588
617,2022-01-26-23:31:19,2,5,1.53658
618,2022-01-26-23:31:21,5,2,1.53381
619,2022-01-26-23:31:23,2,7,2.62227
620,2022-01-26-23:31:26,7,2,2.58184
621,2022-01-26-23:31:29,2,7,2.57045
622,2022-01-26-23:31:30,7,1,1.70901
623,2022-01-26-23:31:32,1,3,2.23120
624,2022-01-26-23:31:35,3,7,2.09164
625,2022-01-26-23:31:37,7,5,2.55299
626,2022-01-26-23:31:40,5,6,3.11815
627,2022-01-26-23:31:44,6,7,4.00892
628,2022-01-26-23:31:47,7,5,2.56739
629,2022-01-26-23:31:49,5,4,1.75126
630,2022-01-26-23:31:52,4,6,3.45550
631,2022-01-26-23:31:55,6,4,3.43608
632,2022-01-26-23:31:57,4,7,1.85307
633,2022-01-26-23:32:01,7,6,3.96518
634,2022-01-26-23:32:05,6,0,3.42389
635,2022-01-26-23:32:06,0,2,1.72437
636,2022-01-26-23:32:09,2,7,2.62858
637,2022-01-26-23:32:11,7,0,1.92618
638,2022-01-26-23:32:12,0,4,1.49332
639,2022-01-26-23:32:14,4,5,1.82454
640,2022-01-26-23:32:17,5,7,2.56116
641,2022-01-26-23:32:19,7,5,2.59666
642,2022-01-26-23:32:21,5,4,1.79749
643,2022-01-26-23:32:25,4,6,3.45354
644,2022-01-26-23:32:28,6,5,3.12887
645,2022-01-26-23:32:30,5,1,1.94575
646,2022-01-26-23:32:32,1,5,1.98789
647,2022-01-26-23:32:34,5,0,1.92407
648,2022-01-26-23:32:35,0,2,1.72380
649,2022-01-26-23:32:38,2,7,2.54913
650,2022-01-26-23:32:40,7,1,1.64140
651,2022-01-26-23:32:42,1,3,2.21606
652,2022-01-26-23:32:44,3,4,2.14801
653,2022-01-26-23:32:45,4,1,1.31296
654,2022-01-26-23:32:48,1,3,2.20706
655,2022-01-26-23:32:50,3,2,2.61166
656,2022-01-26-23:32:52,2,5,1.52603
657,2022-01-26-23:32:55,5,6,3.10502
658,2022-01-26-23:32:58,6,4,3.47662
659,2022-01-26-23:33:02,4,6,3.43815
660,2022-01-26-23:33:05,6,3,3.61823
661,2022-01-26-23:33:07,3,5,2.19476
662,2022-01-26-23:33:09,5,0,1.87571
663,2022-01-26-23:33:12,0,3,2.43715
664,2022-01-26-23:33:14,3,2,2.58823
665,2022-01-26-23:33:17,2,7,2.59825
666,2022-01-26-23:33:19,7,3,2.11990
667,2022-01-26-23:33:21,3,5,2.20206
668,2022-01-26-23:33:24,5,7,2.61203
669,2022-01-26-23:33:28,7,6,4.00040
670,2022-01-26-23:33:31,6,5,3.13966
671,2022-01-26-23:33:34,5,6,3.12614
672,2022-01-26-23:33:38,6,4,3.42668
673,2022-01-26-23:33:40,4,3,2.09717
674,2022-01-26-23:33:42,3,2,2.59486
675,2022-01-26-23:33:44,2,4,1.80372
676,2022-01-26-23:33:48,4,6,3.44165
677,2022-01-26-23:33:51,6,1,3.54271
678,2022-01-26-23:33:53,1,3,2.19026
679,2022-01-26-23:33:56,3,2,2.59026
680,2022-01-26-23:33:58,2,3,2.59240
681,2022-01-26-23:34:01,3,0,2.43364
682,2022-01-26-23:34:02,0,4,1.51656
683,2022-01-26-23:34:06,4,6,3.43946
684,2022-01-26-23:34:10,6,7,3.98482
685,2022-01-26-23:34:12,7,2,2.55698
686,2022-01-26-23:34:14,2,1,1.99951
687,2022-01-26-23:34:16,1,5,1.93530
688,2022-01-26-23:34:19,5,6,3.13836
689,2022-01-26-23:34:23,6,1,3.55716
690,2022-01-26-23:34:24,1,0,1.02127
691,2022-01-26-23:34:26,0,5,1.86384
692,2022-01-26-23:34:28,5,3,2.19908
693,2022-01-26-23:34:30,3,4,2.13568
694,2022-01-26-23:34:32,4,7,1.93440
695,2022-01-26-23:34:34,7,1,1.71740
696,2022-01-26-23:34:36,1,2,1.99631
697,2022-01-26-23:34:38,2,0,1.74648
698,2022-01-26-23:34:40,0,5,1.90192
699,2022-01-26-23:34:41,5,0,1.83651
700,2022-01-26-23:34:45,0,6,3.47535
701,2022-01-26-23:34:48,6,4,3.44843
702,2022-01-26-23:34:50,4,2,1.82218
703,2022-01-26-23:34:53,2,6,3.06323
704,2022-01-26-23:34:57,6,0,3.45754
705,2022-01-26-23:34:58,0,4,1.62484
706,2022-01-26-23:35:02,4,6,3.41775
707,2022-01-26-23:35:05,6,5,3.11678
708,2022-01-26-23:35:07,5,0,1.91827
709,2022-01-26-23:35:08,0,2,1.72061
710,2022-01-26-23:35:10,2,5,1.52558
711,2022-01-26-23:35:12,5,1,1.93935
712,2022-01-26-23:35:14,1,7,1.71951
713,2022-01-26-23:35:16,7,4,1.89088
714,2022-01-26-23:35:17,4,7,1.89576
715,2022-01-26-23:35:20,7,5,2.61020
716,2022-01-26-23:35:22,5,1,1.94456
717,2022-01-26-23:35:24,1,3,2.22754
718,2022-01-26-23:35:27,3,0,2.36659
719,2022-01-26-23:35:29,0,3,2.34913
720,2022-01-26-23:35:31,3,7,2.14577
721,2022-01-26-23:35:33,7,3,2.12856
722,2022-01-26-23:35:35,3,5,2.19080
723,2022-01-26-23:35:37,5,2,1.53563
724,2022-01-26-23:35:38,2,5,1.55464
725,2022-01-26-23:35:40,5,2,1.52395
726,2022-01-26-23:35:43,2,7,2.55364
727,2022-01-26-23:35:45,7,3,2.10764
728,2022-01-26-23:35:47,3,2,2.57865
729,2022-01-26-23:35:50,2,3,2.54855
730,2022-01-26-23:35:52,3,0,2.34889
731,2022-01-26-23:35:54,0,2,1.80722
732,2022-01-26-23:35:55,2,5,1.51793
733,2022-01-26-23:35:58,5,3,2.16071
734,2022-01-26-23:36:00,3,1,2.24910
735,2022-01-26-23:36:03,1,6,3.54316
736,2022-01-26-23:36:07,6,7,4.01329
737,2022-01-26-23:36:10,7,3,2.14773
738,2022-01-26-23:36:12,3,0,2.32330
739,2022-01-26-23:36:14,0,3,2.31151
740,2022-01-26-23:36:18,3,6,3.65020
741,2022-01-26-23:36:21,6,5,3.10871
742,2022-01-26-23:36:23,5,1,1.89734
743,2022-01-26-23:36:24,1,0,1.10020
744,2022-01-26-23:36:26,0,7,1.98342
745,2022-01-26-23:36:28,7,0,1.93133
746,2022-01-26-23:36:29,0,4,1.51923
747,2022-01-26-23:36:31,4,1,1.32758
748,2022-01-26-23:36:33,1,3,2.26169
749,2022-01-26-23:36:37,3,6,3.64977
750,2022-01-26-23:36:41,6,7,3.98621
751,2022-01-26-23:36:43,7,0,1.93436
752,2022-01-26-23:36:44,0,2,1.70064
753,2022-01-26-23:36:46,2,0,1.70461
754,2022-01-26-23:36:48,0,7,1.94233
755,2022-01-26-23:36:50,7,0,1.92967
756,2022-01-26-23:36:52,0,2,1.83244
757,2022-01-26-23:36:55,2,6,3.09731
758,2022-01-26-23:36:58,6,3,3.59408
759,2022-01-26-23:37:01,3,1,2.22894
760,2022-01-26-23:37:02,1,0,1.01818
761,2022-01-26-23:37:03,0,1,1.01693
762,2022-01-26-23:37:05,1,2,1.99110
763,2022-01-26-23:37:08,2,6,3.07593
764,2022-01-26-23:37:11,6,3,3.64670
765,2022-01-26-23:37:13,3,4,2.15801
766,2022-01-26-23:37:15,4,2,1.78985
767,2022-01-26-23:37:18,2,3,2.63897
768,2022-01-26-23:37:20,3,7,2.12932
769,2022-01-26-23:37:22,7,0,1.96786
770,2022-01-26-23:37:24,0,5,1.86038
771,2022-01-26-23:37:25,5,2,1.52893
772,2022-01-26-23:37:28,2,3,2.56909
773,2022-01-26-23:37:30,3,5,2.13221
774,2022-01-26-23:37:32,5,2,1.56144
775,2022-01-26-23:37:34,2,3,2.56753
776,2022-01-26-23:37:37,3,0,2.34906
777,2022-01-26-23:37:39,0,3,2.41039
778,2022-01-26-23:37:42,3,2,2.54521
779,2022-01-26-23:37:44,2,3,2.62089
780,2022-01-26-23:37:46,3,5,2.22599
781,2022-01-26-23:37:48,5,0,1.89743
782,2022-01-26-23:37:50,0,4,1.60019
783,2022-01-26-23:37:53,4,6,3.47831
784,2022-01-26-23:37:57,6,0,3.43512
785,2022-01-26-23:37:58,0,4,1.51631
786,2022-01-26-23:38:00,4,1,1.28677
787,2022-01-26-23:38:02,1,3,2.22488
788,2022-01-26-23:38:04,3,2,2.65585
789,2022-01-26-23:38:06,2,0,1.72011
790,2022-01-26-23:38:08,0,4,1.59268
791,2022-01-26-23:38:10,4,2,1.78947
792,2022-01-26-23:38:12,2,3,2.60432
793,2022-01-26-23:38:16,3,6,3.63440
794,2022-01-26-23:38:19,6,3,3.64643
795,2022-01-26-23:38:23,3,6,3.65689
796,2022-01-26-23:38:26,6,2,3.08719
797,2022-01-26-23:38:28,2,1,1.96870
798,2022-01-26-23:38:30,1,3,2.23670
799,2022-01-26-23:38:33,3,2,2.56555
800,2022-01-26-23:38:35,2,5,1.55231
801,2022-01-26-23:38:36,5,0,1.90200
802,2022-01-26-23:38:38,0,5,1.86992
803,2022-01-26-23:38:40,5,1,1.92752
804,2022-01-26-23:38:43,1,3,2.27647
805,2022-01-26-23:38:45,3,1,2.24210
806,2022-01-26-23:38:46,1,7,1.65100
807,2022-01-26-23:38:48,7,0,1.89492
808,2022-01-26-23:38:50,0,7,1.98860
809,2022-01-26-23:38:52,7,3,2.12385
810,2022-01-26-23:38:55,3,7,2.12689
811,2022-01-26-23:38:56,7,1,1.71065
812,2022-01-26-23:38:58,1,4,1.32118
813,2022-01-26-23:38:59,4,5,1.79090
814,2022-01-26-23:39:01,5,2,1.51640
815,2022-01-26-23:39:03,2,4,1.82258
816,2022-01-26-23:39:05,4,7,1.86769
817,2022-01-26-23:39:07,7,3,2.13839
818,2022-01-26-23:39:09,3,0,2.33089
819,2022-01-26-23:39:11,0,4,1.58236
820,2022-01-26-23:39:14,4,6,3.51497
821,2022-01-26-23:39:18,6,3,3.66130
822,2022-01-26-23:39:21,3,6,3.60932
823,2022-01-26-23:39:24,6,2,3.06881
824,2022-01-26-23:39:27,2,3,2.54352
825,2022-01-26-23:39:29,3,0,2.44220
826,2022-01-26-23:39:31,0,5,1.92114
827,2022-01-26-23:39:34,5,7,2.64384
828,2022-01-26-23:39:36,7,1,1.67645
829,2022-01-26-23:39:37,1,7,1.71587
830,2022-01-26-23:39:40,7,2,2.59980
831,2022-01-26-23:39:43,2,3,2.57246
832,2022-01-26-23:39:45,3,0,2.30707
833,2022-01-26-23:39:46,0,4,1.52459
834,2022-01-26-23:39:48,4,7,1.90354
835,2022-01-26-23:39:51,7,5,2.62207
836,2022-01-26-23:39:53,5,1,1.94654
837,2022-01-26-23:39:55,1,5,1.92061
838,2022-01-26-23:39:57,5,1,1.96716
839,2022-01-26-23:39:59,1,3,2.29187
840,2022-01-26-23:40:01,3,5,2.19074
841,2022-01-26-23:40:03,5,3,2.15764
842,2022-01-26-23:40:06,3,2,2.60407
843,2022-01-26-23:40:08,2,0,1.72759
844,2022-01-26-23:40:10,0,5,1.89059
845,2022-01-26-23:40:12,5,3,2.19312
846,2022-01-26-23:40:14,3,1,2.23715
847,2022-01-26-23:40:16,1,2,2.01252
848,2022-01-26-23:40:18,2,0,1.72459
849,2022-01-26-23:40:20,0,3,2.37661
850,2022-01-26-23:40:22,3,4,2.15596
851,2022-01-26-23:40:24,4,3,2.13590
852,2022-01-26-23:40:27,3,7,2.10726
853,2022-01-26-23:40:28,7,1,1.68745
854,2022-01-26-23:40:30,1,4,1.30445
855,2022-01-26-23:40:32,4,3,2.15659
856,2022-01-26-23:40:34,3,2,2.59722
857,2022-01-26-23:40:36,2,5,1.55661
858,2022-01-26-23:40:38,5,4,1.82010
859,2022-01-26-23:40:40,4,5,1.81996
860,2022-01-26-23:40:42,5,3,2.24118
861,2022-01-26-23:40:44,3,4,2.06541
862,2022-01-26-23:40:46,4,7,1.90480
863,2022-01-26-23:40:47,7,1,1.62589
864,2022-01-26-23:40:50,1,3,2.25532
865,2022-01-26-23:40:52,3,4,2.17540
866,2022-01-26-23:40:55,4,6,3.44394
867,2022-01-26-23:40:59,6,0,3.44141
868,2022-01-26-23:41:00,0,2,1.69165
869,2022-01-26-23:41:02,2,5,1.56070
870,2022-01-26-23:41:04,5,1,1.93910
871,2022-01-26-23:41:05,1,0,1.08198
872,2022-01-26-23:41:07,0,3,2.38543
873,2022-01-26-23:41:10,3,1,2.23129
874,2022-01-26-23:41:12,1,5,1.96828
875,2022-01-26-23:41:14,5,7,2.54213
876,2022-01-26-23:41:18,7,6,3.95299
877,2022-01-26-23:41:22,6,4,3.44545
878,2022-01-26-23:41:24,4,3,2.09098
879,2022-01-26-23:41:26,3,0,2.39841
880,2022-01-26-23:41:28,0,3,2.36221
881,2022-01-26-23:41:30,3,4,2.09461
882,2022-01-26-23:41:32,4,2,1.83534
883,2022-01-26-23:41:35,2,3,2.60632
884,2022-01-26-23:41:37,3,7,2.14235
885,2022-01-26-23:41:40,7,2,2.60350
886,2022-01-26-23:41:42,2,3,2.60160
887,20