timestamp,date,init_position,final_position,latency
1643876899668313856,2022-02-03-08:28:19,-1,3,4029
1643876903702092032,2022-02-03-08:28:23,-1,4,4033
1643876903903184896,2022-02-03-08:28:23,-1,4,200
1643876904104551936,2022-02-03-08:28:24,-1,4,200
1643876904306713088,2022-02-03-08:28:24,-1,4,201
1643876906524564992,2022-02-03-08:28:26,-1,6,2217
1643876911958834944,2022-02-03-08:28:31,-1,2,5433
1643876917401232896,2022-02-03-08:28:37,-1,6,5441
1643876920629164032,2022-02-03-08:28:40,-1,0,3227
1643876926675318016,2022-02-03-08:28:46,-1,3,6045
1643876926876486912,2022-02-03-08:28:46,-1,3,200
1643876930507558144,2022-02-03-08:28:50,-1,1,3630
1643876936150612992,2022-02-03-08:28:56,-1,7,5642
1643876941182646016,2022-02-03-08:29:01,-1,3,5031
1643876946225178880,2022-02-03-08:29:06,-1,7,5042
1643876949060750848,2022-02-03-08:29:09,-1,9,2835
1643876953085138944,2022-02-03-08:29:13,-1,2,4024
1643876955098704128,2022-02-03-08:29:15,-1,8,2013
1643876955299735040,2022-02-03-08:29:15,-1,8,200
1643876958929337856,2022-02-03-08:29:18,-1,6,3629
1643876961952930816,2022-02-03-08:29:21,-1,0,3023
1643876966788242944,2022-02-03-08:29:26,-1,4,4833
1643876969006850048,2022-02-03-08:29:29,-1,6,2218
1643876974449059072,2022-02-03-08:29:34,-1,2,5441
1643876974651515904,2022-02-03-08:29:34,-1,2,201
1643876981711219968,2022-02-03-08:29:41,-1,3,7059
1643876988774785024,2022-02-03-08:29:48,-1,2,7063
1643876993005040896,2022-02-03-08:29:53,-1,7,4229
1643876998243709184,2022-02-03-08:29:58,-1,3,5238
1643877002078897920,2022-02-03-08:30:02,-1,4,3834
1643877004304739840,2022-02-03-08:30:04,-1,6,2225
1643877007331665152,2022-02-03-08:30:07,-1,9,3026
1643877011359357952,2022-02-03-08:30:11,-1,2,4026
1643877017595240960,2022-02-03-08:30:17,-1,0,6235
1643877023430862848,2022-02-03-08:30:23,-1,9,5835
1643877031885780992,2022-02-03-08:30:31,-1,8,8454
1643877036531516160,2022-02-03-08:30:36,-1,7,4645
1643877039957650944,2022-02-03-08:30:39,-1,5,3425
1643877049036658176,2022-02-03-08:30:49,-1,2,9078
1643877053060828928,2022-02-03-08:30:53,-1,1,4023
1643877056479684096,2022-02-03-08:30:56,-1,3,3418
1643877060309060096,2022-02-03-08:31:00,-1,4,3829
1643877063327808000,2022-02-03-08:31:03,-1,0,3018
1643877065744816128,2022-02-03-08:31:05,-1,6,2416
1643877070775613952,2022-02-03-08:31:10,-1,7,5030
1643877075013088000,2022-02-03-08:31:15,-1,0,4236
1643877081261507072,2022-02-03-08:31:21,-1,8,6248
1643877082875715072,2022-02-03-08:31:22,-1,4,1613
1643877085101944832,2022-02-03-08:31:25,-1,9,2225
1643877092349947904,2022-02-03-08:31:32,-1,4,7247
1643877095568068096,2022-02-03-08:31:35,-1,7,3217
1643877098792873984,2022-02-03-08:31:38,-1,4,3224
1643877101211397888,2022-02-03-08:31:41,-1,6,2417
1643877103422915072,2022-02-03-08:31:43,-1,4,2211
1643877106442579968,2022-02-03-08:31:46,-1,0,3019
1643877108857736960,2022-02-03-08:31:48,-1,1,2414
1643877112879949056,2022-02-03-08:31:52,-1,2,4021
1643877116101442048,2022-02-03-08:31:56,-1,4,3221
1643877120122395136,2022-02-03-08:32:00,-1,3,4020
1643877121940992000,2022-02-03-08:32:01,-1,5,1818
1643877125768153856,2022-02-03-08:32:05,-1,6,3826
1643877131196742144,2022-02-03-08:32:11,-1,4,5428
1643877135032040960,2022-02-03-08:32:15,-1,3,3834
1643877136844801792,2022-02-03-08:32:16,-1,5,1812
1643877141696039936,2022-02-03-08:32:21,-1,9,4850
1643877144522607104,2022-02-03-08:32:24,-1,7,2826
1643877149563963904,2022-02-03-08:32:29,-1,6,5040
1643877156616822016,2022-02-03-08:32:36,-1,8,7052
1643877168917988096,2022-02-03-08:32:48,-1,2,12300
1643877172952390912,2022-02-03-08:32:52,-1,1,4034
1643877175579003136,2022-02-03-08:32:55,-1,0,2626
1643877177991632896,2022-02-03-08:32:57,-1,1,2412
1643877180411396096,2022-02-03-08:33:00,-1,0,2419
1643877182838016000,2022-02-03-08:33:02,-1,6,2426
1643877187670973184,2022-02-03-08:33:07,-1,9,4832
1643877191089176064,2022-02-03-08:33:11,-1,1,3417
1643877192700254976,2022-02-03-08:33:12,-1,6,1610
1643877197336174080,2022-02-03-08:33:17,-1,9,4635
1643877200161187840,2022-02-03-08:33:20,-1,7,2824
1643877205596267008,2022-02-03-08:33:25,-1,1,5434
1643877207209579008,2022-02-03-08:33:27,-1,6,1611
1643877212654340096,2022-02-03-08:33:32,-1,2,5444
1643877216680322048,2022-02-03-08:33:36,-1,1,4025
1643877219297602048,2022-02-03-08:33:39,-1,0,2616
1643877225943480064,2022-02-03-08:33:45,-1,5,6645
1643877230779046144,2022-02-03-08:33:50,-1,9,4835
1643877234410202880,2022-02-03-08:33:54,-1,1,3630
1643877234611502848,2022-02-03-08:33:54,-1,1,200
1643877238047749120,2022-02-03-08:33:58,-1,3,3435
1643877240873867008,2022-02-03-08:34:00,-1,0,2825
1643877244102240000,2022-02-03-08:34:04,-1,4,3227
1643877247321490944,2022-02-03-08:34:07,-1,7,3218
1643877250551849984,2022-02-03-08:34:10,-1,4,3229
1643877253781012992,2022-02-03-08:34:13,-1,0,3228
1643877253982350080,2022-02-03-08:34:13,-1,0,201
1643877256397356032,2022-02-03-08:34:16,-1,1,2414
1643877258013769984,2022-02-03-08:34:18,-1,6,1616
1643877262660068864,2022-02-03-08:34:22,-1,9,4645
1643877264272353024,2022-02-03-08:34:24,-1,5,1611
1643877268503570944,2022-02-03-08:34:28,-1,1,4230
1643877272542077952,2022-02-03-08:34:32,-1,2,4038
1643877275762119936,2022-02-03-08:34:35,-1,4,3219
1643877278183917056,2022-02-03-08:34:38,-1,1,2421
1643877278386728960,2022-02-03-08:34:38,-1,1,202
1643877280803851008,2022-02-03-08:34:40,-1,4,2416
1643877289872601088,2022-02-03-08:34:49,-1,8,9068
1643877302168801024,2022-02-03-08:35:02,-1,2,12295
1643877304188420096,2022-02-03-08:35:04,-1,8,2019
1643877304391119104,2022-02-03-08:35:04,-1,8,202
1643877306011464960,2022-02-03-08:35:06,-1,4,1619
1643877309231952896,2022-02-03-08:35:09,-1,2,3220
1643877313255512832,2022-02-03-08:35:13,-1,1,4023
1643877314863835136,2022-02-03-08:35:14,-1,6,1607
1643877321925880832,2022-02-03-08:35:21,-1,8,7061
1643877322127566080,2022-02-03-08:35:22,-1,8,201
1643877334406867968,2022-02-03-08:35:34,-1,2,12278
1643877337640242944,2022-02-03-08:35:37,-1,4,3233
1643877340862240000,2022-02-03-08:35:40,-1,0,3221
1643877343679919104,2022-02-03-08:35:43,-1,3,2817
1643877350716381952,2022-02-03-08:35:50,-1,2,7035
1643877354744237824,2022-02-03-08:35:54,-1,1,4027
1643877357357316096,2022-02-03-08:35:57,-1,0,2612
1643877363195909120,2022-02-03-08:36:03,-1,9,5838
1643877366417452032,2022-02-03-08:36:06,-1,3,3221
1643877370250534144,2022-02-03-08:36:10,-1,4,3832
1643877373076976896,2022-02-03-08:36:13,-1,5,2826
1643877375292797952,2022-02-03-08:36:15,-1,4,2215
1643877377509506816,2022-02-03-08:36:17,-1,5,2216
1643877377710884096,2022-02-03-08:36:17,-1,5,201
1643877379928129792,2022-02-03-08:36:19,-1,4,2216
1643877382952300032,2022-02-03-08:36:22,-1,0,3023
1643877386172316928,2022-02-03-08:36:26,-1,6,3219
1643877386375809792,2022-02-03-08:36:26,-1,6,203
1643877391411709184,2022-02-03-08:36:31,-1,7,5035
1643877396444376832,2022-02-03-08:36:36,-1,3,5032
1643877400278697984,2022-02-03-08:36:40,-1,4,3833
1643877409356013056,2022-02-03-08:36:49,-1,8,9077
1643877413986968064,2022-02-03-08:36:53,-1,7,4630
1643877418424257024,2022-02-03-08:36:58,-1,0,4436
1643877422051964928,2022-02-03-08:37:02,-1,3,3627
1643877425470467072,2022-02-03-08:37:05,-1,1,3418
1643877430907931136,2022-02-03-08:37:10,-1,7,5437
1643877434125879040,2022-02-03-08:37:14,-1,4,3217
1643877438165203200,2022-02-03-08:37:18,-1,3,4038
1643877445210278912,2022-02-03-08:37:25,-1,2,7043
1643877448431639808,2022-02-03-08:37:28,-1,4,3221
1643877451657729024,2022-02-03-08:37:31,-1,7,3225
1643877456696715008,2022-02-03-08:37:36,-1,6,5038
1643877462139460096,2022-02-03-08:37:42,-1,2,5442
1643877469185328896,2022-02-03-08:37:49,-1,3,7045
1643877472217166848,2022-02-03-08:37:52,-1,6,3031
1643877475244525824,2022-02-03-08:37:55,-1,0,3026
1643877481081444096,2022-02-03-08:38:01,-1,9,5836
1643877483494820096,2022-02-03-08:38:03,-1,0,2413
1643877485916985088,2022-02-03-08:38:05,-1,6,2421
1643877487729132800,2022-02-03-08:38:07,-1,1,1811
1643877491145828096,2022-02-03-08:38:11,-1,9,3416
1643877494167341056,2022-02-03-08:38:14,-1,6,3020
1643877499604201984,2022-02-03-08:38:19,-1,2,5436
1643877505035727872,2022-02-03-08:38:25,-1,5,5431
1643877512088505088,2022-02-03-08:38:32,-1,8,7052
1643877512289666816,2022-02-03-08:38:32,-1,8,200
1643877516109294848,2022-02-03-08:38:36,-1,6,3819
1643877516310808832,2022-02-03-08:38:36,-1,6,201
1643877523366703104,2022-02-03-08:38:43,-1,7,7055
1643877526209543936,2022-02-03-08:38:46,-1,9,2842
1643877527823456000,2022-02-03-08:38:47,-1,5,1613
1643877531661164032,2022-02-03-08:38:51,-1,6,3837
1643877536705229056,2022-02-03-08:38:56,-1,7,5043
1643877540123820032,2022-02-03-08:39:00,-1,5,3418
1643877545569596928,2022-02-03-08:39:05,-1,2,5445
1643877551016360960,2022-02-03-08:39:11,-1,5,5446
1643877555857779968,2022-02-03-08:39:15,-1,3,4840
1643877560891501056,2022-02-03-08:39:20,-1,7,5033
1643877561094811904,2022-02-03-08:39:21,-1,7,202
1643877563916353024,2022-02-03-08:39:23,-1,9,2821
1643877567546448896,2022-02-03-08:39:27,-1,1,3629
1643877570164398080,2022-02-03-08:39:30,-1,0,2617
1643877576025489920,2022-02-03-08:39:36,-1,9,5860
1643877578856382976,2022-02-03-08:39:38,-1,7,2830
1643877581688098816,2022-02-03-08:39:41,-1,9,2831
1643877590156534016,2022-02-03-08:39:50,-1,8,8468
1643877592769708032,2022-02-03-08:39:52,-1,9,2612
1643877596195458048,2022-02-03-08:39:56,-1,1,3425
1643877596398857216,2022-02-03-08:39:56,-1,1,201
1643877598011225088,2022-02-03-08:39:58,-1,6,1612
1643877605099700992,2022-02-03-08:40:05,-1,7,7087
1643877610601612032,2022-02-03-08:40:10,-1,1,5501
1643877614048643072,2022-02-03-08:40:14,-1,9,3446
1643877618083581952,2022-02-03-08:40:18,-1,2,4034
1643877618284632832,2022-02-03-08:40:18,-1,2,200
1643877621529062144,2022-02-03-08:40:21,-1,4,3243
1643877623950483200,2022-02-03-08:40:23,-1,1,2421
1643877626584781056,2022-02-03-08:40:26,-1,0,2633
1643877626787224064,2022-02-03-08:40:26,-1,0,201
1643877626989068032,2022-02-03-08:40:26,-1,0,201
1643877629405076992,2022-02-03-08:40:29,-1,1,2415
1643877631017093888,2022-02-03-08:40:31,-1,6,1611
1643877637691155968,2022-02-03-08:40:37,-1,7,6673
1643877637896760064,2022-02-03-08:40:37,-1,7,205
1643877641142464000,2022-02-03-08:40:41,-1,4,3245
1643877644379431936,2022-02-03-08:40:44,-1,7,3236
1643877649847214848,2022-02-03-08:40:49,-1,1,5467
1643877658338275072,2022-02-03-08:40:58,-1,8,8490
1643877662381204992,2022-02-03-08:41:02,-1,4,4042
1643877664800096000,2022-02-03-08:41:04,-1,1,2418
1643877668234839808,2022-02-03-08:41:08,-1,3,3434
1643877671656627968,2022-02-03-08:41:11,-1,1,3421
1643877677103249152,2022-02-03-08:41:17,-1,7,5446
1643877682156348928,2022-02-03-08:41:22,-1,3,5052
1643877684978672896,2022-02-03-08:41:24,-1,0,2821
1643877687605811968,2022-02-03-08:41:27,-1,1,2626
1643877690227900928,2022-02-03-08:41:30,-1,0,2621
1643877696068013056,2022-02-03-08:41:36,-1,9,5839
1643877697888695040,2022-02-03-08:41:37,-1,4,1820
1643877701114113024,2022-02-03-08:41:41,-1,7,3225
1643877704537987072,2022-02-03-08:41:44,-1,5,3423
1643877706751897088,2022-02-03-08:41:46,-1,4,2213
1643877709979124992,2022-02-03-08:41:49,-1,7,3226
1643877713406842880,2022-02-03-08:41:53,-1,5,3427
1643877716227160064,2022-02-03-08:41:56,-1,0,2819
1643877719452946944,2022-02-03-08:41:59,-1,9,3225
1643877722677334016,2022-02-03-08:42:02,-1,3,3224
1643877725699054848,2022-02-03-08:42:05,-1,6,3021
1643877728119476992,2022-02-03-08:42:08,-1,4,2420
1643877729932297984,2022-02-03-08:42:09,-1,9,1812
1643877733357399040,2022-02-03-08:42:13,-1,1,3424
1643877735976972032,2022-02-03-08:42:15,-1,0,2619
1643877736178803968,2022-02-03-08:42:16,-1,0,200
1643877741015898880,2022-02-03-08:42:21,-1,4,4836
1643877750090902016,2022-02-03-08:42:30,-1,8,9074
1643877751705037056,2022-02-03-08:42:31,-1,4,1613
1643877753927683072,2022-02-03-08:42:33,-1,9,2222
1643877757361726976,2022-02-03-08:42:37,-1,1,3433
1643877760790714112,2022-02-03-08:42:40,-1,9,3428
1643877764219041024,2022-02-03-08:42:44,-1,1,3427
1643877766229186048,2022-02-03-08:42:46,-1,8,2009
1643877768243948032,2022-02-03-08:42:48,-1,1,2013
1643877773488977920,2022-02-03-08:42:53,-1,5,5244
1643877777317840128,2022-02-03-08:42:57,-1,6,3828
1643877782344499968,2022-02-03-08:43:02,-1,9,5026
1643877784155262976,2022-02-03-08:43:04,-1,4,1810
1643877793244066048,2022-02-03-08:43:13,-1,8,9088
1643877797474832896,2022-02-03-08:43:17,-1,0,4230
1643877801704911104,2022-02-03-08:43:21,-1,8,4229
1643877807745834240,2022-02-03-08:43:27,-1,5,6040
1643877807946996992,2022-02-03-08:43:27,-1,5,200
1643877812983702784,2022-02-03-08:43:32,-1,9,5036
1643877816208361984,2022-02-03-08:43:36,-1,3,3224
1643877819429317120,2022-02-03-08:43:39,-1,6,3220
1643877823256365056,2022-02-03-08:43:43,-1,5,3826
1643877824867721984,2022-02-03-08:43:44,-1,3,1611
1643877828503712000,2022-02-03-08:43:48,-1,1,3635
1643877830923791872,2022-02-03-08:43:50,-1,4,2419
1643877834356659968,2022-02-03-08:43:54,-1,2,3432
1643877839792169984,2022-02-03-08:43:59,-1,6,5435
1643877842009940992,2022-02-03-08:44:02,-1,4,2217
1643877845229719040,2022-02-03-08:44:05,-1,0,3219
1643877847644265984,2022-02-03-08:44:07,-1,6,2414
1643877850665591040,2022-02-03-08:44:10,-1,9,3020
1643877853689485056,2022-02-03-08:44:13,-1,6,3023
1643877859144357888,2022-02-03-08:44:19,-1,2,5454
1643877866392694016,2022-02-03-08:44:26,-1,3,7247
1643877869620094976,2022-02-03-08:44:29,-1,9,3227
1643877871635494912,2022-02-03-08:44:31,-1,4,2015
1643877874856983808,2022-02-03-08:44:34,-1,7,3221
1643877879285225984,2022-02-03-08:44:39,-1,0,4427
1643877885332710912,2022-02-03-08:44:45,-1,8,6046
1643877885534769920,2022-02-03-08:44:45,-1,8,201
1643877897827096832,2022-02-03-08:44:57,-1,2,12291
1643877905086627840,2022-02-03-08:45:05,-1,3,7259
1643877908117598976,2022-02-03-08:45:08,-1,6,3030
1643877911147640064,2022-02-03-08:45:11,-1,9,3029
1643877914162944000,2022-02-03-08:45:14,-1,7,3014
1643877918600745984,2022-02-03-08:45:18,-1,0,4437
1643877921219831040,2022-02-03-08:45:21,-1,1,2618
1643877929487744000,2022-02-03-08:45:29,-1,8,8267
1643877933519083008,2022-02-03-08:45:33,-1,4,4031
1643877935340392192,2022-02-03-08:45:35,-1,9,1820
1643877942585779968,2022-02-03-08:45:42,-1,4,7245
1643877951648119808,2022-02-03-08:45:51,-1,8,9062
1643877963941811200,2022-02-03-08:46:03,-1,2,12293
1643877967969480960,2022-02-03-08:46:07,-1,9,4027
1643877969788834048,2022-02-03-08:46:09,-1,4,1818
1643877973020313088,2022-02-03-08:46:13,-1,0,3231
1643877975437905920,2022-02-03-08:46:15,-1,1,2416
1643877978053140992,2022-02-03-08:46:18,-1,0,2614
1643877982889672960,2022-02-03-08:46:22,-1,4,4836
1643877985114192896,2022-02-03-08:46:25,-1,9,2224
1643877985315196928,2022-02-03-08:46:25,-1,9,200
1643877985519136000,2022-02-03-08:46:25,-1,9,203
1643877987341363968,2022-02-03-08:46:27,-1,4,1821
1643877990563944192,2022-02-03-08:46:30,-1,7,3222
1643877990765291008,2022-02-03-08:46:30,-1,7,201
1643877995408801024,2022-02-03-08:46:35,-1,8,4643
1643877998030109952,2022-02-03-08:46:38,-1,9,2620
1643878006482850048,2022-02-03-08:46:46,-1,8,8452
1643878011110512128,2022-02-03-08:46:51,-1,7,4627
1643878016145929216,2022-02-03-08:46:56,-1,3,5034
1643878019766480896,2022-02-03-08:46:59,-1,1,3620
1643878022183361024,2022-02-03-08:47:02,-1,4,2416
1643878025607595008,2022-02-03-08:47:05,-1,2,3423
1643878029832480000,2022-02-03-08:47:09,-1,7,4224
1643878035261660160,2022-02-03-08:47:15,-1,1,5428
1643878039296622080,2022-02-03-08:47:19,-1,2,4034
1643878043725660160,2022-02-03-08:47:23,-1,7,4428
1643878048359257088,2022-02-03-08:47:28,-1,0,4633
1643878048560252928,2022-02-03-08:47:28,-1,0,200
1643878048761614080,2022-02-03-08:47:28,-1,0,201
1643878048962878976,2022-02-03-08:47:28,-1,0,200
1643878049164295936,2022-02-03-08:47:29,-1,0,201
1643878053611484928,2022-02-03-08:47:33,-1,7,4446
1643878057839534080,2022-02-03-08:47:37,-1,2,4227
1643878061875183104,2022-02-03-08:47:41,-1,1,4035
1643878064290705920,2022-02-03-08:47:44,-1,4,2415
1643878068323088896,2022-02-03-08:47:48,-1,3,4031
1643878071137207040,2022-02-03-08:47:51,-1,0,2813
1643878071338469888,2022-02-03-08:47:51,-1,0,200
1643878077986768896,2022-02-03-08:47:57,-1,2,6647
1643878081214301184,2022-02-03-08:48:01,-1,4,3227
1643878083631657984,2022-02-03-08:48:0