--- Start
Calibration finished !

Learning mode activated? 
False
iteration,date,init_position,final_position,time
0,2022-01-03-10:02:25,-1,7,2.680170
1,2022-01-03-10:02:28,7,5,2.672498
2,2022-01-03-10:02:31,5,6,3.105453
3,2022-01-03-10:02:35,6,7,4.161600
4,2022-01-03-10:02:38,7,2,2.839337
5,2022-01-03-10:02:40,2,5,1.482920
6,2022-01-03-10:02:42,5,7,2.616945
7,2022-01-03-10:02:45,7,6,2.571340
8,2022-01-03-10:02:48,6,4,3.249529
9,2022-01-03-10:02:52,4,1,3.789174
10,2022-01-03-10:02:54,1,3,2.309481
11,2022-01-03-10:02:57,3,7,3.246968
12,2022-01-03-10:03:00,7,0,3.067571
13,2022-01-03-10:03:02,0,2,1.698851
14,2022-01-03-10:03:05,2,7,2.592350
15,2022-01-03-10:03:08,7,3,3.201429
16,2022-01-03-10:03:10,3,1,2.272425
17,2022-01-03-10:03:12,1,2,1.944467
18,2022-01-03-10:03:15,2,7,2.562558
19,2022-01-03-10:03:17,7,2,2.634901
20,2022-01-03-10:03:20,2,3,2.863515
21,2022-01-03-10:03:22,3,5,2.137974
22,2022-01-03-10:03:25,5,6,2.731126
23,2022-01-03-10:03:27,6,3,1.985634
24,2022-01-03-10:03:29,3,0,2.344191
25,2022-01-03-10:03:31,0,4,1.551804
26,2022-01-03-10:03:32,4,0,1.494019
27,2022-01-03-10:03:33,0,1,1.014759
28,2022-01-03-10:03:35,1,5,1.892694
29,2022-01-03-10:03:39,5,2,3.701191
30,2022-01-03-10:03:43,2,5,3.706957
31,2022-01-03-10:03:45,5,1,2.055020
32,2022-01-03-10:03:46,1,0,1.024117
33,2022-01-03-10:03:48,0,5,1.880825
34,2022-01-03-10:03:51,5,6,3.107093
35,2022-01-03-10:03:54,6,1,3.549879
36,2022-01-03-10:03:55,1,0,1.042446
37,2022-01-03-10:03:57,0,5,1.848695
38,2022-01-03-10:03:59,5,2,1.529884
39,2022-01-03-10:04:01,2,1,1.992803
40,2022-01-03-10:04:03,1,5,1.928532
41,2022-01-03-10:04:06,5,4,3.622797
42,2022-01-03-10:04:08,4,3,2.087410
43,2022-01-03-10:04:12,3,1,3.555540
44,2022-01-03-10:04:14,1,5,2.184336
45,2022-01-03-10:04:17,5,4,3.246075
46,2022-01-03-10:04:20,4,3,2.132786
47,2022-01-03-10:04:23,3,1,3.535163
48,2022-01-03-10:04:25,1,7,1.650783
49,2022-01-03-10:04:29,7,6,3.964237
50,2022-01-03-10:04:32,6,5,3.126020
51,2022-01-03-10:04:34,5,7,2.562939
52,2022-01-03-10:04:38,7,4,3.215506
53,2022-01-03-10:04:41,4,2,3.177477
54,2022-01-03-10:04:43,2,0,1.718462
55,2022-01-03-10:04:44,0,4,1.517503
56,2022-01-03-10:04:46,4,3,2.119263
57,2022-01-03-10:04:49,3,7,3.326156
58,2022-01-03-10:04:52,7,6,2.573424
59,2022-01-03-10:04:56,6,0,3.619647
60,2022-01-03-10:04:58,0,7,1.932013
61,2022-01-03-10:05:00,7,0,1.927156
62,2022-01-03-10:05:01,0,5,1.959363
63,2022-01-03-10:05:03,5,2,1.504522
64,2022-01-03-10:05:05,2,5,1.572997
65,2022-01-03-10:05:07,5,7,2.652614
66,2022-01-03-10:05:11,7,4,3.281761
67,2022-01-03-10:05:14,4,6,3.733954
68,2022-01-03-10:05:17,6,0,2.870013
69,2022-01-03-10:05:19,0,5,2.190988
70,2022-01-03-10:05:21,5,0,2.022405
71,2022-01-03-10:05:24,0,3,2.496581
72,2022-01-03-10:05:27,3,2,2.746098
73,2022-01-03-10:05:28,2,0,1.682811
74,2022-01-03-10:05:30,0,5,1.981860
75,2022-01-03-10:05:32,5,0,1.935081
76,2022-01-03-10:05:34,0,2,1.757961
77,2022-01-03-10:05:36,2,0,1.678273
78,2022-01-03-10:05:38,0,5,1.959516
79,2022-01-03-10:05:39,5,2,1.518969
80,2022-01-03-10:05:41,2,0,1.724672
81,2022-01-03-10:05:42,0,1,1.029443
82,2022-01-03-10:05:43,1,4,1.318404
83,2022-01-03-10:05:45,4,0,1.482370
84,2022-01-03-10:05:47,0,5,2.027119
85,2022-01-03-10:05:49,5,4,1.836510
86,2022-01-03-10:05:50,4,1,1.313061
87,2022-01-03-10:05:52,1,2,1.954121
88,2022-01-03-10:05:54,2,1,1.958760
89,2022-01-03-10:05:56,1,2,1.987752
90,2022-01-03-10:05:59,2,3,3.036107
91,2022-01-03-10:06:02,3,1,3.464536
92,2022-01-03-10:06:04,1,2,1.924588
93,2022-01-03-10:06:06,2,4,1.771829
94,2022-01-03-10:06:08,4,7,1.858297
95,2022-01-03-10:06:11,7,5,2.795082
96,2022-01-03-10:06:13,5,3,2.227384
97,2022-01-03-10:06:15,3,0,2.435865
98,2022-01-03-10:06:16,0,1,1.020612
99,2022-01-03-10:06:18,1,5,1.998285
100,2022-01-03-10:06:21,5,3,3.043704
101,2022-01-03-10:06:25,3,6,3.502826
102,2022-01-03-10:06:27,6,7,2.691319
103,2022-01-03-10:06:30,7,2,2.650349
104,2022-01-03-10:06:32,2,5,1.553539
105,2022-01-03-10:06:34,5,0,2.120605
106,2022-01-03-10:06:36,0,2,1.690587
107,2022-01-03-10:06:38,2,7,2.553994
108,2022-01-03-10:06:41,7,2,2.669741
109,2022-01-03-10:06:43,2,7,2.536011
110,2022-01-03-10:06:47,7,3,3.233453
111,2022-01-03-10:06:48,3,6,1.955064
112,2022-01-03-10:06:50,6,3,1.998831
113,2022-01-03-10:06:53,3,0,2.664397
114,2022-01-03-10:06:55,0,4,1.571955
115,2022-01-03-10:06:56,4,1,1.316017
116,2022-01-03-10:06:58,1,7,1.721928
117,2022-01-03-10:07:01,7,5,2.842734
118,2022-01-03-10:07:04,5,4,3.341254
119,2022-01-03-10:07:08,4,7,4.045422
120,2022-01-03-10:07:12,7,4,3.929114
121,2022-01-03-10:07:15,4,7,3.239793
122,2022-01-03-10:07:18,7,5,2.546495
123,2022-01-03-10:07:20,5,1,2.049512
124,2022-01-03-10:07:22,1,2,1.972540
125,2022-01-03-10:07:25,2,6,3.153157
126,2022-01-03-10:07:28,6,0,3.550408
127,2022-01-03-10:07:30,0,7,1.915654
128,2022-01-03-10:07:32,7,0,1.939715
129,2022-01-03-10:07:34,0,5,1.954008
130,2022-01-03-10:07:36,5,4,1.962626
131,2022-01-03-10:07:38,4,3,2.046853
132,2022-01-03-10:07:41,3,4,2.323522
133,2022-01-03-10:07:42,4,2,1.836348
134,2022-01-03-10:07:44,2,0,1.820322
135,2022-01-03-10:07:46,0,5,1.922535
136,2022-01-03-10:07:49,5,7,2.543913
137,2022-01-03-10:07:52,7,3,3.195971
138,2022-01-03-10:07:54,3,6,2.050854
139,2022-01-03-10:07:56,6,3,2.013467
140,2022-01-03-10:07:59,3,2,2.601259
141,2022-01-03-10:08:02,2,6,3.152879
142,2022-01-03-10:08:06,6,7,4.158488
143,2022-01-03-10:08:08,7,0,1.980143
144,2022-01-03-10:08:11,0,6,3.500541
145,2022-01-03-10:08:14,6,2,3.154124
146,2022-01-03-10:08:18,2,6,3.058626
147,2022-01-03-10:08:21,6,2,3.000264
148,2022-01-03-10:08:23,2,7,2.630806
149,2022-01-03-10:08:26,7,2,2.560821
150,2022-01-03-10:08:28,2,1,2.051475
151,2022-01-03-10:08:29,1,0,1.014766
152,2022-01-03-10:08:30,0,1,1.037129
153,2022-01-03-10:08:31,1,0,1.016202
154,2022-01-03-10:08:34,0,6,3.475625
155,2022-01-03-10:08:38,6,0,3.507023
156,2022-01-03-10:08:39,0,1,1.027718
157,2022-01-03-10:08:41,1,6,2.630575
158,2022-01-03-10:08:44,6,0,2.739334
159,2022-01-03-10:08:46,0,5,1.899169
160,2022-01-03-10:08:50,5,2,3.646596
161,2022-01-03-10:08:54,2,1,4.206098
162,2022-01-03-10:08:55,1,4,1.357582
163,2022-01-03-10:08:57,4,1,1.266840
164,2022-01-03-10:08:59,1,3,2.232839
165,2022-01-03-10:09:01,3,4,2.088409
166,2022-01-03-10:09:03,4,5,1.792061
167,2022-01-03-10:09:07,5,2,3.855973
168,2022-01-03-10:09:08,2,4,1.829375
169,2022-01-03-10:09:12,4,5,3.326182
170,2022-01-03-10:09:15,5,2,3.610375
171,2022-01-03-10:09:18,2,6,3.122145
172,2022-01-03-10:09:22,6,0,3.404132
173,2022-01-03-10:09:24,0,3,2.369120
174,2022-01-03-10:09:27,3,2,2.634545
175,2022-01-03-10:09:29,2,1,2.014636
176,2022-01-03-10:09:31,1,5,1.916771
177,2022-01-03-10:09:34,5,6,3.157666
178,2022-01-03-10:09:38,6,3,3.740217
179,2022-01-03-10:09:40,3,2,2.774246
180,2022-01-03-10:09:43,2,7,2.617846
181,2022-01-03-10:09:46,7,5,2.762377
182,2022-01-03-10:09:48,5,4,1.785837
183,2022-01-03-10:09:49,4,5,1.805112
184,2022-01-03-10:09:53,5,4,3.209304
185,2022-01-03-10:09:56,4,6,3.350804
186,2022-01-03-10:09:59,6,5,3.450085
187,2022-01-03-10:10:01,5,4,1.767507
188,2022-01-03-10:10:03,4,2,1.909408
189,2022-01-03-10:10:05,2,1,1.977581
190,2022-01-03-10:10:06,1,4,1.329625
191,2022-01-03-10:10:08,4,2,1.871531
192,2022-01-03-10:10:11,2,3,2.660871
193,2022-01-03-10:10:13,3,1,2.346918
194,2022-01-03-10:10:15,1,7,1.724181
195,2022-01-03-10:10:17,7,1,1.687106
196,2022-01-03-10:10:18,1,7,1.749593
197,2022-01-03-10:10:23,7,4,4.239542
198,2022-01-03-10:10:26,4,7,3.268725
199,2022-01-03-10:10:30,7,1,3.495248
200,2022-01-03-10:10:31,1,2,1.929346
201,2022-01-03-10:10:34,2,7,2.589412
202,2022-01-03-10:10:37,7,5,2.753516
203,2022-01-03-10:10:39,5,0,1.951984
204,2022-01-03-10:10:40,0,2,1.758916
205,2022-01-03-10:10:42,2,0,1.749422
206,2022-01-03-10:10:44,0,2,1.752954
207,2022-01-03-10:10:46,2,0,1.751071
208,2022-01-03-10:10:49,0,3,3.363907
209,2022-01-03-10:10:52,3,5,3.074671
210,2022-01-03-10:10:55,5,4,3.251667
211,2022-01-03-10:10:59,4,5,3.214970
212,2022-01-03-10:11:01,5,1,1.968828
213,2022-01-03-10:11:03,1,5,1.966731
214,2022-01-03-10:11:04,5,4,1.793557
215,2022-01-03-10:11:06,4,3,2.024473
216,2022-01-03-10:11:10,3,7,3.274916
217,2022-01-03-10:11:13,7,3,3.353332
218,2022-01-03-10:11:15,3,5,2.398293
219,2022-01-03-10:11:19,5,6,3.299046
220,2022-01-03-10:11:23,6,3,3.797733
221,2022-01-03-10:11:25,3,1,2.352553
222,2022-01-03-10:11:27,1,2,1.956980
223,2022-01-03-10:11:29,2,1,2.004386
224,2022-01-03-10:11:31,1,3,2.255559
225,2022-01-03-10:11:34,3,0,2.457316
226,2022-01-03-10:11:37,0,6,3.539099
227,2022-01-03-10:11:40,6,5,3.123418
228,2022-01-03-10:11:42,5,0,1.948744
229,2022-01-03-10:11:43,0,1,1.050984
230,2022-01-03-10:11:45,1,7,1.681188
231,2022-01-03-10:11:48,7,6,2.630570
232,2022-01-03-10:11:50,6,5,2.732861
233,2022-01-03-10:11:53,5,6,2.668098
234,2022-01-03-10:11:56,6,1,2.680194
235,2022-01-03-10:11:58,1,2,2.004072
236,2022-01-03-10:12:00,2,3,2.685927
237,2022-01-03-10:12:05,3,2,4.260124
238,2022-01-03-10:12:09,2,1,4.154019
239,2022-01-03-10:12:11,1,6,2.702675
240,2022-01-03-10:12:14,6,1,2.665307
241,2022-01-03-10:12:15,1,4,1.314234
242,2022-01-03-10:12:19,4,6,3.501285
243,2022-01-03-10:12:23,6,1,3.636869
244,2022-01-03-10:12:25,1,2,1.995380
245,2022-01-03-10:12:27,2,3,2.643921
246,2022-01-03-10:12:31,3,2,4.200500
247,2022-01-03-10:12:35,2,7,3.147602
248,2022-01-03-10:12:38,7,1,3.329377
249,2022-01-03-10:12:39,1,0,1.031079
250,2022-01-03-10:12:40,0,4,1.488953
251,2022-01-03-10:12:42,4,0,1.520661
252,2022-01-03-10:12:45,0,6,3.440038
253,2022-01-03-10:12:49,6,7,4.117232
254,2022-01-03-10:12:51,7,4,1.882662
255,2022-01-03-10:12:53,4,0,1.519561
256,2022-01-03-10:12:54,0,1,1.032121
257,2022-01-03-10:12:57,1,6,2.696411
258,2022-01-03-10:12:59,6,5,2.725360
259,2022-01-03-10:13:02,5,3,2.795301
260,2022-01-03-10:13:05,3,7,3.248329
261,2022-01-03-10:13:08,7,0,3.063464
262,2022-01-03-10:13:10,0,5,1.859709
263,2022-01-03-10:13:13,5,6,3.164976
264,2022-01-03-10:13:17,6,0,3.474887
265,2022-01-03-10:13:19,0,5,1.904715
266,2022-01-03-10:13:22,5,4,3.317915
267,2022-01-03-10:13:25,4,5,3.352923
268,2022-01-03-10:13:27,5,1,1.998499
269,2022-01-03-10:13:29,1,7,1.713213
270,2022-01-03-10:13:31,7,0,1.997134
271,2022-01-03-10:13:33,0,4,1.524806
272,2022-01-03-10:13:35,4,3,2.138185
273,2022-01-03-10:13:39,3,2,4.290072
274,2022-01-03-10:13:43,2,1,4.313035
275,2022-01-03-10:13:46,1,5,2.092700
276,2022-01-03-10:13:47,5,4,1.796986
277,2022-01-03-10:13:49,4,3,2.057303
278,2022-01-03-10:13:51,3,4,2.081578
279,2022-01-03-10:13:56,4,2,4.124735
280,2022-01-03-10:14:00,2,7,4.474705
281,2022-01-03-10:14:04,7,6,4.058773
282,2022-01-03-10:14:07,6,2,3.146820
283,2022-01-03-10:14:09,2,4,1.846671
284,2022-01-03-10:14:12,4,5,3.343312
285,2022-01-03-10:14:15,5,7,2.563900
286,2022-01-03-10:14:18,7,0,3.083286
287,2022-01-03-10:14:22,0,6,3.510988
288,2022-01-03-10:14:25,6,0,3.442783
289,2022-01-03-10:14:27,0,4,1.529964
290,2022-01-03-10:14:30,4,6,3.417632
291,2022-01-03-10:14:34,6,1,3.633739
292,2022-01-03-10:14:35,1,0,1.064860
293,2022-01-03-10:14:38,0,3,3.380748
294,2022-01-03-10:14:41,3,6,3.259617
295,2022-01-03-10:14:45,6,0,3.560442
296,2022-01-03-10:14:48,0,6,3.401554
297,2022-01-03-10:14:52,6,3,3.191969
298,2022-01-03-10:14:55,3,7,3.781846
299,2022-01-03-10:14:59,7,4,3.981394
300,2022-01-03-10:15:01,4,3,2.160343
301,2022-01-03-10:15:04,3,2,2.636777
302,2022-01-03-10:15:08,2,6,4.086606
303,2022-01-03-10:15:10,6,3,1.975466
304,2022-01-03-10:15:13,3,5,2.482311
305,2022-01-03-10:15:15,5,6,2.730135
306,2022-01-03-10:15:18,6,2,3.051767
307,2022-01-03-10:15:20,2,0,1.724322
308,2022-01-03-10:15:21,0,1,1.040705
309,2022-01-03-10:15:22,1,4,1.286683
310,2022-01-03-10:15:24,4,0,1.487978
311,2022-01-03-10:15:26,0,2,1.713454
312,2022-01-03-10:15:27,2,5,1.526733
313,2022-01-03-10:15:29,5,1,1.934689
314,2022-01-03-10:15:31,1,2,1.981458
315,2022-01-03-10:15:33,2,0,1.740855
316,2022-01-03-10:15:35,0,7,1.898356
317,2022-01-03-10:15:37,7,5,2.620863
318,2022-01-03-10:15:40,5,3,2.207841
319,2022-01-03-10:15:44,3,2,4.194858
320,2022-01-03-10:15:47,2,6,3.067612
321,2022-01-03-10:15:50,6,4,3.144747
322,2022-01-03-10:15:54,4,1,3.721720
323,2022-01-03-10:15:55,1,7,1.652200
324,2022-01-03-10:15:58,7,6,2.653070
325,2022-01-03-10:16:01,6,0,2.796709
326,2022-01-03-10:16:02,0,4,1.573814
327,2022-01-03-10:16:04,4,3,2.062370
328,2022-01-03-10:16:06,3,6,2.005259
329,2022-01-03-10:16:09,6,1,2.803746
330,2022-01-03-10:16:11,1,7,1.688196
331,2022-01-03-10:16:15,7,2,4.455797
332,2022-01-03-10:16:20,2,1,4.132477
333,2022-01-03-10:16:21,1,7,1.729640
334,2022-01-03-10:16:25,7,6,4.057805
335,2022-01-03-10:16:29,6,1,3.533347
336,2022-01-03-10:16:31,1,7,1.633363
337,2022-01-03-10:16:33,7,2,2.558949
338,2022-01-03-10:16:36,2,3,2.701534
339,2022-01-03-10:16:38,3,6,2.002453
340,2022-01-03-10:16:41,6,0,2.851828
341,2022-01-03-10:16:42,0,4,1.527933
342,2022-01-03-10:16:44,4,7,1.863494
343,2022-01-03-10:16:47,7,2,2.567148
344,2022-01-03-10:16:48,2,5,1.520598
345,2022-01-03-10:16:50,5,0,2.009798
346,2022-01-03-10:16:52,0,5,2.109869
347,2022-01-03-10:16:54,5,3,2.234939
348,2022-01-03-10:16:59,3,2,4.437918
349,2022-01-03-10:17:03,2,3,4.243450
350,2022-01-03-10:17:06,3,2,2.731720
351,2022-01-03-10:17:08,2,0,1.733699
352,2022-01-03-10:17:11,0,6,3.560662
353,2022-01-03-10:17:14,6,3,3.098074
354,2022-01-03-10:17:18,3,7,3.743639
355,2022-01-03-10:17:20,7,0,1.936707
356,2022-01-03-10:17:23,0,6,3.540987
357,2022-01-03-10:17:26,6,7,2.610976
358,2022-01-03-10:17:29,7,3,3.254163
359,2022-01-03-10:17:32,3,5,2.238922
360,2022-01-03-10:17:34,5,0,1.916300
361,2022-01-03-10:17:36,0,3,2.437808
362,2022-01-03-10:17:38,3,0,2.436879
363,2022-01-03-10:17:40,0,5,1.999832
364,2022-01-03-10:17:43,5,7,2.562402
365,2022-01-03-10:17:46,7,4,3.130284
366,2022-01-03-10:17:50,4,6,3.425856
367,2022-01-03-10:17:53,6,5,3.198341
368,2022-01-03-10:17:55,5,0,1.924879
369,2022-01-03-10:17:56,0,2,1.732399
370,2022-01-03-10:17:58,2,0,1.705151
371,2022-01-03-10:18:01,0,3,2.475577
372,2022-01-03-10:18:03,3,2,2.641778
373,2022-01-03-10:18:05,2,0,1.681019
374,2022-01-03-10:18:06,0,4,1.559681
375,2022-01-03-10:18:10,4,6,3.403565
376,2022-01-03-10:18:13,6,5,3.118159
377,2022-01-03-10:18:16,5,7,2.580219
378,2022-01-03-10:18:19,7,1,3.196675
379,2022-01-03-10:18:21,1,2,1.960725
380,2022-01-03-10:18:22,2,0,1.760999
381,2022-01-03-10:18:24,0,4,1.591886
382,2022-01-03-10:18:26,4,0,1.509156
383,2022-01-03-10:18:29,0,6,3.463695
384,2022-01-03-10:18:32,6,2,3.104833
385,2022-01-03-10:18:35,2,3,2.681993
386,2022-01-03-10:18:37,3,0,2.363531
387,2022-01-03-10:18:40,0,6,2.953362
388,2022-01-03-10:18:43,6,7,3.319019
389,2022-01-03-10:18:46,7,6,2.566294
390,2022-01-03-10:18:50,6,3,3.497372
391,2022-01-03-10:18:53,3,1,3.529764
392,2022-01-03-10:18:54,1,4,1.287422
393,2022-01-03-10:18:56,4,1,1.349815
394,2022-01-03-10:18:57,1,4,1.303759
395,2022-01-03-10:18:59,4,7,1.853848
396,2022-01-03-10:19:01,7,1,1.694407
397,2022-01-03-10:19:02,1,0,1.100024
398,2022-01-03-10:19:04,0,7,1.932196
399,2022-01-03-10:19:08,7,6,3.952553
400,2022-01-03-10:19:11,6,5,3.055629
401,2022-01-03-10:19:12,5,4,1.861581
402,2022-01-03-10:19:14,4,7,1.960881
403,2022-01-03-10:19:17,7,2,2.637915
404,2022-01-03-10:19:20,2,3,2.557402
405,2022-01-03-10:19:23,3,7,3.216640
406,2022-01-03-10:19:26,7,4,3.054508
407,2022-01-03-10:19:30,4,2,4.181996
408,2022-01-03-10:19:34,2,1,4.334548
409,2022-01-03-10:19:36,1,2,1.980537
410,2022-01-03-10:19:39,2,6,3.053398
411,2022-01-03-10:19:42,6,4,2.641103
412,2022-01-03-10:19:44,4,5,1.743597
413,2022-01-03-10:19:47,5,6,3.099648
414,2022-01-03-10:19:50,6,5,3.156742
415,2022-01-03-10:19:52,5,4,1.787734
416,2022-01-03-10:19:53,4,0,1.500732
417,2022-01-03-10:19:57,0,6,3.606458
418,2022-01-03-10:20:01,6,1,3.568322
419,2022-01-03-10:20:02,1,0,1.032113
420,2022-01-03-10:20:03,0,4,1.523628
421,2022-01-03-10:20:05,4,5,1.730387
422,2022-01-03-10:20:07,5,0,1.845713
423,2022-01-03-10:20:10,0,3,3.369407
424,2022-01-03-10:20:13,3,4,3.400900
425,2022-01-03-10:20:15,4,1,1.318367
426,2022-01-03-10:20:16,1,7,1.677627
427,2022-01-03-10:20:19,7,3,2.197047
428,2022-01-03-10:20:21,3,1,2.264472
429,2022-01-03-10:20:24,1,6,2.643048
430,2022-01-03-10:20:27,6,2,3.035087
431,2022-01-03-10:20:29,2,3,2.529875
432,2022-01-03-10:20:32,3,0,2.555568
433,2022-01-03-10:20:34,0,7,1.922027
434,2022-01-03-10:20:35,7,1,1.673617
435,2022-01-03-10:20:37,1,5,1.938540
436,2022-01-03-10:20:39,5,3,2.234279
437,2022-01-03-10:20:42,3,5,2.165354
438,2022-01-03-10:20:44,5,1,1.996783
439,2022-01-03-10:20:46,1,5,1.942238
440,2022-01-03-10:20:48,5,7,2.549944
441,2022-01-03-10:20:51,7,0,3.104051
442,2022-01-03-10:20:52,0,1,1.057122
443,2022-01-03-10:20:54,1,4,1.327171
444,2022-01-03-10:20:56,4,3,2.052525
445,2022-01-03-10:21:00,3,2,4.377299
446,2022-01-03-10:21:04,2,0,3.897064
447,2022-01-03-10:21:07,0,3,3.325554
448,2022-01-03-10:21:11,3,1,3.431142
449,2022-01-03-10:21:13,1,5,1.969477
450,2022-01-03-10:21:15,5,7,2.609293
451,2022-01-03-10:21:19,7,1,3.319544
452,2022-01-03-10:21:20,1,7,1.658846
453,2022-01-03-10:21:24,7,3,3.823953
454,2022-01-03-10:21:27,3,0,3.268518
455,2022-01-03-10:21:29,0,2,1.728071
456,2022-01-03-10:21:31,2,5,1.591507
457,2022-01-03-10:21:33,5,7,2.635601
458,2022-01-03-10:21:37,7,1,3.461673
459,2022-01-03-10:21:39,1,3,2.236583
460,2022-01-03-10:21:42,3,2,2.748934
461,2022-01-03-10:21:43,2,5,1.533595
462,2022-01-03-10:21:47,5,4,3.293865
463,2022-01-03-10:21:50,4,0,3.854093
464,2022-01-03-10:21:51,0,1,1.019806
465,2022-01-03-10:21:55,1,3,3.470233
466,2022-01-03-10:21:58,3,5,3.105894
467,2022-01-03-10:22:00,5,0,1.920513
468,2022-01-03-10:22:02,0,3,2.475592
469,2022-01-03-10:22:05,3,1,2.259495
470,2022-01-03-10:22:06,1,7,1.747118
471,2022-01-03-10:22:09,7,5,2.711556
472,2022-01-03-10:22:11,5,0,2.037899
473,2022-01-03-10:22:13,0,5,1.875653
474,2022-01-03-10:22:15,5,0,1.898333
475,2022-01-03-10:22:17,0,7,1.933375
476,2022-01-03-10:22:19,7,1,1.721755
477,2022-01-03-10:22:21,1,2,1.966171
478,2022-01-03-10:22:22,2,0,1.720967
479,2022-01-03-10:22:23,0,1,1.021405
480,2022-01-03-10:22:25,1,5,2.030429
481,2022-01-03-10:22:28,5,7,2.537765
482,2022-01-03-10:22:31,7,0,3.111590
483,2022-01-03-10:22:33,0,2,1.750373
484,2022-01-03-10:22:36,2,6,3.140030
485,2022-01-03-10:22:39,6,4,3.503493
486,2022-01-03-10:22:43,4,6,3.457443
487,2022-01-03-10:22:46,6,2,3.154308
488,2022-01-03-10:22:50,2,0,3.938034
489,2022-01-03-10:22:52,0,3,2.535408
490,2022-01-03-10:22:55,3,0,2.429111
491,2022-01-03-10:22:57,0,5,1.932239
492,2022-01-03-10:23:00,5,4,3.395471
493,2022-01-03-10:23:04,4,5,3.327478
494,2022-01-03-10:23:07,5,6,3.094339
495,2022-01-03-10:23:10,6,5,3.132833
496,2022-01-03-10:23:11,5,2,1.590513
497,2022-01-03-10:23:14,2,7,2.559616
498,2022-01-03-10:23:18,7,6,4.051324
499,2022-01-03-10:23:21,6,7,2.614832
500,2022-01-03-10:23:24,7,0,3.149097
501,2022-01-03-10:23:27,0,6,3.547175
502,2022-01-03-10:23:30,6,2,3.213426
503,2022-01-03-10:23:35,2,1,4.138285
504,2022-01-03-10:23:38,1,6,3.508389
505,2022-01-03-10:23:41,6,3,3.234231
506,2022-01-03-10:23:45,3,0,3.243143
507,2022-01-03-10:23:46,0,1,1.086295
508,2022-01-03-10:23:48,1,2,2.067780
509,2022-01-03-10:23:49,2,5,1.490386
510,2022-01-03-10:23:52,5,6,3.135618
511,2022-01-03-10:23:56,6,0,3.500408
512,2022-01-03-10:23:58,0,5,1.959216
513,2022-01-03-10:24:00,5,3,2.237884
514,2022-01-03-10:24:02,3,4,2.059037
515,2022-01-03-10:24:04,4,7,1.900486
516,2022-01-03-10:24:06,7,0,1.938842
517,2022-01-03-10:24:08,0,5,2.066043
518,2022-01-03-10:24:10,5,3,2.201376
519,2022-01-03-10:24:12,3,4,2.119496
520,2022-01-03-10:24:14,4,1,1.294753
521,2022-01-03-10:24:17,1,6,3.618097
522,2022-01-03-10:24:21,6,3,3.700481
523,2022-01-03-10:24:23,3,4,2.145106
524,2022-01-03-10:24:25,4,3,2.096923
525,2022-01-03-10:24:28,3,1,2.311365
526,2022-01-03-10:24:29,1,4,1.326967
527,2022-01-03-10:24:30,4,1,1.340072
528,2022-01-03-10:24:33,1,3,2.328536
529,2022-01-03-10:24:35,3,5,2.287909
530,2022-01-03-10:24:37,5,7,2.599212
531,2022-01-03-10:24:41,7,4,3.635992
532,2022-01-03-10:24:45,4,1,3.848840
533,2022-01-03-10:24:47,1,3,2.225765
534,2022-01-03-10:24:49,3,0,2.335350
535,2022-01-03-10:24:52,0,6,2.801695
536,2022-01-03-10:24:55,6,1,2.636922
537,2022-01-03-10:24:56,1,0,1.091718
538,2022-01-03-10:24:58,0,7,1.931138
539,2022-01-03-10:25:00,7,1,1.688157
540,2022-01-03-10:25:01,1,0,1.083382
541,2022-01-03-10:25:02,0,1,1.045588
542,2022-01-03-10:25:04,1,3,2.357645
543,2022-01-03-10:25:06,3,4,2.249995
544,2022-01-03-10:25:11,4,2,4.266639
545,2022-01-03-10:25:14,2,6,3.096257
546,2022-01-03-10:25:17,6,3,3.238824
547,2022-01-03-10:25:21,3,1,3.630920
548,2022-01-03-10:25:22,1,7,1.691237
549,2022-01-03-10:25:24,7,1,1.663352
550,2022-01-03-10:25:26,1,7,1.699598
551,2022-01-03-10:25:28,7,2,2.609063
552,2022-01-03-10:25:31,2,7,2.524556
553,2022-01-03-10:25:34,7,2,3.004464
554,2022-01-03-10:25:38,2,5,3.830549
555,2022-01-03-10:25:40,5,0,2.109606
556,2022-01-03-10:25:41,0,2,1.721101
557,2022-01-03-10:25:45,2,6,3.124665
558,2022-01-03-10:25:48,6,7,3.339522
559,2022-01-03-10:25:51,7,5,2.798615
560,2022-01-03-10:25:53,5,3,2.352555
561,2022-01-03-10:25:55,3,1,2.321825
562,2022-01-03-10:25:57,1,5,1.965694
563,2022-01-03-10:26:00,5,6,3.137455
564,2022-01-03-10:26:04,6,4,3.520820
565,2022-01-03-10:26:08,4,1,3.767288
566,2022-01-03-10:26:09,1,4,1.349099
567,2022-01-03-10:26:11,4,5,1.775848
568,2022-01-03-10:26:13,5,3,2.241284
569,2022-01-03-10:26:15,3,1,2.328117
570,2022-01-03-10:26:18,1,5,2.098725
571,2022-01-03-10:26:19,5,1,1.921441
572,2022-01-03-10:26:21,1,0,1.046185
573,2022-01-03-10:26:22,0,5,1.892620
574,2022-01-03-10:26:24,5,4,2.055165
575,2022-01-03-10:26:26,4,7,1.921925
576,2022-01-03-10:26:29,7,2,2.680658
577,2022-01-03-10:26:32,2,6,3.152143
578,2022-01-03-10:26:36,6,4,3.602706
579,2022-01-03-10:26:39,4,6,3.410015
580,2022-01-03-10:26:42,6,5,3.188739
581,2022-01-03-10:26:44,5,1,2.005689
582,2022-01-03-10:26:47,1,3,2.338233
583,2022-01-03-10:26:50,3,7,3.314650
584,2022-01-03-10:26:53,7,0,3.041422
585,2022-01-03-10:26:55,0,5,1.971084
586,2022-01-03-10:26:58,5,7,2.598864
587,2022-01-03-10:27:00,7,5,2.643436
588,2022-01-03-10:27:03,5,3,2.298441
589,2022-01-03-10:27:05,3,5,2.227484
590,2022-01-03-10:27:08,5,4,3.337730
591,2022-01-03-10:27:11,4,2,3.230728
592,2022-01-03-10:27:14,2,7,2.646210
593,2022-01-03-10:27:17,7,1,3.315608
594,2022-01-03-10:27:18,1,0,1.086717
595,2022-01-03-10:27:22,0,6,3.538193
596,2022-01-03-10:27:25,6,3,3.102264
597,2022-01-03-10:27:29,3,4,3.442695
598,2022-01-03-10:27:30,4,1,1.327965
599,2022-01-03-10:27:32,1,7,1.727610
600,2022-01-03-10:27:34,7,5,2.590767
601,2022-01-03-10:27:37,5,7,2.593887
602,2022-01-03-10:27:40,7,0,3.063577
603,2022-01-03-10:27:41,0,4,1.546151
604,2022-01-03-10:27:43,4,0,1.485098
605,2022-01-03-10:27:46,0,6,3.468612
606,2022-01-03-10:27:50,6,4,3.552969
607,2022-01-03-10:27:53,4,6,3.551271
608,2022-01-03-10:27:57,6,3,3.781363
609,2022-01-03-10:28:00,3,1,2.252273
610,2022-01-03-10:28:01,1,2,1.945338
611,2022-01-03-10:28:03,2,4,1.809507
612,2022-01-03-10:28:05,4,5,1.765951
613,2022-01-03-10:28:08,5,7,2.580192
614,2022-01-03-10:28:10,7,6,2.636459
615,2022-01-03-10:28:13,6,2,3.171838
616,2022-01-03-10:28:15,2,4,1.805566
617,2022-01-03-10:28:17,4,1,1.327192
618,2022-01-03-10:28:19,1,2,1.990852
619,2022-01-03-10:28:22,2,6,3.303498
620,2022-01-03-10:28:25,6,2,3.444638
621,2022-01-03-10:28:27,2,1,1.984518
622,2022-01-03-10:28:29,1,2,1.935234
623,2022-01-03-10:28:31,2,0,1.820769
624,2022-01-03-10:28:33,0,2,1.738530
625,2022-01-03-10:28:35,2,1,1.948309
626,2022-01-03-10:28:37,1,3,2.393810
627,2022-01-03-10:28:39,3,1,2.320633
628,2022-01-03-10:28:43,1,6,3.649747
629,2022-01-03-10:28:46,6,4,3.232275
630,2022-01-03-10:28:50,4,5,3.244808
631,2022-01-03-10:28:51,5,2,1.547597
632,2022-01-03-10:28:53,2,4,1.786406
633,2022-01-03-10:28:55,4,7,2.006586
634,2022-01-03-10:28:59,7,3,3.866291
635,2022-01-03-10:29:02,3,5,3.157577
636,2022-01-03-10:29:04,5,1,1.918711
637,2022-01-03-10:29:07,1,6,2.705573
638,2022-01-03-10:29:10,6,2,3.141306
639,2022-01-03-10:29:12,2,3,2.540813
640,2022-01-03-10:29:15,3,0,2.519574
641,2022-01-03-10:29:17,0,5,1.900161
642,2022-01-03-10:29:19,5,7,2.649370
643,2022-01-03-10:29:22,7,2,2.537450
644,2022-01-03-10:29:24,2,1,1.967694
645,2022-01-03-10:29:25,1,0,1.028056
646,2022-01-03-10:29:28,0,6,3.448246
647,2022-01-03-10:29:31,6,2,3.178153
648,2022-01-03-10:29:36,2,1,4.167763
649,2022-01-03-10:29:37,1,4,1.320178
650,2022-01-03-10:29:41,4,2,4.006535
651,2022-01-03-10:29:44,2,7,3.033638
652,2022-01-03-10:29:47,7,0,3.118746
653,2022-01-03-10:29:50,0,6,2.826597
654,2022-01-03-10:29:53,6,5,2.698788
655,2022-01-03-10:29:55,5,7,2.597499
656,2022-01-03-10:29:58,7,2,2.699514
657,2022-01-03-10:29:59,2,5,1.522442
658,2022-01-03-10:30:01,5,0,1.959706
659,2022-01-03-10:30:03,0,5,1.935321
660,2022-01-03-10:30:05,5,1,2.026728
661,2022-01-03-10:30:06,1,0,1.081344
662,2022-01-03-10:30:08,0,4,1.595810
663,2022-01-03-10:30:10,4,7,1.881258
664,2022-01-03-10:30:13,7,5,2.725178
665,2022-01-03-10:30:15,5,6,2.717532
666,2022-01-03-10:30:18,6,5,2.729209
667,2022-01-03-10:30:21,5,6,3.138154
668,2022-01-03-10:30:25,6,0,3.496074
669,2022-01-03-10:30:26,0,2,1.721708
670,2022-01-03-10:30:28,2,0,1.731087
671,2022-01-03-10:30:30,0,7,1.946649
672,2022-01-03-10:30:32,7,0,2.094084
673,2022-01-03-10:30:34,0,7,1.945917
674,2022-01-03-10:30:37,7,2,2.591294
675,2022-01-03-10:30:39,2,4,1.804552
676,2022-01-03-10:30:43,4,2,4.209688
677,2022-01-03-10:30:45,2,4,1.825802
678,2022-01-03-10:30:47,4,3,2.145022
679,2022-01-03-10:30:50,3,1,3.515494
680,2022-01-03-10:30:51,1,0,1.088402
681,2022-01-03-10:30:54,0,6,2.840216
682,2022-01-03-10:30:57,6,0,2.844799
683,2022-01-03-10:30:59,0,5,1.890955
684,2022-01-03-10:31:02,5,6,3.074344
685,2022-01-03-10:31:06,6,0,3.555177
686,2022-01-03-10:31:07,0,2,1.698967
687,2022-01-03-10:31:09,2,5,1.524543
688,2022-01-03-10:31:11,5,1,1.923203
689,2022-01-03-10:31:13,1,5,2.031354
690,2022-01-03-10:31:16,5,6,3.146052
691,2022-01-03-10:31:19,6,2,3.065964
692,2022-01-03-10:31:22,2,7,3.093332
693,2022-01-03-10:31:25,7,0,3.108548
694,2022-01-03-10:31:29,0,3,3.405049
695,2022-01-03-10:31:32,3,6,3.097706
696,2022-01-03-10:31:36,6,7,4.077227
697,2022-01-03-10:31:38,7,4,1.929958
698,2022-01-03-10:31:40,4,6,2.636179
699,2022-01-03-10:31:43,6,4,2.657580
700,2022-01-03-10:31:45,4,0,1.514850
701,2022-01-03-10:31:48,0,6,3.594438
702,2022-01-03-10:31:52,6,0,3.441582
703,2022-01-03-10:31:53,0,2,1.720504
704,2022-01-03-10:31:56,2,7,2.627594
705,2022-01-03-10:31:59,7,5,2.635348
706,2022-01-03-10:32:01,5,3,2.363338
707,2022-01-03-10:32:05,3,2,4.234682
708,2022-01-03-10:32:09,2,0,4.107682
709,2022-01-03-10:32:11,0,4,1.534989
710,2022-01-03-10:32:13,4,7,1.927319
711,2022-01-03-10:32:17,7,6,3.994301
712,2022-01-03-10:32:20,6,3,3.447823
713,2022-01-03-10:32:23,3,0,3.312411
714,2022-01-03-10:32:25,0,5,2.002717
715,2022-01-03-10:32:29,5,6,3.143729
716,2022-01-03-10:32:33,6,1,4.167748
717,2022-01-03-10:32:34,1,7,1.625798
718,2022-01-03-10:32:37,7,5,2.612795
719,2022-01-03-10:32:39,5,2,1.617958
720,2022-01-03-10:32:40,2,5,1.513289
721,2022-01-03-10:32:42,5,0,2.023427
722,2022-01-03-10:32:44,0,2,1.833092
723,2022-01-03-10:32:47,2,7,2.609926
724,2022-01-03-10:32:49,7,3,2.155754
725,2022-01-03-10:32:51,3,5,2.341648
726,2022-01-03-10:32:54,5,6,2.703074
727,2022-01-03-10:32:57,6,5,2.735952
728,2022-01-03-10:32:59,5,3,2.221089
729,2022-01-03-10:33:01,3,2,2.616970
730,2022-01-03-10:33:04,2,3,2.737905
731,2022-01-03-10:33:07,3,5,2.398104
732,2022-01-03-10:33:08,5,4,1.786369
733,2022-01-03-10:33:10,4,0,1.584845
734,2022-01-03-10:33:13,0,3,3.401973
735,2022-01-03-10:33:15,3,4,2.119646
736,2022-01-03-10:33:18,4,3,2.132320
737,2022-01-03-10:33:21,3,6,3.142895
738,2022-01-03-10:33:24,6,5,3.147498
739,2022-01-03-10:33:25,5,2,1.547186
740,2022-01-03-10:33:27,2,0,1.730320
741,2022-01-03-10:33:31,0,6,3.512417
742,2022-01-03-10:33:34,6,4,3.531505
743,2022-01-03-10:33:36,4,0,1.485998
744,2022-01-03-10:33:39,0,3,3.369176
745,2022-01-03-10:33:42,3,5,2.946939
746,2022-01-03-10:33:45,5,7,2.568062
747,2022-01-03-10:33:47,7,2,2.743623
748,2022-01-03-10:33:49,2,1,2.013625
749,2022-01-03-10:33:52,1,3,2.510063
750,2022-01-03-10:33:54,3,1,2.459059
751,2022-01-03-10:33:58,1,6,3.537485
752,2022-01-03-10:34:01,6,1,3.668009
753,2022-01-03-10:34:03,1,7,1.712783
754,2022-01-03-10:34:05,7,0,1.931919
755,2022-01-03-10:34:07,0,5,1.835231
756,2022-01-03-10:34:10,5,7,2.609319
757,2022-01-03-10:34:12,7,2,2.633774
758,2022-01-03-10:34:14,2,1,1.961624
759,2022-01-03-10:34:15,1,4,1.322783
760,2022-01-03-10:34:17,4,5,1.793518
761,2022-01-03-10:34:19,5,2,1.636274
762,2022-01-03-10:34:21,2,5,1.611885
763,2022-01-03-10:34:22,5,4,1.819132
764,2022-01-03-10:34:26,4,6,3.405081
765,2022-01-03-10:34:30,6,3,4.002637
766,2022-01-03-10:34:32,3,5,2.326098
767,2022-01-03-10:34:35,5,6,2.707094
768,2022-01-03-10:34:37,6,3,1.994851
769,2022-01-03-10:34:39,3,4,2.064388
770,2022-01-03-10:34:41,4,7,1.851479
771,2022-01-03-10:34:43,7,2,2.603933
772,2022-01-03-10:34:46,2,3,2.738429
773,2022-01-03-10:34:48,3,5,2.464440
774,2022-01-03-10:34:51,5,7,2.599068
775,2022-01-03-10:34:54,7,2,2.596867
776,2022-01-03-10:34:57,2,6,3.063047
777,2022-01-03-10:35:00,6,0,2.843885
778,2022-01-03-10:35:01,0,1,1.123443
779,2022-01-03-10:35:03,1,3,2.290958
780,2022-01-03-10:35:06,3,2,2.665665
781,2022-01-03-10:35:07,2,5,1.545646
782,2022-01-03-10:35:10,5,6,2.731579
783,2022-01-03-10:35:14,6,4,3.664052
784,2022-01-03-10:35:17,4,0,3.628436
785,2022-01-03-10:35:21,0,6,3.537220
786,2022-01-03-10:35:24,6,5,3.235906
787,2022-01-03-10:35:26,5,0,1.933575
788,2022-01-03-10:35:28,0,3,2.425926
789,2022-01-03-10:35:31,3,1,2.397860
790,2022-01-03-10:35:32,1,0,1.058360
791,2022-01-03-10:35:33,0,4,1.485166
792,2022-01-03-10:35:35,4,5,1.715945
793,2022-01-03-10:35:38,5,6,3.097044
794,2022-01-03-10:35:42,6,3,3.625370
795,2022-01-03-10:35:44,3,0,2.550628
796,2022-01-03-10:35:46,0,2,1.753616
797,2022-01-03-10:35:49,2,3,2.562914
798,2022-01-03-10:35:51,3,0,2.344117
799,2022-01-03-10:35:53,0,7,1.972023
800,2022-01-03-10:35:56,7,2,2.588009
801,2022-01-03-10:35:59,2,6,3.136607
802,2022-01-03-10:36:02,6,2,3.235943
803,2022-01-03-10:36:05,2,6,3.148175
804,2022-01-03-10:36:09,6,3,3.743097
805,2022-01-03-10:36:11,3,2,2.611828
806,2022-01-03-10:36:13,2,5,1.534465
807,2022-01-03-10:36:14,5,2,1.521608
808,2022-01-03-10:36:17,2,3,2.704565
809,2022-01-03-10:36:21,3,7,3.365325
810,2022-01-03-10:36:24,7,4,3.494192
811,2022-01-03-10:36:27,4,6,3.125895
812,2022-01-03-10:36:30,6,7,2.697151
813,2022-01-03-10:36:33,7,0,3.044733
814,2022-01-03-10:36:35,0,3,2.477340
815,2022-01-03-10:36:38,3,4,2.166814
816,2022-01-03-10:36:39,4,1,1.279228
817,2022-01-03-10:36:40,1,4,1.323352
818,2022-01-03-10:36:42,4,7,1.924693
819,2022-01-03-10:36:44,7,3,2.317974
820,2022-01-03-10:36:49,3,2,4.281473
821,2022-01-03-10:36:52,2,5,3.652812
822,2022-01-03-10:36:55,5,6,3.052474
