date,init_position,final_position,time
1,2022-01-24-22:35:36,-1,2,2.647086
2,2022-01-24-22:35:38,2,4,1.788296
3,2022-01-24-22:35:40,4,5,1.754108
4,2022-01-24-22:35:42,5,7,2.590404
5,2022-01-24-22:35:45,7,2,2.528348
6,2022-01-24-22:35:47,2,4,1.750905
7,2022-01-24-22:35:49,4,2,1.890376
8,2022-01-24-22:35:50,2,4,1.738524
9,2022-01-24-22:35:54,4,6,3.432909
10,2022-01-24-22:35:58,6,7,4.028539
11,2022-01-24-22:36:00,7,0,2.042724
12,2022-01-24-22:36:01,0,1,1.046539
13,2022-01-24-22:36:02,1,7,1.669518
14,2022-01-24-22:36:04,7,4,1.851149
15,2022-01-24-22:36:06,4,1,1.332342
16,2022-01-24-22:36:07,1,4,1.320031
17,2022-01-24-22:36:09,4,7,1.894481
18,2022-01-24-22:36:11,7,1,1.653630
19,2022-01-24-22:36:13,1,2,1.962185
20,2022-01-24-22:36:14,2,1,1.953720
21,2022-01-24-22:36:16,1,7,1.688013
22,2022-01-24-22:36:18,7,1,1.732368
23,2022-01-24-22:36:20,1,2,1.967203
24,2022-01-24-22:36:22,2,0,1.742835
25,2022-01-24-22:36:23,0,4,1.547444
26,2022-01-24-22:36:25,4,2,1.955756
27,2022-01-24-22:36:27,2,4,1.804513
28,2022-01-24-22:36:29,4,2,1.852816
29,2022-01-24-22:36:31,2,5,2.535152
30,2022-01-24-22:36:34,5,1,2.249444
31,2022-01-24-22:36:36,1,3,2.420921
32,2022-01-24-22:36:40,3,2,4.393346
33,2022-01-24-22:36:45,2,5,4.144540
34,2022-01-24-22:36:47,5,3,2.428591
35,2022-01-24-22:36:50,3,2,2.602837
36,2022-01-24-22:36:52,2,7,2.529327
37,2022-01-24-22:36:55,7,6,2.600452
38,2022-01-24-22:36:58,6,2,3.207745
39,2022-01-24-22:36:59,2,5,1.536855
40,2022-01-24-22:37:03,5,4,3.439278
41,2022-01-24-22:37:07,4,0,3.975178
42,2022-01-24-22:37:08,0,1,1.087937
43,2022-01-24-22:37:10,1,5,2.057229
44,2022-01-24-22:37:12,5,0,1.930235
45,2022-01-24-22:37:14,0,2,1.781097
46,2022-01-24-22:37:16,2,3,2.652820
47,2022-01-24-22:37:19,3,0,2.634249
48,2022-01-24-22:37:21,0,7,1.944893
49,2022-01-24-22:37:24,7,6,2.637406
50,2022-01-24-22:37:27,6,7,3.308443
51,2022-01-24-22:37:29,7,6,2.563004
52,2022-01-24-22:37:33,6,3,3.734622
53,2022-01-24-22:37:35,3,1,2.249677
54,2022-01-24-22:37:39,1,3,3.665926
55,2022-01-24-22:37:42,3,5,3.403677
56,2022-01-24-22:37:45,5,6,2.833716
57,2022-01-24-22:37:48,6,0,2.963344
58,2022-01-24-22:37:49,0,1,1.060504
59,2022-01-24-22:37:53,1,3,3.472866
60,2022-01-24-22:37:57,3,2,3.762936
61,2022-01-24-22:38:00,2,6,3.257557
62,2022-01-24-22:38:04,6,4,4.010753
63,2022-01-24-22:38:07,4,5,3.379716
64,2022-01-24-22:38:10,5,7,2.611439
65,2022-01-24-22:38:13,7,3,3.318338
66,2022-01-24-22:38:15,3,4,2.142407
67,2022-01-24-22:38:17,4,7,1.879770
68,2022-01-24-22:38:21,7,4,4.066178
69,2022-01-24-22:38:25,4,6,3.769129
70,2022-01-24-22:38:27,6,3,2.079237
71,2022-01-24-22:38:32,3,2,4.625555
72,2022-01-24-22:38:34,2,4,1.827302
73,2022-01-24-22:38:37,4,2,3.304960
74,2022-01-24-22:38:40,2,3,3.027760
75,2022-01-24-22:38:43,3,0,3.315084
76,2022-01-24-22:38:45,0,7,1.927037
77,2022-01-24-22:38:47,7,0,2.025516
78,2022-01-24-22:38:48,0,1,1.093419
79,2022-01-24-22:38:50,1,2,1.972958
80,2022-01-24-22:38:52,2,4,1.751815
81,2022-01-24-22:38:53,4,1,1.327887
82,2022-01-24-22:38:54,1,0,1.084935
83,2022-01-24-22:38:57,0,5,2.478692
84,2022-01-24-22:38:59,5,1,2.106656
85,2022-01-24-22:39:02,1,6,2.807244
86,2022-01-24-22:39:05,6,1,2.910982
87,2022-01-24-22:39:06,1,7,1.677785
88,2022-01-24-22:39:08,7,0,1.943934
89,2022-01-24-22:39:12,0,3,3.717078
90,2022-01-24-22:39:15,3,6,3.231369
91,2022-01-24-22:39:18,6,5,3.152246
92,2022-01-24-22:39:21,5,7,2.603065
93,2022-01-24-22:39:24,7,1,3.306602
94,2022-01-24-22:39:27,1,6,2.858448
95,2022-01-24-22:39:30,6,7,2.641010
96,2022-01-24-22:39:32,7,0,2.148106
97,2022-01-24-22:39:34,0,4,1.535599
98,2022-01-24-22:39:37,4,6,3.441312
99,2022-01-24-22:39:40,6,7,2.649232
100,2022-01-24-22:39:43,7,2,3.033159
101,2022-01-24-22:39:46,2,5,3.704502
102,2022-01-24-22:39:48,5,2,1.663095
103,2022-01-24-22:39:51,2,7,2.536824
104,2022-01-24-22:39:54,7,1,3.251844
105,2022-01-24-22:39:56,1,2,2.001832
106,2022-01-24-22:39:59,2,6,3.127944
107,2022-01-24-22:40:02,6,5,3.350724
108,2022-01-24-22:40:06,5,4,3.316943
109,2022-01-24-22:40:09,4,6,3.248413
110,2022-01-24-22:40:13,6,7,4.034643
111,2022-01-24-22:40:15,7,3,2.342143
112,2022-01-24-22:40:17,3,4,2.216615
113,2022-01-24-22:40:19,4,0,1.541317
114,2022-01-24-22:40:21,0,5,1.930724
115,2022-01-24-22:40:23,5,0,2.032961
116,2022-01-24-22:40:25,0,2,1.731615
117,2022-01-24-22:40:28,2,3,3.329456
118,2022-01-24-22:40:32,3,1,3.655164
119,2022-01-24-22:40:34,1,5,2.044562
120,2022-01-24-22:40:36,5,7,2.646209
121,2022-01-24-22:40:39,7,4,3.158753
122,2022-01-24-22:40:41,4,2,1.920702
123,2022-01-24-22:40:46,2,7,4.393735
124,2022-01-24-22:40:48,7,2,2.611654
125,2022-01-24-22:40:50,2,5,1.498692
126,2022-01-24-22:40:52,5,7,2.572205
127,2022-01-24-22:40:56,7,4,3.179438
128,2022-01-24-22:40:59,4,5,3.629530
129,2022-01-24-22:41:02,5,3,2.239663
130,2022-01-24-22:41:04,3,1,2.264309
131,2022-01-24-22:41:06,1,6,2.658776
132,2022-01-24-22:41:09,6,0,2.807571
133,2022-01-24-22:41:11,0,4,1.525014
134,2022-01-24-22:41:13,4,2,1.808381
135,2022-01-24-22:41:16,2,6,3.127145
136,2022-01-24-22:41:20,6,4,4.031159
137,2022-01-24-22:41:23,4,5,3.441822
138,2022-01-24-22:41:25,5,1,2.122304
139,2022-01-24-22:41:26,1,0,1.083233
140,2022-01-24-22:41:29,0,5,2.449706
141,2022-01-24-22:41:31,5,3,2.287367
142,2022-01-24-22:41:34,3,1,2.456698
143,2022-01-24-22:41:36,1,2,1.977959
144,2022-01-24-22:41:37,2,0,1.708915
145,2022-01-24-22:41:40,0,3,2.385905
146,2022-01-24-22:41:42,3,1,2.413946
147,2022-01-24-22:41:46,1,6,3.637633
148,2022-01-24-22:41:49,6,2,3.163632
149,2022-01-24-22:41:50,2,5,1.528567
150,2022-01-24-22:41:53,5,0,2.243301
151,2022-01-24-22:41:55,0,5,2.126653
152,2022-01-24-22:41:58,5,3,3.316633
153,2022-01-24-22:42:01,3,5,2.998619
154,2022-01-24-22:42:03,5,1,1.993733
155,2022-01-24-22:42:07,1,6,3.610729
156,2022-01-24-22:42:10,6,2,3.255424
157,2022-01-24-22:42:11,2,5,1.521839
158,2022-01-24-22:42:13,5,0,1.948186
159,2022-01-24-22:42:16,0,5,2.088389
160,2022-01-24-22:42:19,5,3,3.052779
161,2022-01-24-22:42:22,3,6,3.435759
162,2022-01-24-22:42:25,6,0,2.993070
163,2022-01-24-22:42:29,0,6,3.768702
164,2022-01-24-22:42:32,6,2,3.217426
165,2022-01-24-22:42:36,2,7,4.482430
166,2022-01-24-22:42:38,7,1,1.712131
167,2022-01-24-22:42:40,1,4,1.341513
168,2022-01-24-22:42:41,4,7,1.907477
169,2022-01-24-22:42:44,7,5,2.683364
170,2022-01-24-22:42:47,5,7,2.591018
171,2022-01-24-22:42:49,7,2,2.616661
172,2022-01-24-22:42:51,2,4,1.786793
173,2022-01-24-22:42:53,4,0,1.537857
174,2022-01-24-22:42:55,0,3,2.518994
175,2022-01-24-22:42:57,3,7,2.128040
176,2022-01-24-22:42:59,7,1,1.667374
177,2022-01-24-22:43:03,1,6,3.649046
178,2022-01-24-22:43:06,6,4,3.473497
179,2022-01-24-22:43:07,4,1,1.354849
180,2022-01-24-22:43:09,1,5,1.947817
181,2022-01-24-22:43:12,5,1,2.417029
182,2022-01-24-22:43:14,1,2,2.023245
183,2022-01-24-22:43:16,2,7,2.612151
184,2022-01-24-22:43:18,7,4,1.901724
185,2022-01-24-22:43:20,4,7,1.900869
186,2022-01-24-22:43:22,7,1,1.704946
187,2022-01-24-22:43:24,1,2,2.009256
188,2022-01-24-22:43:26,2,0,1.813922
189,2022-01-24-22:43:28,0,7,1.982638
190,2022-01-24-22:43:30,7,4,1.953168
191,2022-01-24-22:43:31,4,1,1.320177
192,2022-01-24-22:43:32,1,4,1.412801
193,2022-01-24-22:43:34,4,5,1.800589
194,2022-01-24-22:43:36,5,2,1.606955
195,2022-01-24-22:43:39,2,3,2.716534
196,2022-01-24-22:43:41,3,6,2.102068
197,2022-01-24-22:43:44,6,2,3.154728
198,2022-01-24-22:43:46,2,0,1.751349
199,2022-01-24-22:43:48,0,3,2.601018
200,2022-01-24-22:43:51,3,0,2.360728
201,2022-01-24-22:43:53,0,7,1.959293
202,2022-01-24-22:43:54,7,4,1.936737
203,2022-01-24-22:43:56,4,1,1.336174
204,2022-01-24-22:43:58,1,7,1.745811
205,2022-01-24-22:44:00,7,5,2.812872
206,2022-01-24-22:44:02,5,2,1.672718
207,2022-01-24-22:44:04,2,0,1.737846
208,2022-01-24-22:44:06,0,2,1.769971
209,2022-01-24-22:44:09,2,6,3.244360
210,2022-01-24-22:44:13,6,2,4.274701
211,2022-01-24-22:44:17,2,3,4.282608
212,2022-01-24-22:44:22,3,2,4.246719
213,2022-01-24-22:44:25,2,7,3.076543
214,2022-01-24-22:44:28,7,2,3.135682
215,2022-01-24-22:44:32,2,1,4.187827
216,2022-01-24-22:44:34,1,5,2.186011
217,2022-01-24-22:44:37,5,3,2.561837
218,2022-01-24-22:44:39,3,0,2.412686
219,2022-01-24-22:44:40,0,1,1.115678
220,2022-01-24-22:44:44,1,6,3.684924
221,2022-01-24-22:44:47,6,4,3.260843
222,2022-01-24-22:44:49,4,2,1.845957
223,2022-01-24-22:44:53,2,1,4.219014
224,2022-01-24-22:44:55,1,5,1.954424
225,2022-01-24-22:44:57,5,1,1.958262
226,2022-01-24-22:44:58,1,0,1.092208
227,2022-01-24-22:45:01,0,3,2.447253
228,2022-01-24-22:45:03,3,2,2.659597
229,2022-01-24-22:45:05,2,1,1.991819
230,2022-01-24-22:45:06,1,0,1.070877
231,2022-01-24-22:45:08,0,2,1.744326
232,2022-01-24-22:45:10,2,5,1.555844
233,2022-01-24-22:45:13,5,3,3.066598
234,2022-01-24-22:45:16,3,6,3.488421
235,2022-01-24-22:45:19,6,5,3.108751
236,2022-01-24-22:45:23,5,4,3.519269
237,2022-01-24-22:45:25,4,2,1.870535
238,2022-01-24-22:45:29,2,3,4.380527
239,2022-01-24-22:45:33,3,4,3.943516
240,2022-01-24-22:45:37,4,0,4.056167
241,2022-01-24-22:45:38,0,1,1.079268
242,2022-01-24-22:45:40,1,7,1.726428
243,2022-01-24-22:45:43,7,6,2.766357
244,2022-01-24-22:45:46,6,5,2.828527
245,2022-01-24-22:45:48,5,1,1.918318
246,2022-01-24-22:45:49,1,7,1.705904
247,2022-01-24-22:45:52,7,5,2.646857
248,2022-01-24-22:45:55,5,3,3.174840
249,2022-01-24-22:45:58,3,2,3.147625
250,2022-01-24-22:46:02,2,0,3.983560
251,2022-01-24-22:46:04,0,7,2.015305
252,2022-01-24-22:46:07,7,0,2.410980
253,2022-01-24-22:46:09,0,3,2.500725
254,2022-01-24-22:46:11,3,5,2.297230
255,2022-01-24-22:46:13,5,2,1.659647
256,2022-01-24-22:46:16,2,7,2.691136
257,2022-01-24-22:46:18,7,2,2.651390
258,2022-01-24-22:46:20,2,1,2.048083
259,2022-01-24-22:46:22,1,4,1.326662
260,2022-01-24-22:46:24,4,2,1.951945
261,2022-01-24-22:46:26,2,1,1.976135
262,2022-01-24-22:46:28,1,2,2.008635
263,2022-01-24-22:46:29,2,0,1.744258
264,2022-01-24-22:46:31,0,1,1.191819
265,2022-01-24-22:46:32,1,4,1.361603
266,2022-01-24-22:46:35,4,6,2.649199
267,2022-01-24-22:46:38,6,2,3.245294
268,2022-01-24-22:46:41,2,3,3.150676
269,2022-01-24-22:46:45,3,1,3.686179
270,2022-01-24-22:46:47,1,6,2.655111
271,2022-01-24-22:46:50,6,5,2.853825
272,2022-01-24-22:46:52,5,1,1.989614
273,2022-01-24-22:46:56,1,6,3.607080
274,2022-01-24-22:46:59,6,2,3.163287
275,2022-01-24-22:47:02,2,6,3.120153
276,2022-01-24-22:47:06,6,7,4.055642
277,2022-01-24-22:47:09,7,6,2.663396
278,2022-01-24-22:47:11,6,3,2.055349
279,2022-01-24-22:47:13,3,4,2.255107
280,2022-01-24-22:47:15,4,3,2.107606
281,2022-01-24-22:47:19,3,7,3.371569
282,2022-01-24-22:47:21,7,6,2.618808
283,2022-01-24-22:47:25,6,5,3.756744
284,2022-01-24-22:47:28,5,6,3.140681
285,2022-01-24-22:47:32,6,5,3.487758
286,2022-01-24-22:47:35,5,3,3.038250
287,2022-01-24-22:47:38,3,0,3.360171
288,2022-01-24-22:47:42,0,3,3.473129
289,2022-01-24-22:47:45,3,0,3.306736
290,2022-01-24-22:47:48,0,3,3.425736
291,2022-01-24-22:47:52,3,0,3.348614
292,2022-01-24-22:47:53,0,4,1.566629
293,2022-01-24-22:47:55,4,3,2.101142
294,2022-01-24-22:47:58,3,1,2.860245
295,2022-01-24-22:48:00,1,7,1.766360
296,2022-01-24-22:48:03,7,6,2.616767
297,2022-01-24-22:48:05,6,3,2.036682
298,2022-01-24-22:48:09,3,4,3.970184
299,2022-01-24-22:48:12,4,2,3.506399
300,2022-01-24-22:48:15,2,7,2.637574
301,2022-01-24-22:48:17,7,3,2.164040
302,2022-01-24-22:48:21,3,2,4.413859
303,2022-01-24-22:48:26,2,7,4.381125
304,2022-01-24-22:48:28,7,3,2.518390
305,2022-01-24-22:48:32,3,2,4.341102
306,2022-01-24-22:48:34,2,4,1.828474
307,2022-01-24-22:48:38,4,6,3.265913
308,2022-01-24-22:48:41,6,2,3.385751
309,2022-01-24-22:48:46,2,5,4.567659
310,2022-01-24-22:48:48,5,4,2.250783
311,2022-01-24-22:48:50,4,7,1.959976
312,2022-01-24-22:48:54,7,2,4.507646
313,2022-01-24-22:48:56,2,4,1.811028
314,2022-01-24-22:48:59,4,7,3.172342
315,2022-01-24-22:49:03,7,1,3.584328
316,2022-01-24-22:49:05,1,7,1.703881
317,2022-01-24-22:49:07,7,6,2.704304
318,2022-01-24-22:49:10,6,1,2.875436
319,2022-01-24-22:49:14,1,6,3.637789
320,2022-01-24-22:49:18,6,7,4.056738
321,2022-01-24-22:49:21,7,5,2.734865
322,2022-01-24-22:49:23,5,6,2.790204
323,2022-01-24-22:49:26,6,0,3.116225
324,2022-01-24-22:49:28,0,2,1.750810
325,2022-01-24-22:49:30,2,4,1.794653
326,2022-01-24-22:49:32,4,0,1.538018
327,2022-01-24-22:49:35,0,3,3.823834
328,2022-01-24-22:49:38,3,2,2.643631
329,2022-01-24-22:49:41,2,7,3.160810
330,2022-01-24-22:49:44,7,4,3.188772
331,2022-01-24-22:49:46,4,0,1.610008
332,2022-01-24-22:49:48,0,5,2.111785
333,2022-01-24-22:49:51,5,7,2.638159
334,2022-01-24-22:49:54,7,0,3.101716
335,2022-01-24-22:49:56,0,5,1.984576
336,2022-01-24-22:49:58,5,0,1.981984
337,2022-01-24-22:50:00,0,3,2.549117
338,2022-01-24-22:50:03,3,1,2.350247
339,2022-01-24-22:50:05,1,6,2.775706
340,2022-01-24-22:50:08,6,0,2.941340
341,2022-01-24-22:50:11,0,5,2.152842
342,2022-01-24-22:50:14,5,6,3.258141
343,2022-01-24-22:50:18,6,1,3.879099
344,2022-01-24-22:50:19,1,0,1.170263
345,2022-01-24-22:50:21,0,2,1.762806
346,2022-01-24-22:50:22,2,0,1.782075
347,2022-01-24-22:50:24,0,2,1.767566
348,2022-01-24-22:50:26,2,0,1.816891
349,2022-01-24-22:50:29,0,6,2.873057
350,2022-01-24-22:50:32,6,0,3.374772
351,2022-01-24-22:50:34,0,7,1.951305
352,2022-01-24-22:50:37,7,2,2.613427
353,2022-01-24-22:50:39,2,0,1.770031
354,2022-01-24-22:50:40,0,1,1.079088
355,2022-01-24-22:50:41,1,0,1.102108
356,2022-01-24-22:50:43,0,7,2.006463
357,2022-01-24-22:50:46,7,5,2.994491
358,2022-01-24-22:50:48,5,3,2.652240
359,2022-01-24-22:50:52,3,7,3.279351
360,2022-01-24-22:50:55,7,3,3.346089
361,2022-01-24-22:50:57,3,4,2.084916
362,2022-01-24-22:51:01,4,2,4.167937
363,2022-01-24-22:51:05,2,5,3.722436
364,2022-01-24-22:51:07,5,0,2.360235
365,2022-01-24-22:51:09,0,7,1.972914
366,2022-01-24-22:51:14,7,6,4.130572
367,2022-01-24-22:51:17,6,4,3.544115
368,2022-01-24-22:51:19,4,0,1.554831
369,2022-01-24-22:51:20,0,2,1.826079
370,2022-01-24-22:51:22,2,0,1.739033
371,2022-01-24-22:51:25,0,6,2.843844
372,2022-01-24-22:51:28,6,5,2.834092
373,2022-01-24-22:51:31,5,6,3.187035
374,2022-01-24-22:51:35,6,7,4.219337
375,2022-01-24-22:51:38,7,2,2.651177
376,2022-01-24-22:51:41,2,3,2.617199
377,2022-01-24-22:51:44,3,7,3.286595
378,2022-01-24-22:51:47,7,1,3.354558
379,2022-01-24-22:51:48,1,0,1.086667
380,2022-01-24-22:51:50,0,7,1.985108
381,2022-01-24-22:51:52,7,1,1.801782
382,2022-01-24-22:51:53,1,4,1.366890
383,2022-01-24-22:51:55,4,3,2.082688
384,2022-01-24-22:51:58,3,1,2.354928
385,2022-01-24-22:52:01,1,6,2.751806
386,2022-01-24-22:52:04,6,2,3.323879
387,2022-01-24-22:52:06,2,4,1.833798
388,2022-01-24-22:52:07,4,0,1.564856
389,2022-01-24-22:52:11,0,6,3.736718
390,2022-01-24-22:52:14,6,4,3.364613
391,2022-01-24-22:52:18,4,1,3.925792
392,2022-01-24-22:52:20,1,4,1.391726
393,2022-01-24-22:52:22,4,3,2.137760
394,2022-01-24-22:52:24,3,1,2.255157
395,2022-01-24-22:52:28,1,6,3.654766
396,2022-01-24-22:52:31,6,0,3.515940
397,2022-01-24-22:52:32,0,1,1.101070
398,2022-01-24-22:52:35,1,3,2.351885
399,2022-01-24-22:52:38,3,2,2.832754
400,2022-01-24-22:52:41,2,6,3.207652
401,2022-01-24-22:52:44,6,5,3.390610
402,2022-01-24-22:52:47,5,6,2.797809
403,2022-01-24-22:52:50,6,4,3.265165
404,2022-01-24-22:52:52,4,1,1.346997
405,2022-01-24-22:52:54,1,5,2.170141
406,2022-01-24-22:52:56,5,7,2.603109
407,2022-01-24-22:52:59,7,5,2.981043
408,2022-01-24-22:53:02,5,3,2.291560
409,2022-01-24-22:53:05,3,7,3.402040
410,2022-01-24-22:53:09,7,1,3.748553
411,2022-01-24-22:53:11,1,7,1.814949
412,2022-01-24-22:53:13,7,4,2.111626
413,2022-01-24-22:53:15,4,5,1.911525
414,2022-01-24-22:53:17,5,7,2.627933
415,2022-01-24-22:53:20,7,2,3.079093
416,2022-01-24-22:53:25,2,3,4.899969
417,2022-01-24-22:53:28,3,5,2.332110
418,2022-01-24-22:53:30,5,1,2.124721
419,2022-01-24-22:53:31,1,4,1.366294
420,2022-01-24-22:53:33,4,0,1.579299
421,2022-01-24-22:53:34,0,1,1.102825
422,2022-01-24-22:53:35,1,7,1.711722
423,2022-01-24-22:53:37,7,4,1.901756
424,2022-01-24-22:53:39,4,2,1.923989
425,2022-01-24-22:53:41,2,4,1.836197
426,2022-01-24-22:53:45,4,2,4.134125
427,2022-01-24-22:53:50,2,3,4.413885
428,2022-01-24-22:53:52,3,2,2.665549
429,2022-01-24-22:53:54,2,4,1.783891
430,2022-01-24-22:53:56,4,1,1.388668
431,2022-01-24-22:53:58,1,3,2.583513
432,2022-01-24-22:54:01,3,5,2.509262
433,2022-01-24-22:54:03,5,6,2.696563
434,2022-01-24-22:54:06,6,1,2.959950
435,2022-01-24-22:54:08,1,4,1.364476
436,2022-01-24-22:54:10,4,2,2.076977
437,2022-01-24-22:54:12,2,7,2.771287
438,2022-01-24-22:54:17,7,6,4.376102
439,2022-01-24-22:54:21,6,1,3.692594
440,2022-01-24-22:54:22,1,7,1.768575
441,2022-01-24-22:54:24,7,4,2.095230
442,2022-01-24-22:54:27,4,3,2.130104
443,2022-01-24-22:54:29,3,5,2.444380
444,2022-01-24-22:54:31,5,0,1.953526
445,2022-01-24-22:54:34,0,6,2.836085
446,2022-01-24-22:54:37,6,0,2.852528
447,2022-01-24-22:54:38,0,2,1.845880
448,2022-01-24-22:54:40,2,5,1.665490
449,2022-01-24-22:54:42,5,0,2.041015
450,2022-01-24-22:54:44,0,7,1.964410
451,2022-01-24-22:54:47,7,2,2.687162
452,2022-01-24-22:54:49,2,3,2.649462
453,2022-01-24-22:54:52,3,2,2.747154
454,2022-01-24-22:54:55,2,3,2.724869
455,2022-01-24-22:54:57,3,5,2.363206
456,2022-01-24-22:55:00,5,7,2.679424
457,2022-01-24-22:55:03,7,6,2.691161
458,2022-01-24-22:55:06,6,0,3.624900
459,2022-01-24-22:55:09,0,3,2.599060
460,2022-01-24-22:55:11,3,7,2.184264
461,2022-01-24-22:55:15,7,6,4.186481
462,2022-01-24-22:55:19,6,2,3.416529
463,2022-01-24-22:55:23,2,1,4.318119
464,2022-01-24-22:55:25,1,3,2.294286
465,2022-01-24-22:55:30,3,2,4.479465
466,2022-01-24-22:55:33,2,6,3.155304
467,2022-01-24-22:55:37,6,0,3.677321
468,2022-01-24-22:55:39,0,5,2.027056
469,2022-01-24-22:55:42,5,2,3.791507
470,2022-01-24-22:55:46,2,0,4.018170
471,2022-01-24-22:55:49,0,7,2.044565
472,2022-01-24-22:55:50,7,1,1.777467
473,2022-01-24-22:55:52,1,7,1.702039
474,2022-01-24-22:55:54,7,1,1.809614
475,2022-01-24-22:55:57,1,3,3.617600
476,2022-01-24-22:56:01,3,1,3.696907
477,2022-01-24-22:56:03,1,5,1.933795
478,2022-01-24-22:56:06,5,3,3.187023
479,2022-01-24-22:56:08,3,4,2.184895
480,2022-01-24-22:56:11,4,3,2.166119
481,2022-01-24-22:56:14,3,0,3.358563
482,2022-01-24-22:56:16,0,5,2.100746
483,2022-01-24-22:56:20,5,4,3.580963
484,2022-01-24-22:56:23,4,0,3.820711
485,2022-01-24-22:56:27,0,3,3.372504
486,2022-01-24-22:56:30,3,4,3.633378
487,2022-01-24-22:56:35,4,2,4.165046
488,2022-01-24-22:56:38,2,6,3.152816
489,2022-01-24-22:56:41,6,3,3.186671
490,2022-01-24-22:56:44,3,5,3.182190
491,2022-01-24-22:56:46,5,2,1.758321
492,2022-01-24-22:56:47,2,5,1.541050
493,2022-01-24-22:56:51,5,3,3.090251
494,2022-01-24-22:56:54,3,7,3.931148
495,2022-01-24-22:56:59,7,3,4.020329
496,2022-01-24-22:57:02,3,6,3.313719
497,2022-01-24-22:57:05,6,0,3.514188
498,2022-01-24-22:57:07,0,5,2.093816
499,2022-01-24-22:57:11,5,6,3.211295
500,2022-01-24-22:57:15,6,4,3.950676
501,2022-01-24-22:57:17,4,3,2.205770
502,2022-01-24-22:57:19,3,6,2.035408
503,2022-01-24-22:57:23,6,4,4.118530
504,2022-01-24-22:57:27,4,7,4.343924
505,2022-01-24-22:57:31,7,3,3.863682
506,2022-01-24-22:57:35,3,7,3.925081
507,2022-01-24-22:57:37,7,1,1.795098
508,2022-01-24-22:57:41,1,3,3.688160
509,2022-01-24-22:57:44,3,5,3.133387
510,2022-01-24-22:57:46,5,3,2.748787
511,2022-01-24-22:57:49,3,1,2.847793
512,2022-01-24-22:57:51,1,4,1.452462
513,2022-01-24-22:57:52,4,1,1.379705
514,2022-01-24-22:57:54,1,4,1.406580
515,2022-01-24-22:57:56,4,7,1.977507
516,2022-01-24-22:57:58,7,2,2.657025
517,2022-01-24-22:58:00,2,5,1.588823
518,2022-01-24-22:58:02,5,0,2.470078
519,2022-01-24-22:58:06,0,3,3.469157
520,2022-01-24-22:58:10,3,5,3.805292
521,2022-01-24-22:58:12,5,7,2.675058
522,2022-01-24-22:58:15,7,5,2.750981
523,2022-01-24-22:58:17,5,4,2.179050
524,2022-01-24-22:58:21,4,6,3.527988
525,2022-01-24-22:58:25,6,7,4.131580
526,2022-01-24-22:58:28,7,5,2.885591
527,2022-01-24-22:58:30,5,0,2.231406
528,2022-01-24-22:58:34,0,3,4.165244
529,2022-01-24-22:58:38,3,7,3.971504
530,2022-01-24-22:58:42,7,5,3.533365
531,2022-01-24-22:58:45,5,4,3.741434
532,2022-01-24-22:58:49,4,2,3.835401
533,2022-01-24-22:58:51,2,1,2.062893
534,2022-01-24-22:58:52,1,0,1.121010
535,2022-01-24-22:58:56,0,6,3.183288
536,2022-01-24-22:58:59,6,7,3.488194
537,2022-01-24-22:59:02,7,4,3.275521
538,2022-01-24-22:59:04,4,0,1.637665
539,2022-01-24-22:59:06,0,7,2.131473
540,2022-01-24-22:59:08,7,1,1.968891
541,2022-01-24-22:59:09,1,4,1.475467
542,2022-01-24-22:59:11,4,7,1.994152
543,2022-01-24-22:59:13,7,1,1.907895
544,2022-01-24-22:59:16,1,6,2.780535
545,2022-01-24-22:59:19,6,7,2.799253
546,2022-01-24-22:59:21,7,0,1.990847
547,2022-01-24-22:59:23,0,5,2.082422
548,2022-01-24-22:59:26,5,6,3.155235
549,2022-01-24-22:59:30,6,0,3.993180
550,2022-01-24-22:59:32,0,5,1.978256
551,2022-01-24-22:59:35,5,6,2.772002
552,2022-01-24-22:59:38,6,7,3.406350
553,2022-01-24-22:59:41,7,6,2.630212
554,2022-01-24-22:59:44,6,2,3.230600
555,2022-01-24-22:59:48,2,6,3.295075
556,2022-01-24-22:59:51,6,0,3.158735
557,2022-01-24-22:59:53,0,2,1.854208
558,2022-01-24-22:59:56,2,3,3.192307
559,2022-01-24-22:59:58,3,4,2.132700
560,2022-01-24-23:00:00,4,7,2.021709
561,2022-01-24-23:00:03,7,2,2.884690
562,2022-01-24-23:00:05,2,1,2.021859
563,2022-01-24-23:00:09,1,6,3.821730
564,2022-01-24-23:00:13,6,3,3.964371
565,2022-01-24-23:00:16,3,7,3.416874
566,2022-01-24-23:00:19,7,2,2.857436
567,2022-01-24-23:00:21,2,0,1.806273
568,2022-01-24-23:00:24,0,6,2.923218
569,2022-01-24-23:00:26,6,7,2.715063
570,2022-01-24-23:00:29,7,5,2.925603
571,2022-01-24-23:00:33,5,2,3.854969
572,2022-01-24-23:00:36,2,3,2.736667
573,2022-01-24-23:00:39,3,1,3.646171
574,2022-01-24-23:00:41,1,0,1.153086
575,2022-01-24-23:00:42,0,1,1.086574
576,2022-01-24-23:00:44,1,2,2.086609
577,2022-01-24-23:00:47,2,3,3.162593
578,2022-01-24-23:00:50,3,0,3.337795
579,2022-01-24-23:00:53,0,3,2.835501
580,2022-01-24-23:00:56,3,0,2.449870
581,2022-01-24-23:00:57,0,2,1.787331
582,2022-01-24-23:00:59,2,1,2.129872
583,2022-01-24-23:01:03,1,6,3.724945
584,2022-01-24-23:01:07,6,3,3.821031
585,2022-01-24-23:01:10,3,2,2.666338
586,2022-01-24-23:01:12,2,1,2.189479
587,2022-01-24-23:01:16,1,6,3.887791
588,2022-01-24-23:01:19,6,2,3.441948
589,2022-01-24-23:01:22,2,3,2.793028
590,2022-01-24-23:01:25,3,0,2.597359
591,2022-01-24-23:01:26,0,2,1.776871
592,2022-01-24-23:01:30,2,6,3.193833
593,2022-01-24-23:01:32,6,7,2.700131
594,2022-01-24-23:01:35,7,5,3.174233
595,2022-01-24-23:01:38,5,0,2.064295
596,2022-01-24-23:01:41,0,3,3.495959
597,2022-01-24-23:01:44,3,5,3.156948
598,2022-01-24-23:01:47,5,7,2.669657
599,2022-01-24-23:01:50,7,0,3.204283
600,2022-01-24-23:01:53,0,3,2.633754
601,2022-01-24-23:01:56,3,7,3.424711
602,2022-01-24-23:01:59,7,2,3.203483
603,2022-01-24-23:02:04,2,1,4.935525
604,2022-01-24-23:02:06,1,2,2.088029
605,2022-01-24-23:02:10,2,6,3.312297
606,2022-01-24-23:02:13,6,4,3.087841
607,2022-01-24-23:02:15,4,5,1.889675
608,2022-01-24-23:02:17,5,1,2.064532
609,2022-01-24-23:02:19,1,7,1.819810
610,2022-01-24-23:02:21,7,4,2.014415
611,2022-01-24-23:02:22,4,1,1.515655
612,2022-01-24-23:02:24,1,2,2.139114
613,2022-01-24-23:02:27,2,7,2.795118
614,2022-01-24-23:02:30,7,2,2.942433
615,2022-01-24-23:02:33,2,7,2.898389
616,2022-01-24-23:02:35,7,4,2.636726
617,2022-01-24-23:02:38,4,2,2.094259
618,2022-01-24-23:02:40,2,7,2.663107
619,2022-01-24-23:02:43,7,3,2.438432
620,2022-01-24-23:02:47,3,2,4.404187
621,2022-01-24-23:02:51,2,5,3.990946
622,2022-01-24-23:02:54,5,3,2.750503
623,2022-01-24-23:02:56,3,1,2.587920
624,2022-01-24-23:02:59,1,3,2.436704
625,2022-01-24-23:03:02,3,1,2.683493
626,2022-01-24-23:03:03,1,7,1.847789
627,2022-01-24-23:03:08,7,4,4.429552
628,2022-01-24-23:03:10,4,3,2.190002
629,2022-01-24-23:03:14,3,7,3.942690
630,2022-01-24-23:03:16,7,4,2.107712
631,2022-01-24-23:03:18,4,7,1.940442
632,2022-01-24-23:03:21,7,5,2.807757
633,2022-01-24-23:03:25,5,2,3.837415
634,2022-01-24-23:03:29,2,7,4.588993
635,2022-01-24-23:03:32,7,4,2.689994
636,2022-01-24-23:03:34,4,5,1.841569
637,2022-01-24-23:03:37,5,6,3.468744
638,2022-01-24-23:03:41,6,1,4.079762
639,2022-01-24-23:03:44,1,3,2.396853
640,2022-01-24-23:03:47,3,7,3.544551
641,2022-01-24-23:03:50,7,6,2.835461
642,2022-01-24-23:03:54,6,2,4.432668
643,2022-01-24-23:03:59,2,0,4.021006
644,2022-01-24-23:04:00,0,2,1.866437
645,2022-01-24-23:04:02,2,1,2.042354
646,2022-01-24-23:04:05,1,3,2.583027
647,2022-01-24-23:04:08,3,7,3.483325
648,2022-01-24-23:04:12,7,3,3.359922
649,2022-01-24-23:04:14,3,6,2.130156
650,2022-01-24-23:04:18,6,7,3.711916
651,2022-01-24-23:04:20,7,6,2.780964
652,2022-01-24-23:04:24,6,4,3.608162
653,2022-01-24-23:04:26,4,3,2.213327
654,2022-01-24-23:04:30,3,7,4.012868
655,2022-01-24-23:04:33,7,3,2.378088
656,2022-01-24-23:04:35,3,7,2.324342
657,2022-01-24-23:04:37,7,1,1.832075
658,2022-01-24-23:04:39,1,7,1.837487
659,2022-01-24-23:04:41,7,4,2.160861
660,2022-01-24-23:04:43,4,3,2.194678
661,2022-01-24-23:04:46,3,0,2.630799
662,2022-01-24-23:04:48,0,7,2.073771
663,2022-01-24-23:04:50,7,1,1.801487
664,2022-01-24-23:04:53,1,6,3.700456
665,2022-01-24-23:04:57,6,0,3.604047
666,2022-01-24-23:04:59,0,7,2.140803
667,2022-01-24-23:05:03,7,6,4.444065
668,2022-01-24-23:05:07,6,5,3.389284
669,2022-01-24-23:05:10,5,7,2.682909
670,2022-01-24-23:05:13,7,3,3.424526
671,2022-01-24-23:05:15,3,4,2.335773
672,2022-01-24-23:05:17,4,7,1.944676
673,2022-01-24-23:05:19,7,1,1.843923
674,2022-01-24-23:05:20,1,0,1.217212
675,2022-01-24-23:05:22,0,7,1.990873
676,2022-01-24-23:05:27,7,6,4.223087
677,2022-01-24-23:05:30,6,2,3.474096
678,2022-01-24-23:05:32,2,4,1.842738
679,2022-01-24-23:05:35,4,6,3.617208
680,2022-01-24-23:05:39,6,5,3.313180
681,2022-01-24-23:05:42,5,6,3.311907
682,2022-01-24-23:05:46,6,2,3.430433
683,2022-01-24-23:05:48,2,3,2.850590
684,2022-01-24-23:05:52,3,1,3.731997
685,2022-01-24-23:05:53,1,0,1.238695
686,2022-01-24-23:05:57,0,3,3.661673
687,2022-01-24-23:06:01,3,0,3.546925
688,2022-01-24-23:06:03,0,5,2.065882
689,2022-01-24-23:06:05,5,7,2.668344
690,2022-01-24-23:06:09,7,2,3.237423
691,2022-01-24-23:06:13,2,1,4.369433
692,2022-01-24-23:06:15,1,5,2.056062
693,2022-01-24-23:06:17,5,0,2.396288
694,2022-01-24-23:06:21,0,6,3.965886
695,2022-01-24-23:06:25,6,5,3.417943
696,2022-01-24-23:06:28,5,7,2.777175
697,2022-01-24-23:06:31,7,1,3.888162
698,2022-01-24-23:06:34,1,2,2.307087
699,2022-01-24-23:06:38,2,3,3.912024
700,2022-01-24-23:06:40,3,1,2.468912
701,2022-01-24-23:06:42,1,7,1.733565
702,2022-01-24-23:06:44,7,0,2.500372
703,2022-01-24-23:06:46,0,4,1.742251
704,2022-01-24-23:06:48,4,3,2.309836
705,2022-01-24-23:06:51,3,1,2.477491
706,2022-01-24-23:06:55,1,6,3.830465
707,2022-01-24-23:06:58,6,2,3.417849
708,2022-01-24-23:07:01,2,3,2.927851
709,2022-01-24-23:07:03,3,7,2.247223
710,2022-01-24-23:07:05,7,1,1.840447
711,2022-01-24-23:07:07,1,7,1.751840
712,2022-01-24-23:07:10,7,6,2.643781
713,2022-01-24-23:07:12,6,5,2.973255
714,2022-01-24-23:07:16,5,4,3.346576
715,2022-01-24-23:07:20,4,2,3.682076
716,2022-01-24-23:07:22,2,7,2.950893
717,2022-01-24-23:07:25,7,3,2.850549
718,2022-01-24-23:07:29,3,7,3.398748
719,2022-01-24-23:07:32,7,3,3.378379
720,2022-01-24-23:07:35,3,7,3.377305
721,2022-01-24-23:07:38,7,5,2.783029
722,2022-01-24-23:07:41,5,3,2.500288
723,2022-01-24-23:07:43,3,6,2.219272
724,2022-01-24-23:07:46,6,1,3.318370
725,2022-01-24-23:07:49,1,3,2.885072
726,2022-01-24-23:07:54,3,2,4.573439
727,2022-01-24-23:07:59,2,1,5.269952
728,2022-01-24-23:08:03,1,6,4.123146
729,2022-01-24-23:08:07,6,5,3.535049
730,2022-01-24-23:08:09,5,2,2.067161
731,2022-01-24-23:08:12,2,7,2.970932
732,2022-01-24-23:08:14,7,4,2.103736
733,2022-01-24-23:08:18,4,2,4.512149
734,2022-01-24-23:08:23,2,1,4.344975
735,2022-01-24-23:08:26,1,3,3.123358
736,2022-01-24-23:08:28,3,5,2.500078
737,2022-01-24-23:08:31,5,7,2.865190
738,2022-01-24-23:08:35,7,0,3.405620
739,2022-01-24-23:08:38,0,6,3.868677
740,2022-01-24-23:08:42,6,1,4.012029
741,2022-01-24-23:08:45,1,2,2.293315
742,2022-01-24-23:08:47,2,1,2.313906
743,2022-01-24-23:08:49,1,2,2.199178
744,2022-01-24-23:08:52,2,7,2.892949
745,2022-01-24-23:08:55,7,5,3.315564
746,2022-01-24-23:08:58,5,0,2.230678
747,2022-01-24-23:08:59,0,1,1.240672
748,2022-01-24-23:09:03,1,3,3.822806
749,2022-01-24-23:09:06,3,1,3.678219
750,2022-01-24-23:09:08,1,0,1.346455
751,2022-01-24-23:09:10,0,7,2.245509
752,2022-01-24-23:09:13,7,0,2.613465
753,2022-01-24-23:09:15,0,5,2.691170
754,2022-01-24-23:09:18,5,3,2.451091
755,2022-01-24-23:09:21,3,7,3.441446
756,2022-01-24-23:09:24,7,6,3.030682
757,2022-01-24-23:09:28,6,0,3.888950
758,2022-01-24-23:09:31,0,5,2.408286
759,2022-01-24-23:09:33,5,0,2.418662
760,2022-01-24-23:09:35,0,5,2.215937
761,2022-01-24-23:09:39,5,6,3.309358
762,2022-01-24-23:09:42,6,1,3.499009
763,2022-01-24-23:09:44,1,7,1.933600
764,2022-01-24-23:09:47,7,5,3.053158
765,2022-01-24-23:09:49,5,3,2.425661
766,2022-01-24-23:09:53,3,7,3.511085
767,2022-01-24-23:09:56,7,0,3.361270
768,2022-01-24-23:09:58,0,4,1.758368
769,2022-01-24-23:10:00,4,3,2.237591
770,2022-01-24-23:10:03,3,5,2.528351
771,2022-01-24-23:10:05,5,4,2.040130
772,2022-01-24-23:10:07,4,7,2.326170
773,2022-01-24-23:10:10,7,3,2.441043
774,2022-01-24-23:10:12,3,6,2.196764
775,2022-01-24-23:10:15,6,7,2.836218
776,2022-01-24-23:10:17,7,3,2.560614
777,2022-01-24-23:10:20,3,1,2.426763
778,2022-01-24-23:10:22,1,3,2.417854
779,2022-01-24-23:10:24,3,6,2.300067
780,2022-01-24-23:10:28,6,1,3.602687
781,2022-01-24-23:10:29,1,0,1.426292
782,2022-01-24-23:10:32,0,3,2.635317
783,2022-01-24-23:10:34,3,4,2.274187
784,2022-01-24-23:10:38,4,6,3.687706
785,2022-01-24-23:10:42,6,3,4.031605
786,2022-01-24-23:10:45,3,5,2.962326
787,2022-01-24-23:10:49,5,3,3.787659
788,2022-01-24-23:10:52,3,6,3.386254
789,2022-01-24-23:10:56,6,3,4.023613
790,2022-01-24-23:11:00,3,7,3.482473
791,2022-01-24-23:11:03,7,2,2.795239
792,2022-01-24-23:11:06,2,6,3.311566
793,2022-01-24-23:11:10,6,7,4.127056
794,2022-01-24-23:11:13,7,5,2.910221
795,2022-01-24-23:11:16,5,7,2.924090
796,2022-01-24-23:11:19,7,2,3.246194
797,2022-01-24-23:11:23,2,0,4.299573
798,2022-01-24-23:11:25,0,2,1.988876
799,2022-01-24-23:11:27,2,5,1.723510
800,2022-01-24-23:11:30,5,6,3.252568
801,2022-01-24-23:11:33,6,2,3.128902
802,2022-01-24-23:11:35,2,4,1.917169
803,2022-01-24-23:11:40,4,1,4.209202
804,2022-01-24-23:11:41,1,7,1.899429
805,2022-01-24-23:11:45,7,6,3.215018
806,2022-01-24-23:11:49,6,2,4.690726
807,2022-01-24-23:11:53,2,7,3.345189
808,2022-01-24-23:11:56,7,2,3.566327
809,2022-01-24-23:12:00,2,6,3.587538
810,2022-01-24-23:12:03,6,5,3.544641
811,2022-01-24-23:12:07,5,6,3.217000
812,2022-01-24-23:12:10,6,5,3.144632
