date,init_position,final_position,time
1,2022-01-06-11:56:52,-1,7,2.774667
2,2022-01-06-11:56:53,7,1,1.733052
3,2022-01-06-11:56:54,1,0,1.061100
4,2022-01-06-11:56:56,0,7,1.929726
5,2022-01-06-11:56:58,7,1,1.666552
6,2022-01-06-11:56:59,1,0,1.021668
7,2022-01-06-11:57:01,0,5,1.896682
8,2022-01-06-11:57:02,5,2,1.535750
9,2022-01-06-11:57:05,2,7,2.616152
10,2022-01-06-11:57:07,7,1,1.695041
11,2022-01-06-11:57:08,1,7,1.694134
12,2022-01-06-11:57:11,7,2,2.635651
13,2022-01-06-11:57:13,2,4,1.762886
14,2022-01-06-11:57:15,4,7,1.896008
15,2022-01-06-11:57:17,7,5,2.504120
16,2022-01-06-11:57:20,5,7,2.578261
17,2022-01-06-11:57:22,7,5,2.572736
18,2022-01-06-11:57:24,5,0,1.893907
19,2022-01-06-11:57:26,0,7,1.907977
20,2022-01-06-11:57:28,7,4,1.882856
21,2022-01-06-11:57:30,4,2,1.801064
22,2022-01-06-11:57:32,2,1,1.996891
23,2022-01-06-11:57:35,1,6,3.553902
24,2022-01-06-11:57:39,6,4,3.478277
25,2022-01-06-11:57:41,4,7,1.901314
26,2022-01-06-11:57:45,7,6,4.022577
27,2022-01-06-11:57:49,6,7,4.015230
28,2022-01-06-11:57:51,7,4,1.857420
29,2022-01-06-11:57:52,4,5,1.753938
30,2022-01-06-11:57:54,5,4,1.735973
31,2022-01-06-11:57:56,4,2,1.803568
32,2022-01-06-11:57:59,2,7,2.633246
33,2022-01-06-11:58:01,7,2,2.617064
34,2022-01-06-11:58:04,2,6,3.075576
35,2022-01-06-11:58:08,6,7,4.042860
36,2022-01-06-11:58:11,7,5,2.548620
37,2022-01-06-11:58:13,5,1,1.950559
38,2022-01-06-11:58:16,1,6,3.519273
39,2022-01-06-11:58:19,6,5,3.138317
40,2022-01-06-11:58:21,5,1,1.930173
41,2022-01-06-11:58:22,1,0,1.066557
42,2022-01-06-11:58:24,0,4,1.531483
43,2022-01-06-11:58:26,4,0,1.500347
44,2022-01-06-11:58:27,0,7,1.946676
45,2022-01-06-11:58:29,7,4,1.906039
46,2022-01-06-11:58:31,4,3,2.131496
47,2022-01-06-11:58:34,3,5,2.171706
48,2022-01-06-11:58:36,5,7,2.556600
49,2022-01-06-11:58:39,7,2,2.574001
50,2022-01-06-11:58:41,2,4,1.796905
51,2022-01-06-11:58:42,4,2,1.797890
52,2022-01-06-11:58:44,2,4,1.826695
53,2022-01-06-11:58:46,4,3,2.072334
54,2022-01-06-11:58:49,3,5,2.236693
55,2022-01-06-11:58:50,5,4,1.774887
56,2022-01-06-11:58:52,4,0,1.526433
57,2022-01-06-11:58:54,0,7,1.905363
58,2022-01-06-11:58:56,7,2,2.634433
59,2022-01-06-11:58:59,2,3,2.600635
60,2022-01-06-11:59:01,3,7,2.147272
61,2022-01-06-11:59:03,7,4,1.894211
62,2022-01-06-11:59:05,4,3,2.049229
63,2022-01-06-11:59:07,3,0,2.367416
64,2022-01-06-11:59:09,0,7,1.929843
65,2022-01-06-11:59:11,7,1,1.697412
66,2022-01-06-11:59:12,1,4,1.340040
67,2022-01-06-11:59:14,4,2,1.798468
68,2022-01-06-11:59:16,2,1,2.029162
69,2022-01-06-11:59:17,1,0,1.023854
70,2022-01-06-11:59:19,0,4,1.535850
71,2022-01-06-11:59:22,4,6,3.436397
72,2022-01-06-11:59:25,6,5,3.118162
73,2022-01-06-11:59:27,5,1,1.939666
74,2022-01-06-11:59:29,1,5,1.898530
75,2022-01-06-11:59:31,5,0,1.896270
76,2022-01-06-11:59:33,0,3,2.381796
77,2022-01-06-11:59:37,3,6,3.674083
78,2022-01-06-11:59:41,6,7,3.997517
79,2022-01-06-11:59:43,7,3,2.158932
80,2022-01-06-11:59:47,3,6,3.716505
81,2022-01-06-11:59:51,6,3,3.681978
82,2022-01-06-11:59:53,3,4,2.136175
83,2022-01-06-11:59:55,4,7,1.835553
84,2022-01-06-11:59:57,7,5,2.614498
85,2022-01-06-11:59:59,5,3,2.178375
86,2022-01-06-12:00:02,3,5,2.196127
87,2022-01-06-12:00:03,5,2,1.549900
88,2022-01-06-12:00:06,2,6,3.069473
89,2022-01-06-12:00:10,6,4,3.416114
90,2022-01-06-12:00:12,4,7,1.880833
91,2022-01-06-12:00:13,7,0,1.901372
92,2022-01-06-12:00:15,0,4,1.519921
93,2022-01-06-12:00:17,4,5,1.804018
94,2022-01-06-12:00:18,5,2,1.562812
95,2022-01-06-12:00:20,2,1,1.976056
96,2022-01-06-12:00:22,1,5,1.939667
97,2022-01-06-12:00:24,5,3,2.198593
98,2022-01-06-12:00:27,3,2,2.523728
99,2022-01-06-12:00:29,2,0,1.748956
100,2022-01-06-12:00:31,0,7,1.948801
101,2022-01-06-12:00:33,7,2,2.613188
102,2022-01-06-12:00:35,2,0,1.730162
103,2022-01-06-12:00:36,0,1,1.099639
104,2022-01-06-12:00:38,1,2,2.000732
105,2022-01-06-12:00:41,2,6,3.141772
106,2022-01-06-12:00:45,6,1,3.548693
107,2022-01-06-12:00:47,1,2,1.997651
108,2022-01-06-12:00:49,2,0,1.748255
109,2022-01-06-12:00:51,0,3,2.344724
110,2022-01-06-12:00:53,3,1,2.249611
111,2022-01-06-12:00:55,1,2,1.965445
112,2022-01-06-12:00:57,2,5,1.530078
113,2022-01-06-12:00:59,5,7,2.580063
114,2022-01-06-12:01:03,7,6,3.947142
115,2022-01-06-12:01:07,6,0,3.479670
116,2022-01-06-12:01:09,0,3,2.331392
117,2022-01-06-12:01:13,3,6,3.658236
118,2022-01-06-12:01:16,6,0,3.437504
119,2022-01-06-12:01:17,0,1,1.101458
120,2022-01-06-12:01:19,1,3,2.255075
121,2022-01-06-12:01:23,3,6,3.698204
122,2022-01-06-12:01:26,6,5,3.084912
123,2022-01-06-12:01:28,5,3,2.236327
124,2022-01-06-12:01:31,3,1,2.212648
125,2022-01-06-12:01:33,1,2,2.012113
126,2022-01-06-12:01:34,2,0,1.738339
127,2022-01-06-12:01:36,0,5,1.905167
128,2022-01-06-12:01:38,5,1,1.934446
129,2022-01-06-12:01:40,1,7,1.709394
130,2022-01-06-12:01:43,7,5,2.607151
131,2022-01-06-12:01:45,5,0,1.901323
132,2022-01-06-12:01:47,0,3,2.402033
133,2022-01-06-12:01:49,3,4,2.100767
134,2022-01-06-12:01:51,4,0,1.600594
135,2022-01-06-12:01:53,0,3,2.440111
136,2022-01-06-12:01:55,3,0,2.400561
137,2022-01-06-12:01:59,0,6,3.447775
138,2022-01-06-12:02:02,6,0,3.443043
139,2022-01-06-12:02:04,0,5,1.893617
140,2022-01-06-12:02:07,5,7,2.609990
141,2022-01-06-12:02:11,7,6,3.983019
142,2022-01-06-12:02:14,6,1,3.557855
143,2022-01-06-12:02:16,1,4,1.367089
144,2022-01-06-12:02:17,4,1,1.329388
145,2022-01-06-12:02:19,1,2,1.939621
146,2022-01-06-12:02:22,2,6,3.112188
147,2022-01-06-12:02:26,6,0,3.477074
148,2022-01-06-12:02:28,0,3,2.417200
149,2022-01-06-12:02:30,3,5,2.160800
150,2022-01-06-12:02:32,5,1,1.961726
151,2022-01-06-12:02:36,1,6,3.546025
152,2022-01-06-12:02:40,6,7,3.946320
153,2022-01-06-12:02:42,7,4,1.902307
154,2022-01-06-12:02:43,4,2,1.801034
155,2022-01-06-12:02:46,2,6,3.149180
156,2022-01-06-12:02:50,6,4,3.454961
157,2022-01-06-12:02:51,4,1,1.341951
158,2022-01-06-12:02:53,1,2,1.997897
159,2022-01-06-12:02:55,2,1,2.001594
160,2022-01-06-12:02:59,1,6,3.563345
161,2022-01-06-12:03:02,6,4,3.484861
162,2022-01-06-12:03:04,4,5,1.773254
163,2022-01-06-12:03:07,5,6,3.072830
164,2022-01-06-12:03:11,6,7,4.030418
165,2022-01-06-12:03:13,7,1,1.694042
166,2022-01-06-12:03:15,1,3,2.247672
167,2022-01-06-12:03:19,3,6,3.670514
168,2022-01-06-12:03:22,6,3,3.659713
169,2022-01-06-12:03:25,3,5,2.173152
170,2022-01-06-12:03:27,5,1,1.941177
171,2022-01-06-12:03:28,1,0,1.090437
172,2022-01-06-12:03:30,0,3,2.420236
173,2022-01-06-12:03:32,3,1,2.231838
174,2022-01-06-12:03:34,1,4,1.367113
175,2022-01-06-12:03:36,4,7,1.847508
176,2022-01-06-12:03:37,7,1,1.716640
177,2022-01-06-12:03:39,1,4,1.341159
178,2022-01-06-12:03:42,4,6,3.510560
179,2022-01-06-12:03:46,6,4,3.519438
180,2022-01-06-12:03:49,4,6,3.448719
181,2022-01-06-12:03:53,6,0,3.402403
182,2022-01-06-12:03:54,0,7,1.860332
183,2022-01-06-12:03:57,7,5,2.543213
184,2022-01-06-12:04:00,5,6,3.117000
185,2022-01-06-12:04:03,6,0,3.463886
186,2022-01-06-12:04:05,0,1,1.099045
187,2022-01-06-12:04:06,1,4,1.346754
188,2022-01-06-12:04:08,4,7,1.847293
189,2022-01-06-12:04:10,7,3,2.132361
190,2022-01-06-12:04:12,3,4,2.139352
191,2022-01-06-12:04:14,4,5,1.782124
192,2022-01-06-12:04:15,5,2,1.531268
193,2022-01-06-12:04:18,2,7,2.641981
194,2022-01-06-12:04:21,7,5,2.622563
195,2022-01-06-12:04:23,5,7,2.634929
196,2022-01-06-12:04:27,7,6,3.970473
197,2022-01-06-12:04:30,6,5,3.131081
198,2022-01-06-12:04:32,5,2,1.534746
199,2022-01-06-12:04:34,2,1,2.035941
200,2022-01-06-12:04:35,1,0,1.088773
201,2022-01-06-12:04:37,0,7,2.004984
202,2022-01-06-12:04:40,7,2,2.606056
203,2022-01-06-12:04:41,2,0,1.739497
204,2022-01-06-12:04:43,0,2,1.763839
205,2022-01-06-12:04:45,2,0,1.747820
206,2022-01-06-12:04:47,0,3,2.410258
207,2022-01-06-12:04:50,3,2,2.601204
208,2022-01-06-12:04:52,2,1,1.998770
209,2022-01-06-12:04:54,1,3,2.231056
210,2022-01-06-12:04:57,3,2,2.613128
211,2022-01-06-12:05:00,2,6,3.069590
212,2022-01-06-12:05:03,6,2,3.100944
213,2022-01-06-12:05:05,2,4,1.782286
214,2022-01-06-12:05:07,4,7,1.853419
215,2022-01-06-12:05:09,7,2,2.613855
216,2022-01-06-12:05:11,2,0,1.771338
217,2022-01-06-12:05:13,0,7,1.971050
218,2022-01-06-12:05:15,7,4,1.897424
219,2022-01-06-12:05:16,4,1,1.361847
220,2022-01-06-12:05:18,1,2,2.041914
221,2022-01-06-12:05:20,2,1,1.940916
222,2022-01-06-12:05:21,1,0,1.060270
223,2022-01-06-12:05:23,0,7,1.958355
224,2022-01-06-12:05:27,7,6,4.029969
225,2022-01-06-12:05:31,6,0,3.450351
226,2022-01-06-12:05:33,0,3,2.446570
227,2022-01-06-12:05:37,3,6,3.655181
228,2022-01-06-12:05:40,6,4,3.454810
229,2022-01-06-12:05:42,4,0,1.566451
230,2022-01-06-12:05:44,0,2,1.766427
231,2022-01-06-12:05:46,2,3,2.588027
232,2022-01-06-12:05:48,3,7,2.148494
233,2022-01-06-12:05:50,7,4,1.898839
234,2022-01-06-12:05:52,4,3,2.144472
235,2022-01-06-12:05:55,3,5,2.242562
236,2022-01-06-12:05:56,5,0,1.878196
237,2022-01-06-12:05:58,0,5,1.862330
238,2022-01-06-12:06:01,5,6,3.154299
239,2022-01-06-12:06:05,6,5,3.107940
240,2022-01-06-12:06:06,5,2,1.538604
241,2022-01-06-12:06:08,2,0,1.726257
242,2022-01-06-12:06:09,0,1,1.100587
243,2022-01-06-12:06:11,1,3,2.237023
244,2022-01-06-12:06:15,3,6,3.667004
245,2022-01-06-12:06:18,6,1,3.614923
246,2022-01-06-12:06:21,1,3,2.269687
247,2022-01-06-12:06:23,3,5,2.206250
248,2022-01-06-12:06:25,5,0,1.862615
249,2022-01-06-12:06:27,0,7,1.948911
250,2022-01-06-12:06:29,7,4,1.913421
251,2022-01-06-12:06:31,4,2,1.832034
252,2022-01-06-12:06:32,2,1,1.998612
253,2022-01-06-12:06:34,1,5,1.941448
254,2022-01-06-12:06:37,5,7,2.638525
255,2022-01-06-12:06:40,7,2,2.586077
256,2022-01-06-12:06:42,2,3,2.624105
257,2022-01-06-12:06:44,3,4,2.171131
258,2022-01-06-12:06:46,4,1,1.335514
259,2022-01-06-12:06:48,1,3,2.299280
260,2022-01-06-12:06:50,3,7,2.181972
261,2022-01-06-12:06:52,7,4,1.903911
262,2022-01-06-12:06:56,4,6,3.474244
263,2022-01-06-12:06:59,6,2,3.127254
264,2022-01-06-12:07:02,2,6,3.128730
265,2022-01-06-12:07:05,6,1,3.535120
266,2022-01-06-12:07:07,1,4,1.362416
267,2022-01-06-12:07:09,4,5,1.812880
268,2022-01-06-12:07:10,5,4,1.803015
269,2022-01-06-12:07:12,4,1,1.324109
270,2022-01-06-12:07:13,1,4,1.336832
271,2022-01-06-12:07:15,4,2,1.799174
272,2022-01-06-12:07:18,2,6,3.125328
273,2022-01-06-12:07:21,6,2,3.126982
274,2022-01-06-12:07:24,2,7,2.614426
275,2022-01-06-12:07:26,7,4,1.908412
276,2022-01-06-12:07:27,4,1,1.293226
277,2022-01-06-12:07:29,1,3,2.250595
278,2022-01-06-12:07:31,3,1,2.251785
279,2022-01-06-12:07:33,1,5,1.910323
280,2022-01-06-12:07:35,5,0,1.905609
281,2022-01-06-12:07:37,0,4,1.555031
282,2022-01-06-12:07:39,4,2,1.777520
283,2022-01-06-12:07:42,2,6,3.099106
284,2022-01-06-12:07:45,6,1,3.503899
285,2022-01-06-12:07:47,1,5,1.939195
286,2022-01-06-12:07:49,5,1,1.950427
287,2022-01-06-12:07:51,1,2,2.012188
288,2022-01-06-12:07:53,2,5,1.512541
289,2022-01-06-12:07:54,5,2,1.548709
290,2022-01-06-12:07:56,2,0,1.800376
291,2022-01-06-12:07:58,0,3,2.416767
292,2022-01-06-12:08:02,3,6,3.651743
293,2022-01-06-12:08:06,6,1,3.565788
294,2022-01-06-12:08:07,1,7,1.729259
295,2022-01-06-12:08:09,7,4,1.885712
296,2022-01-06-12:08:11,4,1,1.370069
297,2022-01-06-12:08:12,1,0,1.046517
298,2022-01-06-12:08:13,0,2,1.763012
299,2022-01-06-12:08:16,2,3,2.561852
300,2022-01-06-12:08:18,3,1,2.277755
301,2022-01-06-12:08:19,1,0,1.034152
302,2022-01-06-12:08:21,0,4,1.540567
303,2022-01-06-12:08:23,4,2,1.833379
304,2022-01-06-12:08:25,2,3,2.613512
305,2022-01-06-12:08:27,3,5,2.210060
306,2022-01-06-12:08:29,5,4,1.837313
307,2022-01-06-12:08:31,4,1,1.339752
308,2022-01-06-12:08:34,1,6,3.566578
309,2022-01-06-12:08:38,6,0,3.518728
310,2022-01-06-12:08:41,0,6,3.473768
311,2022-01-06-12:08:45,6,4,3.463714
312,2022-01-06-12:08:47,4,7,1.880930
313,2022-01-06-12:08:49,7,5,2.655619
314,2022-01-06-12:08:51,5,2,1.563570
315,2022-01-06-12:08:53,2,3,2.617757
316,2022-01-06-12:08:56,3,5,2.245145
317,2022-01-06-12:08:58,5,1,1.926611
318,2022-01-06-12:09:01,1,6,3.538997
319,2022-01-06-12:09:05,6,3,3.679664
320,2022-01-06-12:09:07,3,0,2.375948
321,2022-01-06-12:09:09,0,2,1.747627
322,2022-01-06-12:09:11,2,4,1.770984
323,2022-01-06-12:09:12,4,1,1.292604
324,2022-01-06-12:09:14,1,7,1.696787
325,2022-01-06-12:09:16,7,4,1.916968
326,2022-01-06-12:09:17,4,7,1.870827
327,2022-01-06-12:09:20,7,5,2.603028
328,2022-01-06-12:09:22,5,4,1.803374
329,2022-01-06-12:09:23,4,1,1.335070
330,2022-01-06-12:09:25,1,7,1.733917
331,2022-01-06-12:09:27,7,3,2.153510
332,2022-01-06-12:09:29,3,0,2.331826
333,2022-01-06-12:09:31,0,4,1.526295
334,2022-01-06-12:09:34,4,6,3.447455
335,2022-01-06-12:09:38,6,3,3.621616
336,2022-01-06-12:09:41,3,2,2.622288
337,2022-01-06-12:09:42,2,4,1.798114
338,2022-01-06-12:09:46,4,6,3.467004
339,2022-01-06-12:09:50,6,1,3.593793
340,2022-01-06-12:09:52,1,2,2.007233
341,2022-01-06-12:09:53,2,5,1.500561
342,2022-01-06-12:09:55,5,0,1.905752
343,2022-01-06-12:09:58,0,6,3.503418
344,2022-01-06-12:10:02,6,2,3.153582
345,2022-01-06-12:10:05,2,6,3.104764
346,2022-01-06-12:10:08,6,3,3.684876
347,2022-01-06-12:10:11,3,1,2.281461
348,2022-01-06-12:10:12,1,0,1.091802
349,2022-01-06-12:10:14,0,2,1.752174
350,2022-01-06-12:10:17,2,6,3.082598
351,2022-01-06-12:10:20,6,5,3.036718
352,2022-01-06-12:10:21,5,2,1.539420
353,2022-01-06-12:10:23,2,5,1.528598
354,2022-01-06-12:10:24,5,2,1.557525
355,2022-01-06-12:10:26,2,0,1.696948
356,2022-01-06-12:10:28,0,3,2.372912
357,2022-01-06-12:10:31,3,1,2.252229
358,2022-01-06-12:10:33,1,3,2.215018
359,2022-01-06-12:10:35,3,0,2.436833
360,2022-01-06-12:10:37,0,7,1.970640
361,2022-01-06-12:10:40,7,2,2.648413
362,2022-01-06-12:10:42,2,7,2.600587
363,2022-01-06-12:10:45,7,5,2.609737
364,2022-01-06-12:10:47,5,0,1.911156
365,2022-01-06-12:10:49,0,7,1.978369
366,2022-01-06-12:10:53,7,6,4.030203
367,2022-01-06-12:10:56,6,4,3.407972
368,2022-01-06-12:10:58,4,7,1.839174
369,2022-01-06-12:11:00,7,3,2.148015
370,2022-01-06-12:11:03,3,0,2.454813
371,2022-01-06-12:11:04,0,1,1.087382
372,2022-01-06-12:11:06,1,2,1.936713
373,2022-01-06-12:11:09,2,6,3.051992
374,2022-01-06-12:11:12,6,0,3.498987
375,2022-01-06-12:11:14,0,2,1.737275
376,2022-01-06-12:11:16,2,0,1.747161
377,2022-01-06-12:11:17,0,1,1.039228
378,2022-01-06-12:11:19,1,2,1.995909
379,2022-01-06-12:11:22,2,3,2.612850
380,2022-01-06-12:11:24,3,1,2.247162
381,2022-01-06-12:11:26,1,5,1.975824
382,2022-01-06-12:11:28,5,1,1.922900
383,2022-01-06-12:11:29,1,7,1.737607
384,2022-01-06-12:11:32,7,3,2.137026
385,2022-01-06-12:11:35,3,6,3.651395
386,2022-01-06-12:11:38,6,2,3.117881
387,2022-01-06-12:11:40,2,0,1.739188
388,2022-01-06-12:11:42,0,2,1.759158
389,2022-01-06-12:11:44,2,1,2.039586
390,2022-01-06-12:11:46,1,5,1.944405
391,2022-01-06-12:11:47,5,2,1.529250
392,2022-01-06-12:11:49,2,5,1.523267
393,2022-01-06-12:11:50,5,2,1.540214
394,2022-01-06-12:11:52,2,0,1.757095
395,2022-01-06-12:11:54,0,2,1.773426
396,2022-01-06-12:11:56,2,3,2.534282
397,2022-01-06-12:11:59,3,7,2.144518
398,2022-01-06-12:12:00,7,1,1.675503
399,2022-01-06-12:12:02,1,2,1.946875
400,2022-01-06-12:12:05,2,7,2.618116
401,2022-01-06-12:12:07,7,1,1.718045
402,2022-01-06-12:12:08,1,0,1.067243
403,2022-01-06-12:12:10,0,3,2.311539
404,2022-01-06-12:12:12,3,4,2.206762
405,2022-01-06-12:12:14,4,0,1.540730
406,2022-01-06-12:12:16,0,3,2.410821
407,2022-01-06-12:12:20,3,6,3.677452
408,2022-01-06-12:12:23,6,0,3.419703
409,2022-01-06-12:12:25,0,5,1.889388
410,2022-01-06-12:12:28,5,6,3.126970
411,2022-01-06-12:12:32,6,3,3.685025
412,2022-01-06-12:12:34,3,4,2.153584
413,2022-01-06-12:12:35,4,1,1.343954
414,2022-01-06-12:12:37,1,4,1.286960
415,2022-01-06-12:12:38,4,1,1.330602
416,2022-01-06-12:12:40,1,2,1.976859
417,2022-01-06-12:12:42,2,0,1.771095
418,2022-01-06-12:12:43,0,1,1.095441
419,2022-01-06-12:12:44,1,0,1.015886
420,2022-01-06-12:12:45,0,4,1.524673
421,2022-01-06-12:12:47,4,1,1.319990
422,2022-01-06-12:12:48,1,4,1.327501
423,2022-01-06-12:12:49,4,1,1.332419
424,2022-01-06-12:12:51,1,4,1.289658
425,2022-01-06-12:12:52,4,5,1.791800
426,2022-01-06-12:12:54,5,4,1.766020
427,2022-01-06-12:12:56,4,0,1.572571
428,2022-01-06-12:12:58,0,2,1.722819
429,2022-01-06-12:13:01,2,6,3.038802
430,2022-01-06-12:13:04,6,3,3.690871
431,2022-01-06-12:13:07,3,0,2.360587
432,2022-01-06-12:13:09,0,3,2.409110
433,2022-01-06-12:13:13,3,6,3.653033
434,2022-01-06-12:13:16,6,0,3.445911
435,2022-01-06-12:13:19,0,3,2.435918
436,2022-01-06-12:13:22,3,6,3.656937
437,2022-01-06-12:13:26,6,3,3.718323
438,2022-01-06-12:13:28,3,1,2.269594
439,2022-01-06-12:13:32,1,6,3.560705
440,2022-01-06-12:13:35,6,0,3.455853
441,2022-01-06-12:13:37,0,2,1.767382
442,2022-01-06-12:13:39,2,4,1.790540
443,2022-01-06-12:13:42,4,6,3.487128
444,2022-01-06-12:13:45,6,2,3.141775
445,2022-01-06-12:13:47,2,0,1.702771
446,2022-01-06-12:13:49,0,2,1.752696
447,2022-01-06-12:13:52,2,6,3.057846
448,2022-01-06-12:13:56,6,7,4.062027
449,2022-01-06-12:13:59,7,2,2.619825
450,2022-01-06-12:14:00,2,0,1.730843
451,2022-01-06-12:14:02,0,5,1.936066
452,2022-01-06-12:14:05,5,7,2.642947
453,2022-01-06-12:14:09,7,6,3.993809
454,2022-01-06-12:14:13,6,3,3.656909
455,2022-01-06-12:14:15,3,5,2.226403
456,2022-01-06-12:14:18,5,6,3.147582
457,2022-01-06-12:14:21,6,5,3.115616
458,2022-01-06-12:14:23,5,3,2.188474
459,2022-01-06-12:14:25,3,7,2.203119
460,2022-01-06-12:14:30,7,6,4.061520
461,2022-01-06-12:14:33,6,1,3.575952
462,2022-01-06-12:14:35,1,3,2.275046
463,2022-01-06-12:14:38,3,0,2.337820
464,2022-01-06-12:14:39,0,2,1.742367
465,2022-01-06-12:14:43,2,6,3.132880
466,2022-01-06-12:14:46,6,3,3.572279
467,2022-01-06-12:14:48,3,4,2.093445
468,2022-01-06-12:14:52,4,6,3.478147
469,2022-01-06-12:14:55,6,0,3.517801
470,2022-01-06-12:14:57,0,2,1.743362
471,2022-01-06-12:15:00,2,3,2.531962
472,2022-01-06-12:15:02,3,5,2.205611
473,2022-01-06-12:15:04,5,7,2.543052
474,2022-01-06-12:15:08,7,6,4.008171
475,2022-01-06-12:15:12,6,4,3.458754
476,2022-01-06-12:15:14,4,5,1.786210
477,2022-01-06-12:15:15,5,4,1.799873
478,2022-01-06-12:15:17,4,7,1.899155
479,2022-01-06-12:15:19,7,4,1.868266
480,2022-01-06-12:15:21,4,3,2.147366
481,2022-01-06-12:15:25,3,6,3.693625
482,2022-01-06-12:15:28,6,2,3.095888
483,2022-01-06-12:15:31,2,7,2.605184
484,2022-01-06-12:15:33,7,5,2.645745
485,2022-01-06-12:15:36,5,7,2.587668
486,2022-01-06-12:15:38,7,5,2.538052
487,2022-01-06-12:15:40,5,4,1.814132
488,2022-01-06-12:15:42,4,2,1.841592
489,2022-01-06-12:15:44,2,0,1.739752
490,2022-01-06-12:15:46,0,5,1.872036
491,2022-01-06-12:15:49,5,6,3.042817
492,2022-01-06-12:15:52,6,5,3.134649
493,2022-01-06-12:15:55,5,6,3.136598
494,2022-01-06-12:15:58,6,0,3.452414
495,2022-01-06-12:16:00,0,5,1.948639
496,2022-01-06-12:16:02,5,2,1.565239
497,2022-01-06-12:16:05,2,3,2.603220
498,2022-01-06-12:16:08,3,6,3.662102
499,2022-01-06-12:16:12,6,3,3.654445
500,2022-01-06-12:16:14,3,0,2.362659
501,2022-01-06-12:16:15,0,1,1.092458
502,2022-01-06-12:16:17,1,4,1.341211
503,2022-01-06-12:16:18,4,0,1.522434
504,2022-01-06-12:16:20,0,5,1.901608
505,2022-01-06-12:16:23,5,7,2.620453
506,2022-01-06-12:16:27,7,6,4.014309
507,2022-01-06-12:16:30,6,4,3.439014
508,2022-01-06-12:16:32,4,1,1.329770
509,2022-01-06-12:16:35,1,6,3.534218
510,2022-01-06-12:16:39,6,1,3.559529
511,2022-01-06-12:16:40,1,0,1.107417
512,2022-01-06-12:16:41,0,4,1.545199
513,2022-01-06-12:16:45,4,6,3.435881
514,2022-01-06-12:16:48,6,2,3.072167
515,2022-01-06-12:16:51,2,6,3.109644
516,2022-01-06-12:16:54,6,2,3.089370
517,2022-01-06-12:16:57,2,7,2.654411
518,2022-01-06-12:16:59,7,5,2.646844
519,2022-01-06-12:17:02,5,6,3.167016
520,2022-01-06-12:17:06,6,7,4.042620
521,2022-01-06-12:17:10,7,6,4.007130
522,2022-01-06-12:17:14,6,1,3.551551
523,2022-01-06-12:17:15,1,4,1.320072
524,2022-01-06-12:17:17,4,5,1.749481
525,2022-01-06-12:17:19,5,1,1.922783
526,2022-01-06-12:17:20,1,4,1.317927
527,2022-01-06-12:17:22,4,2,1.741012
528,2022-01-06-12:17:24,2,1,2.016518
529,2022-01-06-12:17:26,1,3,2.255596
530,2022-01-06-12:17:30,3,6,3.662800
531,2022-01-06-12:17:34,6,4,3.479995
532,2022-01-06-12:17:35,4,2,1.807779
533,2022-01-06-12:17:37,2,1,2.015517
534,2022-01-06-12:17:39,1,2,1.980586
535,2022-01-06-12:17:42,2,3,2.602664
536,2022-01-06-12:17:44,3,2,2.531149
537,2022-01-06-12:17:46,2,1,1.928505
538,2022-01-06-12:17:48,1,2,1.931948
539,2022-01-06-12:17:50,2,5,1.520212
540,2022-01-06-12:17:52,5,7,2.641163
541,2022-01-06-12:17:55,7,5,2.530447
542,2022-01-06-12:17:57,5,1,1.924380
543,2022-01-06-12:17:59,1,3,2.228508
544,2022-01-06-12:18:01,3,4,2.149813
545,2022-01-06-12:18:03,4,5,1.791989
546,2022-01-06-12:18:05,5,4,1.764957
547,2022-01-06-12:18:06,4,0,1.524076
548,2022-01-06-12:18:09,0,3,2.372757
549,2022-01-06-12:18:11,3,5,2.194999
550,2022-01-06-12:18:14,5,6,3.107573
551,2022-01-06-12:18:18,6,3,3.668964
552,2022-01-06-12:18:20,3,1,2.268646
553,2022-01-06-12:18:21,1,0,1.042770
554,2022-01-06-12:18:23,0,4,1.522706
555,2022-01-06-12:18:24,4,5,1.753381
556,2022-01-06-12:18:26,5,0,1.899651
557,2022-01-06-12:18:28,0,4,1.524738
558,2022-01-06-12:18:29,4,1,1.313363
559,2022-01-06-12:18:30,1,0,1.052999
560,2022-01-06-12:18:32,0,2,1.769567
561,2022-01-06-12:18:34,2,7,2.602130
562,2022-01-06-12:18:37,7,3,2.136224
563,2022-01-06-12:18:39,3,7,2.118516
564,2022-01-06-12:18:43,7,6,3.941072
565,2022-01-06-12:18:46,6,4,3.480720
566,2022-01-06-12:18:48,4,3,2.140833
567,2022-01-06-12:18:50,3,4,2.114022
568,2022-01-06-12:18:54,4,6,3.433811
569,2022-01-06-12:18:57,6,2,3.047359
570,2022-01-06-12:18:59,2,1,1.980787
571,2022-01-06-12:19:01,1,7,1.663293
572,2022-01-06-12:19:03,7,5,2.647280
573,2022-01-06-12:19:05,5,3,2.238019
574,2022-01-06-12:19:08,3,0,2.392081
575,2022-01-06-12:19:09,0,4,1.536842
576,2022-01-06-12:19:13,4,6,3.406622
577,2022-01-06-12:19:16,6,3,3.614960
578,2022-01-06-12:19:19,3,5,2.157650
579,2022-01-06-12:19:20,5,2,1.528905
580,2022-01-06-12:19:22,2,5,1.521764
581,2022-01-06-12:19:24,5,7,2.546576
582,2022-01-06-12:19:27,7,5,2.527625
583,2022-01-06-12:19:29,5,1,1.945226
584,2022-01-06-12:19:31,1,5,1.921588
585,2022-01-06-12:19:34,5,6,3.160145
586,2022-01-06-12:19:37,6,5,3.049455
587,2022-01-06-12:19:39,5,7,2.600438
588,2022-01-06-12:19:41,7,1,1.652122
589,2022-01-06-12:19:43,1,3,2.219822
590,2022-01-06-12:19:46,3,0,2.397144
591,2022-01-06-12:19:48,0,7,1.924890
592,2022-01-06-12:19:49,7,0,1.884459
593,2022-01-06-12:19:52,0,3,2.399427
594,2022-01-06-12:19:54,3,4,2.140314
595,2022-01-06-12:19:56,4,3,2.139111
596,2022-01-06-12:19:58,3,1,2.192467
597,2022-01-06-12:20:00,1,4,1.315655
598,2022-01-06-12:20:01,4,1,1.318313
599,2022-01-06-12:20:03,1,3,2.216618
600,2022-01-06-12:20:05,3,5,2.188289
601,2022-01-06-12:20:07,5,2,1.562801
602,2022-01-06-12:20:10,2,3,2.657184
603,2022-01-06-12:20:12,3,5,2.178257
604,2022-01-06-12:20:13,5,4,1.743188
605,2022-01-06-12:20:17,4,6,3.420009
606,2022-01-06-12:20:21,6,7,4.005283
607,2022-01-06-12:20:23,7,1,1.690639
608,2022-01-06-12:20:25,1,3,2.249905
609,2022-01-06-12:20:27,3,0,2.418923
610,2022-01-06-12:20:29,0,5,1.924519
611,2022-01-06-12:20:31,5,3,2.210150
612,2022-01-06-12:20:35,3,6,3.652003
613,2022-01-06-12:20:39,6,3,3.620894
614,2022-01-06-12:20:42,3,6,3.697154
615,2022-01-06-12:20:46,6,0,3.450626
616,2022-01-06-12:20:47,0,4,1.570223
617,2022-01-06-12:20:50,4,3,2.190258
618,2022-01-06-12:20:53,3,6,3.661997
619,2022-01-06-12:20:57,6,0,3.450112
620,2022-01-06-12:20:59,0,5,1.881701
621,2022-01-06-12:21:00,5,2,1.527742
622,2022-01-06-12:21:03,2,3,2.567527
623,2022-01-06-12:21:05,3,7,2.135154
624,2022-01-06-12:21:07,7,4,1.933859
625,2022-01-06-12:21:10,4,6,3.442109
626,2022-01-06-12:21:14,6,3,3.640611
627,2022-01-06-12:21:16,3,2,2.530229
628,2022-01-06-12:21:18,2,4,1.788456
629,2022-01-06-12:21:20,4,7,1.839465
630,2022-01-06-12:21:22,7,3,2.104115
631,2022-01-06-12:21:24,3,7,2.131573
632,2022-01-06-12:21:28,7,6,4.025653
633,2022-01-06-12:21:32,6,0,3.446462
634,2022-01-06-12:21:34,0,5,1.941734
635,2022-01-06-12:21:37,5,6,3.114298
636,2022-01-06-12:21:40,6,0,3.458750
637,2022-01-06-12:21:43,0,3,2.407156
638,2022-01-06-12:21:45,3,5,2.126826
639,2022-01-06-12:21:47,5,4,1.752208
640,2022-01-06-12:21:48,4,0,1.544918
641,2022-01-06-12:21:50,0,2,1.744219
642,2022-01-06-12:21:53,2,6,3.101074
643,2022-01-06-12:21:56,6,2,3.071547
644,2022-01-06-12:21:59,2,3,2.601272
645,2022-01-06-12:22:01,3,4,2.093438
646,2022-01-06-12:22:02,4,2,1.761907
647,2022-01-06-12:22:05,2,3,2.572614
648,2022-01-06-12:22:07,3,4,2.144962
649,2022-01-06-12:22:11,4,6,3.457101
650,2022-01-06-12:22:14,6,1,3.513130
651,2022-01-06-12:22:15,1,4,1.314660
652,2022-01-06-12:22:19,4,6,3.442464
653,2022-01-06-12:22:23,6,7,4.076212
654,2022-01-06-12:22:25,7,4,1.887659
655,2022-01-06-12:22:27,4,5,1.758604
656,2022-01-06-12:22:29,5,7,2.563564
657,2022-01-06-12:22:31,7,0,1.921051
658,2022-01-06-12:22:33,0,5,1.896741
659,2022-01-06-12:22:35,5,3,2.185686
660,2022-01-06-12:22:38,3,2,2.586583
661,2022-01-06-12:22:39,2,0,1.728672
662,2022-01-06-12:22:41,0,7,1.965991
663,2022-01-06-12:22:43,7,4,1.893447
664,2022-01-06-12:22:45,4,3,2.125868
665,2022-01-06-12:22:48,3,1,2.226007
666,2022-01-06-12:22:49,1,7,1.690045
667,2022-01-06-12:22:53,7,6,3.954734
668,2022-01-06-12:22:57,6,1,3.510738
669,2022-01-06-12:22:58,1,4,1.378976
670,2022-01-06-12:23:00,4,7,1.820181
671,2022-01-06-12:23:03,7,2,2.601102
672,2022-01-06-12:23:04,2,0,1.723861
673,2022-01-06-12:23:06,0,5,1.853969
674,2022-01-06-12:23:08,5,1,1.924858
675,2022-01-06-12:23:10,1,5,1.923097
676,2022-01-06-12:23:12,5,3,2.172996
677,2022-01-06-12:23:16,3,6,3.655248
678,2022-01-06-12:23:19,6,5,3.083145
679,2022-01-06-12:23:22,5,6,3.059597
680,2022-01-06-12:23:26,6,1,3.571818
681,2022-01-06-12:23:29,1,6,3.543297
682,2022-01-06-12:23:32,6,2,3.072580
683,2022-01-06-12:23:34,2,0,1.739587
684,2022-01-06-12:23:37,0,6,3.438677
685,2022-01-06-12:23:41,6,7,3.953591
686,2022-01-06-12:23:43,7,0,1.924207
687,2022-01-06-12:23:44,0,1,1.141429
688,2022-01-06-12:23:47,1,3,2.239063
689,2022-01-06-12:23:49,3,0,2.384416
690,2022-01-06-12:23:51,0,5,1.938819
691,2022-01-06-12:23:54,5,6,3.113178
692,2022-01-06-12:23:58,6,1,3.578012
693,2022-01-06-12:23:59,1,7,1.673253
694,2022-01-06-12:24:03,7,6,4.072536
695,2022-01-06-12:24:07,6,1,3.516582
696,2022-01-06-12:24:10,1,6,3.505332
697,2022-01-06-12:24:14,6,7,3.954609
698,2022-01-06-12:24:18,7,6,3.969910
699,2022-01-06-12:24:22,6,4,3.431442
700,2022-01-06-12:24:23,4,0,1.514043
701,2022-01-06-12:24:25,0,5,1.885308
702,2022-01-06-12:24:27,5,3,2.187810
703,2022-01-06-12:24:30,3,1,2.163657
704,2022-01-06-12:24:31,1,7,1.684531
705,2022-01-06-12:24:33,7,0,1.894676
706,2022-01-06-12:24:35,0,5,1.883117
707,2022-01-06-12:24:37,5,2,1.522869
708,2022-01-06-12:24:40,2,6,3.087031
709,2022-01-06-12:24:43,6,3,3.603510
710,2022-01-06-12:24:45,3,5,2.147959
711,2022-01-06-12:24:47,5,0,1.901458
712,2022-01-06-12:24:51,0,6,3.426705
713,2022-01-06-12:24:54,6,1,3.536289
714,2022-01-06-12:24:56,1,3,2.208219
715,2022-01-06-12:24:59,3,2,2.540050
716,2022-01-06-12:25:01,2,1,2.009340
717,2022-01-06-12:25:03,1,3,2.240202
718,2022-01-06-12:25:06,3,0,2.367558
719,2022-01-06-12:25:07,0,1,1.085571
720,2022-01-06-12:25:10,1,6,3.542413
721,2022-01-06-12:25:13,6,2,3.100811
722,2022-01-06-12:25:16,2,7,2.540714
723,2022-01-06-12:25:18,7,1,1.646782
724,2022-01-06-12:25:21,1,6,3.532367
725,2022-01-06-12:25:25,6,7,3.943739
726,2022-01-06-12:25:27,7,3,2.125274
727,2022-01-06-12:25:29,3,5,2.137324
728,2022-01-06-12:25:31,5,3,2.147887
729,2022-01-06-12:25:34,3,2,2.549168
730,2022-01-06-12:25:35,2,5,1.521400
731,2022-01-06-12:25:37,5,1,1.966962
732,2022-01-06-12:25:40,1,3,2.195216
733,2022-01-06-12:25:42,3,0,2.319372
734,2022-01-06-12:25:44,0,2,1.717055
735,2022-01-06-12:25:47,2,6,3.069699
736,2022-01-06-12:25:50,6,1,3.535691
737,2022-01-06-12:25:53,1,3,2.219093
738,2022-01-06-12:25:55,3,2,2.587460
739,2022-01-06-12:25:57,2,0,1.737605
740,2022-01-06-12:25:58,0,1,1.009839
741,2022-01-06-12:26:01,1,6,3.536471
742,2022-01-06-12:26:04,6,5,3.104682
743,2022-01-06-12:26:07,5,7,2.576555
744,2022-01-06-12:26:10,7,2,2.559320
745,2022-01-06-12:26:11,2,5,1.531442
746,2022-01-06-12:26:13,5,3,2.191075
747,2022-01-06-12:26:15,3,7,2.134483
748,2022-01-06-12:26:18,7,3,2.094974
749,2022-01-06-12:26:20,3,5,2.197847
750,2022-01-06-12:26:23,5,6,3.083681
751,2022-01-06-12:26:27,6,7,3.959337
752,2022-01-06-12:26:31,7,6,3.958872
753,2022-01-06-12:26:34,6,2,3.062941
754,2022-01-06-12:26:35,2,5,1.531115
755,2022-01-06-12:26:38,5,6,3.091055
756,2022-01-06-12:26:42,6,7,4.013653
757,2022-01-06-12:26:44,7,1,1.668706
758,2022-01-06-12:26:46,1,5,1.921227
759,2022-01-06-12:26:48,5,1,1.893349
760,2022-01-06-12:26:49,1,0,0.977285
761,2022-01-06-12:26:50,0,4,1.512978
762,2022-01-06-12:26:52,4,2,1.789240
763,2022-01-06-12:26:54,2,4,1.725864
764,2022-01-06-12:26:55,4,1,1.318057
765,2022-01-06-12:26:57,1,4,1.339267
766,2022-01-06-12:27:00,4,6,3.414862
767,2022-01-06-12:27:03,6,5,3.092186
768,2022-01-06-12:27:05,5,0,1.892282
769,2022-01-06-12:27:07,0,4,1.526063
770,2022-01-06-12:27:08,4,1,1.314429
771,2022-01-06-12:27:09,1,4,1.327738
772,2022-01-06-12:27:11,4,5,1.748803
773,2022-01-06-12:27:13,5,0,1.889387
774,2022-01-06-12:27:14,0,4,1.578889
775,2022-01-06-12:27:16,4,1,1.318489
776,2022-01-06-12:27:17,1,4,1.325124
777,2022-01-06-12:27:19,4,3,2.091648
778,2022-01-06-12:27:23,3,6,3.615249
779,2022-01-06-12:27:26,6,2,3.041567
780,2022-01-06-12:27:28,2,3,2.576110
781,2022-01-06-12:27:31,3,1,2.197881
782,2022-01-06-12:27:33,1,5,1.924689
783,2022-01-06-12:27:34,5,1,1.927171
784,2022-01-06-12:27:38,1,6,3.539596
785,2022-01-06-12:27:41,6,2,3.063488
786,2022-01-06-12:27:43,2,0,1.720057
787,2022-01-06-12:27:46,0,6,3.446801
788,2022-01-06-12:27:50,6,0,3.420227
789,2022-01-06-12:27:51,0,2,1.689708
790,2022-01-06-12:27:53,2,5,1.525098
791,2022-01-06-12:27:55,5,0,1.881551
792,2022-01-06-12:27:57,0,5,1.830228
793,2022-01-06-12:27:58,5,4,1.755643
794,2022-01-06-12:28:00,4,7,1.866213
795,2022-01-06-12:28:03,7,2,2.594277
796,2022-01-06-12:28:06,2,6,3.090498
797,2022-01-06-12:28:10,6,7,3.950870
798,2022-01-06-12:28:12,7,3,2.133487
799,2022-01-06-12:28:14,3,0,2.318889
800,2022-01-06-12:28:16,0,2,1.735559
801,2022-01-06-12:28:19,2,6,3.139742
802,2022-01-06-12:28:23,6,0,3.408240
803,2022-01-06-12:28:24,0,5,1.820632
804,2022-01-06-12:28:26,5,4,1.766505
805,2022-01-06-12:28:28,4,5,1.727808
806,2022-01-06-12:28:29,5,2,1.522101
807,2022-01-06-12:28:32,2,7,2.566025
808,2022-01-06-12:28:34,7,0,1.920396
809,2022-01-06-12:28:36,0,3,2.331949
810,2022-01-06-12:28:39,3,2,2.557733
811,2022-01-06-12:28:40,2,4,1.719632
812,2022-01-06-12:28:42,4,1,1.296324
813,2022-01-06-12:28:44,1,3,2.199029
814,2022-01-06-12:28:46,3,7,2.127704
815,2022-01-06-12:28:48,7,0,1.933756
816,2022-01-06-12:28:50,0,2,1.715015
817,2022-01-06-12:28:52,2,1,1.986638
818,2022-01-06-12:28:54,1,5,1.925148
819,2022-01-06-12:28:57,5,6,3.049241
820,2022-01-06-12:29:00,6,0,3.408209
821,2022-01-06-12:29:04,0,6,3.439081
822,2022-01-06-12:29:07,6,7,3.939481
823,2022-01-06-12:29:10,7,3,2.121332
824,2022-01-06-12:29:12,3,4,2.124367
825,2022-01-06-12:29:15,4,6,3.499268
826,2022-01-06-12:29:19,6,7,3.997926
827,2022-01-06-12:29:21,7,1,1.687191
828,2022-01-06-12:29:23,1,5,1.885627
829,2022-01-06-12:29:25,5,0,1.863574
830,2022-01-06-12:29:26,0,2,1.718095
831,2022-01-06-12:29:29,2,7,2.542647
832,2022-01-06-12:29:31,7,5,2.558294
833,2022-01-06-12:29:33,5,4,1.784620
834,2022-01-06-12:29:35,4,3,2.139974
835,2022-01-06-12:29:38,3,0,2.330444
836,2022-01-06-12:29:39,0,4,1.494683
837,2022-01-06-12:29:41,4,7,1.829834
838,2022-01-06-12:29:43,7,0,1.919570
839,2022-01-06-12:29:44,0,4,1.487927
840,2022-01-06-12:29:48,4,6,3.406187
841,2022-01-06-12:29:52,6,3,3.643389
842,2022-01-06-12:29:54,3,0,2.318142
843,2022-01-06-12:29:56,0,5,1.837736
844,2022-01-06-12:29:58,5,1,1.926683
845,2022-01-06-12:30:01,1,6,3.529691
846,2022-01-06-12:30:05,6,4,3.436650
847,2022-01-06-12:30:08,4,6,3.467403
848,2022-01-06-12:30:12,6,1,3.606491
849,2022-01-06-12:30:14,1,2,1.970678
850,2022-01-06-12:30:15,2,5,1.513157
851,2022-01-06-12:30:18,5,6,3.054492
852,2022-01-06-12:30:22,6,7,3.992648
853,2022-01-06-12:30:25,7,5,2.598000
854,2022-01-06-12:30:27,5,0,1.941932
855,2022-01-06-12:30:29,0,3,2.394908
856,2022-01-06-12:30:31,3,5,2.132248
857,2022-01-06-12:30:34,5,6,3.061264
858,2022-01-06-12:30:38,6,2,3.099068
859,2022-01-06-12:30:39,2,0,1.715225
860,2022-01-06-12:30:41,0,4,1.535093
861,2022-01-06-12:30:42,4,1,1.384221
862,2022-01-06-12:30:43,1,4,1.319375
863,2022-01-06-12:30:45,4,1,1.313730
864,2022-01-06-12:30:46,1,7,1.625200
865,2022-01-06-12:30:48,7,0,1.931068
866,2022-01-06-12:30:50,0,4,1.498784
867,2022-01-06-12:30:52,4,7,1.829433
868,2022-01-06-12:30:54,7,5,2.601363
869,2022-01-06-12:30:56,5,1,1.912966
870,2022-01-06-12:30:58,1,4,1.311275
871,2022-01-06-12:31:01,4,6,3.409949
872,2022-01-06-12:31:04,6,5,3.040844
873,2022-01-06-12:31:07,5,7,2.544401
874,2022-01-06-12:31:10,7,6,3.956417
875,2022-01-06-12:31:14,6,3,3.663372
876,2022-01-06-12:31:16,3,0,2.331837
877,2022-01-06-12:31:18,0,5,1.887561
878,2022-01-06-12:31:21,5,3,2.201839
879,2022-01-06-12:31:24,3,6,3.617214
880,2022-01-06-12:31:28,6,3,3.611483
881,2022-01-06-12:31:30,3,5,2.195494
882,2022-01-06-12:31:32,5,1,1.928971
883,2022-01-06-12:31:35,1,6,3.522060
884,2022-01-06-12:31:38,6,5,3.037704
885,2022-01-06-12:31:40,5,1,1.929931
886,2022-01-06-12:31:42,1,2,1.942293
887,2022-01-06-12:31:44,2,4,1.726006
888,2022-01-06-12:31:46,4,2,1.817512
889,2022-01-06-12:31:47,2,5,1.535367
890,2022-01-06-12:31:50,5,7,2.531859
891,2022-01-06-12:31:52,7,0,1.925557
892,2022-01-06-12:31:53,0,4,1.526618
893,2022-01-06-12:31:56,4,3,2.129450
894,2022-01-06-12:31:58,3,5,2.149781
895,2022-01-06-12:32:00,5,7,2.545592
896,2022-01-06-12:32:02,7,1,1.640478
897,2022-01-06-12:32:04,1,5,1.916544
898,2022-01-06-12:32:06,5,1,1.924713
899,2022-01-06-12:32:08,1,3,2.230524
900,2022-01-06-12:32:11,3,2,2.592825
901,2022-01-06-12:32:14,2,6,3.088136
902,2022-01-06-12:32:18,6,7,3.959077
903,2022-01-06-12:32:22,7,6,3.965590
904,2022-01-06-12:32:25,6,4,3.421265
905,2022-01-06-12:32:27,4,5,1.788630
906,2022-01-06-12:32:29,5,4,1.759573
907,2022-01-06-12:32:30,4,1,1.320105
908,2022-01-06-12:32:32,1,2,1.932970
909,2022-01-06-12:32:34,2,7,2.635207
910,2022-01-06-12:32:36,7,4,1.937609
911,2022-01-06-12:32:38,4,0,1.521507
912,2022-01-06-12:32:40,0,2,1.721211
913,2022-01-06-12:32:42,2,1,1.960590
914,2022-01-06-12:32:44,1,3,2.229094
915,2022-01-06-12:32:46,3,2,2.566350
916,2022-01-06-12:32:48,2,0,1.731614
917,2022-01-06-12:32:50,0,3,2.355964
918,2022-01-06-12:32:52,3,7,2.069100
