"iteration,date,init_position,final_position,time"
0,2022-01-27-20:02:08,-1,1,3.16241
1,2022-01-27-20:02:09,1,7,1.73549
2,2022-01-27-20:02:11,7,1,1.68806
3,2022-01-27-20:02:13,1,5,2.19434
4,2022-01-27-20:02:15,5,0,1.95329
5,2022-01-27-20:02:16,0,1,1.12201
6,2022-01-27-20:02:18,1,7,1.68788
7,2022-01-27-20:02:20,7,1,1.69632
8,2022-01-27-20:02:22,1,5,2.00579
9,2022-01-27-20:02:25,5,3,3.36469
10,2022-01-27-20:02:29,3,1,3.55728
11,2022-01-27-20:02:32,1,6,3.69413
12,2022-01-27-20:02:36,6,0,3.61457
13,2022-01-27-20:02:37,0,1,1.10000
14,2022-01-27-20:02:38,1,0,1.09452
15,2022-01-27-20:02:40,0,2,1.74225
16,2022-01-27-20:02:43,2,3,2.93689
17,2022-01-27-20:02:46,3,7,3.30320
18,2022-01-27-20:02:50,7,3,3.34183
19,2022-01-27-20:02:53,3,0,3.24957
20,2022-01-27-20:02:55,0,2,1.79593
21,2022-01-27-20:02:57,2,7,2.63219
22,2022-01-27-20:02:59,7,0,1.94557
23,2022-01-27-20:03:01,0,4,1.57058
24,2022-01-27-20:03:03,4,3,2.13468
25,2022-01-27-20:03:05,3,5,2.23404
26,2022-01-27-20:03:07,5,2,1.59004
27,2022-01-27-20:03:08,2,5,1.52748
28,2022-01-27-20:03:11,5,3,2.44975
29,2022-01-27-20:03:13,3,5,2.32816
30,2022-01-27-20:03:16,5,7,2.63798
31,2022-01-27-20:03:19,7,4,3.63935
32,2022-01-27-20:03:23,4,1,3.81901
33,2022-01-27-20:03:24,1,0,1.11772
34,2022-01-27-20:03:26,0,7,1.98001
35,2022-01-27-20:03:28,7,3,2.19646
36,2022-01-27-20:03:31,3,1,2.90475
37,2022-01-27-20:03:33,1,7,1.73644
38,2022-01-27-20:03:35,7,4,1.89745
39,2022-01-27-20:03:37,4,5,1.77191
40,2022-01-27-20:03:39,5,7,2.60603
41,2022-01-27-20:03:42,7,2,2.76180
42,2022-01-27-20:03:45,2,7,2.60477
43,2022-01-27-20:03:46,7,1,1.69108
44,2022-01-27-20:03:50,1,6,3.70055
45,2022-01-27-20:03:54,6,0,3.65503
46,2022-01-27-20:03:56,0,5,2.01917
47,2022-01-27-20:03:58,5,7,2.60106
48,2022-01-27-20:04:01,7,6,2.61716
49,2022-01-27-20:04:05,6,4,4.11971
50,2022-01-27-20:04:07,4,1,1.39518
51,2022-01-27-20:04:08,1,4,1.32703
52,2022-01-27-20:04:09,4,0,1.55335
53,2022-01-27-20:04:11,0,7,1.95167
54,2022-01-27-20:04:13,7,4,2.00393
55,2022-01-27-20:04:15,4,5,1.82709
56,2022-01-27-20:04:17,5,1,2.01249
57,2022-01-27-20:04:18,1,0,1.09535
58,2022-01-27-20:04:20,0,2,1.81123
59,2022-01-27-20:04:23,2,3,3.35877
60,2022-01-27-20:04:27,3,6,3.15714
61,2022-01-27-20:04:31,6,7,4.05609
62,2022-01-27-20:04:32,7,1,1.73122
63,2022-01-27-20:04:35,1,3,2.75218
64,2022-01-27-20:04:38,3,1,2.38010
65,2022-01-27-20:04:40,1,5,2.26675
66,2022-01-27-20:04:42,5,7,2.62566
67,2022-01-27-20:04:46,7,1,3.46190
68,2022-01-27-20:04:50,1,6,3.60764
69,2022-01-27-20:04:53,6,2,3.23413
70,2022-01-27-20:04:54,2,0,1.74982
71,2022-01-27-20:04:57,0,6,2.85219
72,2022-01-27-20:05:01,6,2,3.42341
73,2022-01-27-20:05:03,2,1,2.02940
74,2022-01-27-20:05:05,1,3,2.25652
75,2022-01-27-20:05:08,3,1,2.50483
76,2022-01-27-20:05:10,1,3,2.61016
77,2022-01-27-20:05:12,3,4,2.10438
78,2022-01-27-20:05:14,4,2,1.89800
79,2022-01-27-20:05:16,2,0,1.76089
80,2022-01-27-20:05:18,0,4,1.59817
81,2022-01-27-20:05:19,4,2,1.89409
82,2022-01-27-20:05:23,2,6,3.20213
83,2022-01-27-20:05:26,6,4,3.41771
84,2022-01-27-20:05:29,4,5,3.44579
85,2022-01-27-20:05:32,5,7,2.64154
86,2022-01-27-20:05:35,7,0,3.09339
87,2022-01-27-20:05:36,0,1,1.09398
88,2022-01-27-20:05:40,1,3,3.77342
89,2022-01-27-20:05:44,3,4,3.71524
90,2022-01-27-20:05:46,4,5,1.80244
91,2022-01-27-20:05:47,5,2,1.81051
92,2022-01-27-20:05:50,2,7,2.63308
93,2022-01-27-20:05:53,7,0,3.16843
94,2022-01-27-20:05:56,0,6,2.94304
95,2022-01-27-20:05:59,6,1,2.87034
96,2022-01-27-20:06:01,1,7,1.69162
97,2022-01-27-20:06:03,7,0,2.02725
98,2022-01-27-20:06:05,0,7,1.96738
99,2022-01-27-20:06:07,7,6,2.68293
100,2022-01-27-20:06:10,6,7,2.65457
101,2022-01-27-20:06:14,7,4,4.32469
102,2022-01-27-20:06:18,4,1,4.02191
103,2022-01-27-20:06:20,1,7,1.73028
104,2022-01-27-20:06:22,7,3,2.30311
105,2022-01-27-20:06:25,3,0,2.53595
106,2022-01-27-20:06:27,0,4,1.53123
107,2022-01-27-20:06:29,4,3,2.12647
108,2022-01-27-20:06:31,3,1,2.26606
109,2022-01-27-20:06:32,1,0,1.13755
110,2022-01-27-20:06:34,0,4,1.56178
111,2022-01-27-20:06:36,4,3,2.13291
112,2022-01-27-20:06:38,3,1,2.58627
113,2022-01-27-20:06:41,1,3,2.71633
114,2022-01-27-20:06:43,3,5,2.16968
115,2022-01-27-20:06:46,5,3,3.12502
116,2022-01-27-20:06:50,3,2,3.55355
117,2022-01-27-20:06:52,2,1,1.99805
118,2022-01-27-20:06:54,1,3,2.53307
119,2022-01-27-20:06:57,3,0,2.59424
120,2022-01-27-20:06:59,0,5,1.94541
121,2022-01-27-20:07:02,5,4,3.47932
122,2022-01-27-20:07:06,4,0,3.99232
123,2022-01-27-20:07:08,0,2,1.77029
124,2022-01-27-20:07:11,2,3,2.74465
125,2022-01-27-20:07:13,3,0,2.45406
126,2022-01-27-20:07:15,0,7,1.99590
127,2022-01-27-20:07:18,7,6,2.63409
128,2022-01-27-20:07:21,6,4,2.60932
129,2022-01-27-20:07:22,4,5,1.82138
130,2022-01-27-20:07:24,5,1,1.93772
131,2022-01-27-20:07:26,1,4,1.38407
132,2022-01-27-20:07:28,4,5,1.80601
133,2022-01-27-20:07:30,5,0,1.94063
134,2022-01-27-20:07:31,0,4,1.54040
135,2022-01-27-20:07:33,4,7,2.01071
136,2022-01-27-20:07:36,7,5,2.94485
137,2022-01-27-20:07:39,5,7,2.61778
138,2022-01-27-20:07:42,7,1,3.34220
139,2022-01-27-20:07:44,1,2,2.00015
140,2022-01-27-20:07:46,2,4,1.83216
141,2022-01-27-20:07:48,4,7,1.94650
142,2022-01-27-20:07:50,7,2,2.67766
143,2022-01-27-20:07:53,2,7,2.60980
144,2022-01-27-20:07:57,7,6,4.30646
145,2022-01-27-20:08:01,6,4,4.00724
146,2022-01-27-20:08:03,4,5,1.83451
147,2022-01-27-20:08:06,5,7,2.64723
148,2022-01-27-20:08:09,7,6,2.64735
149,2022-01-27-20:08:12,6,2,3.32219
150,2022-01-27-20:08:15,2,6,3.22879
151,2022-01-27-20:08:19,6,1,4.42501
152,2022-01-27-20:08:21,1,2,1.99687
153,2022-01-27-20:08:24,2,7,2.66677
154,2022-01-27-20:08:28,7,6,4.17450
155,2022-01-27-20:08:32,6,2,3.62510
156,2022-01-27-20:08:34,2,4,1.87123
157,2022-01-27-20:08:37,4,6,3.32095
158,2022-01-27-20:08:40,6,5,3.19735
159,2022-01-27-20:08:43,5,7,2.66064
160,2022-01-27-20:08:46,7,5,2.73402
161,2022-01-27-20:08:49,5,6,3.10897
162,2022-01-27-20:08:52,6,4,3.34540
163,2022-01-27-20:08:54,4,2,2.10102
164,2022-01-27-20:08:59,2,3,4.32978
165,2022-01-27-20:09:01,3,4,2.36090
166,2022-01-27-20:09:04,4,6,3.48184
167,2022-01-27-20:09:08,6,2,3.18982
168,2022-01-27-20:09:09,2,0,1.74400
169,2022-01-27-20:09:12,0,5,2.32253
170,2022-01-27-20:09:16,5,2,3.79827
171,2022-01-27-20:09:18,2,3,2.93165
172,2022-01-27-20:09:22,3,0,3.34405
173,2022-01-27-20:09:25,0,6,2.91328
174,2022-01-27-20:09:28,6,2,3.12234
175,2022-01-27-20:09:31,2,6,3.15799
176,2022-01-27-20:09:35,6,4,3.72948
177,2022-01-27-20:09:37,4,2,1.90078
178,2022-01-27-20:09:39,2,7,2.65092
179,2022-01-27-20:09:43,7,3,3.27810
180,2022-01-27-20:09:46,3,2,3.29296
181,2022-01-27-20:09:48,2,7,2.61958
182,2022-01-27-20:09:53,7,6,4.40394
183,2022-01-27-20:09:57,6,5,4.05120
184,2022-01-27-20:09:59,5,1,2.06417
185,2022-01-27-20:10:02,1,6,2.73175
186,2022-01-27-20:10:05,6,4,3.22487
187,2022-01-27-20:10:08,4,6,3.53671
188,2022-01-27-20:10:12,6,2,3.45171
189,2022-01-27-20:10:15,2,6,3.08244
190,2022-01-27-20:10:17,6,3,2.00892
191,2022-01-27-20:10:19,3,5,2.24753
192,2022-01-27-20:10:22,5,6,3.15636
193,2022-01-27-20:10:27,6,7,4.08279
194,2022-01-27-20:10:31,7,6,4.22015
195,2022-01-27-20:10:34,6,1,3.76675
196,2022-01-27-20:10:36,1,4,1.36743
197,2022-01-27-20:10:38,4,5,1.85037
198,2022-01-27-20:10:40,5,0,2.18499
199,2022-01-27-20:10:43,0,3,3.39942
200,2022-01-27-20:10:47,3,6,3.52191
201,2022-01-27-20:10:50,6,7,3.45768
202,2022-01-27-20:10:53,7,0,3.17112
203,2022-01-27-20:10:55,0,4,1.58802
204,2022-01-27-20:10:58,4,6,2.88306
205,2022-01-27-20:11:01,6,5,2.73523
206,2022-01-27-20:11:02,5,2,1.73715
207,2022-01-27-20:11:04,2,0,1.76424
208,2022-01-27-20:11:06,0,7,2.00024
209,2022-01-27-20:11:09,7,6,2.72428
210,2022-01-27-20:11:12,6,5,2.77648
211,2022-01-27-20:11:13,5,2,1.80135
212,2022-01-27-20:11:17,2,6,3.16141
213,2022-01-27-20:11:20,6,5,3.52830
214,2022-01-27-20:11:24,5,4,3.76239
215,2022-01-27-20:11:27,4,2,3.52494
216,2022-01-27-20:11:29,2,4,1.80739
217,2022-01-27-20:11:31,4,0,1.57110
218,2022-01-27-20:11:33,0,5,1.95138
219,2022-01-27-20:11:37,5,2,3.84945
220,2022-01-27-20:11:41,2,1,4.28524
221,2022-01-27-20:11:43,1,2,2.05177
222,2022-01-27-20:11:46,2,3,2.72668
223,2022-01-27-20:11:48,3,6,2.13973
224,2022-01-27-20:11:51,6,0,3.20825
225,2022-01-27-20:11:52,0,1,1.11435
226,2022-01-27-20:11:54,1,2,2.00581
227,2022-01-27-20:11:56,2,1,1.97364
228,2022-01-27-20:11:58,1,5,2.07642
229,2022-01-27-20:12:00,5,0,2.21114
230,2022-01-27-20:12:02,0,4,1.57260
231,2022-01-27-20:12:04,4,5,1.85831
232,2022-01-27-20:12:07,5,6,3.15745
233,2022-01-27-20:12:11,6,4,3.65065
234,2022-01-27-20:12:15,4,2,4.17837
235,2022-01-27-20:12:19,2,7,4.59991
236,2022-01-27-20:12:22,7,5,2.77058
237,2022-01-27-20:12:25,5,3,3.14624
238,2022-01-27-20:12:29,3,4,3.63948
239,2022-01-27-20:12:31,4,7,1.94760
240,2022-01-27-20:12:33,7,1,1.73712
241,2022-01-27-20:12:35,1,2,2.02173
242,2022-01-27-20:12:38,2,3,2.81350
243,2022-01-27-20:12:40,3,1,2.25258
244,2022-01-27-20:12:44,1,6,3.78994
245,2022-01-27-20:12:47,6,0,3.55698
246,2022-01-27-20:12:49,0,7,1.98670
247,2022-01-27-20:12:51,7,4,2.07155
248,2022-01-27-20:12:53,4,3,2.11162
249,2022-01-27-20:12:57,3,7,3.35204
250,2022-01-27-20:13:00,7,4,3.23608
251,2022-01-27-20:13:02,4,7,1.95928
252,2022-01-27-20:13:05,7,5,2.68027
253,2022-01-27-20:13:07,5,7,2.63930
254,2022-01-27-20:13:11,7,3,3.36148
255,2022-01-27-20:13:14,3,2,3.17449
256,2022-01-27-20:13:17,2,6,3.24472
257,2022-01-27-20:13:21,6,4,3.74146
258,2022-01-27-20:13:25,4,2,4.23711
259,2022-01-27-20:13:29,2,5,3.94286
260,2022-01-27-20:13:32,5,3,3.19884
261,2022-01-27-20:13:36,3,1,3.52737
262,2022-01-27-20:13:39,1,6,3.70911
263,2022-01-27-20:13:43,6,3,4.11535
264,2022-01-27-20:13:47,3,7,3.33929
265,2022-01-27-20:13:50,7,4,3.22300
266,2022-01-27-20:13:54,4,7,4.15247
267,2022-01-27-20:13:57,7,2,2.61846
268,2022-01-27-20:13:59,2,1,2.01576
269,2022-01-27-20:14:00,1,4,1.46821
270,2022-01-27-20:14:04,4,6,3.58079
271,2022-01-27-20:14:07,6,5,3.38064
272,2022-01-27-20:14:09,5,0,2.19807
273,2022-01-27-20:14:12,0,3,2.53068
274,2022-01-27-20:14:15,3,0,2.96925
275,2022-01-27-20:14:17,0,2,1.81637
276,2022-01-27-20:14:19,2,7,2.64210
277,2022-01-27-20:14:23,7,2,3.20258
278,2022-01-27-20:14:27,2,5,3.94553
279,2022-01-27-20:14:30,5,4,3.39616
280,2022-01-27-20:14:34,4,1,3.84298
281,2022-01-27-20:14:36,1,5,1.99258
282,2022-01-27-20:14:38,5,0,1.95227
283,2022-01-27-20:14:39,0,1,1.22513
284,2022-01-27-20:14:40,1,4,1.35502
285,2022-01-27-20:14:42,4,1,1.41854
286,2022-01-27-20:14:43,1,7,1.75620
287,2022-01-27-20:14:46,7,3,2.58834
288,2022-01-27-20:14:49,3,5,2.70074
289,2022-01-27-20:14:51,5,7,2.64960
290,2022-01-27-20:14:55,7,0,3.25521
291,2022-01-27-20:14:57,0,7,2.02636
292,2022-01-27-20:14:59,7,0,2.08206
293,2022-01-27-20:15:00,0,4,1.63785
294,2022-01-27-20:15:02,4,5,1.84410
295,2022-01-27-20:15:05,5,7,2.66961
296,2022-01-27-20:15:08,7,2,3.28056
297,2022-01-27-20:15:11,2,7,2.55434
298,2022-01-27-20:15:13,7,5,2.67175
299,2022-01-27-20:15:16,5,3,2.50822
300,2022-01-27-20:15:18,3,1,2.42203
301,2022-01-27-20:15:20,1,2,2.01653
302,2022-01-27-20:15:24,2,6,3.17757
303,2022-01-27-20:15:28,6,2,4.20324
304,2022-01-27-20:15:32,2,5,3.88739
305,2022-01-27-20:15:34,5,0,2.01075
306,2022-01-27-20:15:35,0,1,1.15944
307,2022-01-27-20:15:37,1,5,2.45295
308,2022-01-27-20:15:40,5,7,2.68841
309,2022-01-27-20:15:43,7,2,3.19510
310,2022-01-27-20:15:45,2,0,1.77055
311,2022-01-27-20:15:46,0,1,1.09516
312,2022-01-27-20:15:48,1,2,2.01089
313,2022-01-27-20:15:50,2,4,1.84120
314,2022-01-27-20:15:52,4,2,1.88434
315,2022-01-27-20:15:53,2,5,1.57041
316,2022-01-27-20:15:57,5,6,3.22804
317,2022-01-27-20:16:00,6,5,3.20420
318,2022-01-27-20:16:03,5,4,3.42152
319,2022-01-27-20:16:07,4,2,3.64853
320,2022-01-27-20:16:10,2,6,3.19076
321,2022-01-27-20:16:13,6,2,3.32438
322,2022-01-27-20:16:16,2,6,3.14636
323,2022-01-27-20:16:20,6,3,3.86648
324,2022-01-27-20:16:23,3,5,2.26194
325,2022-01-27-20:16:25,5,3,2.26208
326,2022-01-27-20:16:27,3,5,2.38685
327,2022-01-27-20:16:29,5,2,1.96003
328,2022-01-27-20:16:31,2,4,1.82390
329,2022-01-27-20:16:33,4,5,1.89084
330,2022-01-27-20:16:35,5,2,2.07415
331,2022-01-27-20:16:37,2,4,1.89703
332,2022-01-27-20:16:39,4,3,2.14231
333,2022-01-27-20:16:41,3,4,2.13654
334,2022-01-27-20:16:43,4,5,1.78306
335,2022-01-27-20:16:45,5,1,2.16794
336,2022-01-27-20:16:49,1,6,3.76177
337,2022-01-27-20:16:53,6,0,3.73831
338,2022-01-27-20:16:56,0,6,3.51682
339,2022-01-27-20:17:00,6,1,3.60119
340,2022-01-27-20:17:02,1,5,2.06280
341,2022-01-27-20:17:04,5,2,1.77744
342,2022-01-27-20:17:06,2,7,2.68090
343,2022-01-27-20:17:10,7,1,3.32752
344,2022-01-27-20:17:11,1,0,1.13496
345,2022-01-27-20:17:13,0,5,2.17323
346,2022-01-27-20:17:15,5,1,1.97345
347,2022-01-27-20:17:17,1,2,2.03234
348,2022-01-27-20:17:20,2,7,2.66515
349,2022-01-27-20:17:23,7,5,3.14052
350,2022-01-27-20:17:25,5,4,2.00660
351,2022-01-27-20:17:27,4,5,1.95444
352,2022-01-27-20:17:29,5,0,2.39389
353,2022-01-27-20:17:33,0,6,3.67089
354,2022-01-27-20:17:36,6,2,3.24377
355,2022-01-27-20:17:40,2,6,4.17663
356,2022-01-27-20:17:42,6,3,2.03946
357,2022-01-27-20:17:44,3,7,2.23318
358,2022-01-27-20:17:47,7,0,2.12196
359,2022-01-27-20:17:49,0,7,1.95110
360,2022-01-27-20:17:51,7,0,2.52421
361,2022-01-27-20:17:53,0,4,1.58425
362,2022-01-27-20:17:55,4,3,2.15419
363,2022-01-27-20:17:58,3,7,3.34245
364,2022-01-27-20:18:02,7,5,3.83889
365,2022-01-27-20:18:05,5,7,2.60722
366,2022-01-27-20:18:08,7,3,3.27168
367,2022-01-27-20:18:10,3,1,2.28869
368,2022-01-27-20:18:12,1,5,2.00435
369,2022-01-27-20:18:15,5,7,2.65049
370,2022-01-27-20:18:18,7,5,2.92557
371,2022-01-27-20:18:19,5,2,1.62960
372,2022-01-27-20:18:21,2,4,1.88708
373,2022-01-27-20:18:23,4,5,1.81825
374,2022-01-27-20:18:27,5,2,3.86878
375,2022-01-27-20:18:31,2,5,3.79861
376,2022-01-27-20:18:33,5,1,2.01326
377,2022-01-27-20:18:34,1,0,1.20868
378,2022-01-27-20:18:37,0,3,3.49717
379,2022-01-27-20:18:41,3,5,3.47662
380,2022-01-27-20:18:43,5,1,2.19119
381,2022-01-27-20:18:46,1,3,2.40699
382,2022-01-27-20:18:48,3,5,2.29295
383,2022-01-27-20:18:50,5,2,1.68495
384,2022-01-27-20:18:51,2,4,1.79488
385,2022-01-27-20:18:53,4,3,2.20070
386,2022-01-27-20:18:56,3,1,2.40563
387,2022-01-27-20:18:58,1,5,2.24245
388,2022-01-27-20:19:00,5,1,2.12856
389,2022-01-27-20:19:04,1,6,3.74482
390,2022-01-27-20:19:07,6,5,3.44061
391,2022-01-27-20:19:11,5,6,3.29035
392,2022-01-27-20:19:15,6,3,3.82325
393,2022-01-27-20:19:17,3,5,2.34648
394,2022-01-27-20:19:19,5,2,1.76515
395,2022-01-27-20:19:20,2,5,1.58496
396,2022-01-27-20:19:22,5,0,2.15944
397,2022-01-27-20:19:24,0,2,1.77657
398,2022-01-27-20:19:26,2,4,1.84064
399,2022-01-27-20:19:28,4,7,1.97364
400,2022-01-27-20:19:31,7,5,2.67834
401,2022-01-27-20:19:33,5,7,2.67861
402,2022-01-27-20:19:36,7,6,2.70029
403,2022-01-27-20:19:40,6,7,4.08625
404,2022-01-27-20:19:44,7,4,4.18642
405,2022-01-27-20:19:47,4,3,2.19078
406,2022-01-27-20:19:50,3,1,3.53502
407,2022-01-27-20:19:53,1,6,2.81909
408,2022-01-27-20:19:56,6,4,3.32674
409,2022-01-27-20:19:58,4,1,1.44939
410,2022-01-27-20:20:00,1,5,1.98741
411,2022-01-27-20:20:02,5,4,2.11648
412,2022-01-27-20:20:03,4,1,1.36342
413,2022-01-27-20:20:06,1,5,2.45732
414,2022-01-27-20:20:09,5,4,3.47753
415,2022-01-27-20:20:12,4,2,3.28557
416,2022-01-27-20:20:15,2,3,2.77456
417,2022-01-27-20:20:18,3,7,3.27821
418,2022-01-27-20:20:22,7,1,3.57826
419,2022-01-27-20:20:24,1,4,1.54588
420,2022-01-27-20:20:27,4,6,3.47355
421,2022-01-27-20:20:30,6,7,2.75968
422,2022-01-27-20:20:33,7,3,3.50897
423,2022-01-27-20:20:35,3,6,2.11632
424,2022-01-27-20:20:39,6,0,3.17589
425,2022-01-27-20:20:41,0,3,2.58546
426,2022-01-27-20:20:43,3,6,2.12265
427,2022-01-27-20:20:46,6,5,2.92974
428,2022-01-27-20:20:49,5,3,2.27517
429,2022-01-27-20:20:53,3,4,4.15072
430,2022-01-27-20:20:55,4,3,2.28595
431,2022-01-27-20:20:57,3,4,2.29366
432,2022-01-27-20:21:01,4,7,4.18319
433,2022-01-27-20:21:03,7,1,1.75431
434,2022-01-27-20:21:07,1,6,3.76395
435,2022-01-27-20:21:10,6,7,2.68046
436,2022-01-27-20:21:13,7,4,3.35518
437,2022-01-27-20:21:15,4,2,1.88500
438,2022-01-27-20:21:18,2,3,3.15065
439,2022-01-27-20:21:21,3,4,2.54397
440,2022-01-27-20:21:24,4,0,3.78320
441,2022-01-27-20:21:26,0,7,1.98015
442,2022-01-27-20:21:29,7,2,2.70895
443,2022-01-27-20:21:31,2,4,1.79832
444,2022-01-27-20:21:32,4,1,1.43074
445,2022-01-27-20:21:34,1,5,1.98596
446,2022-01-27-20:21:36,5,0,1.99196
447,2022-01-27-20:21:38,0,2,1.83526
448,2022-01-27-20:21:41,2,3,3.14302
449,2022-01-27-20:21:45,3,2,3.33296
450,2022-01-27-20:21:49,2,3,4.42971
451,2022-01-27-20:21:51,3,1,2.27800
452,2022-01-27-20:21:55,1,3,3.70297
453,2022-01-27-20:21:59,3,6,3.56905
454,2022-01-27-20:22:02,6,5,3.02125
455,2022-01-27-20:22:04,5,7,2.69995
456,2022-01-27-20:22:08,7,3,3.28893
457,2022-01-27-20:22:10,3,6,2.14004
458,2022-01-27-20:22:13,6,7,3.33544
459,2022-01-27-20:22:16,7,4,3.23233
460,2022-01-27-20:22:20,4,5,3.43514
461,2022-01-27-20:22:22,5,4,2.03702
462,2022-01-27-20:22:24,4,3,2.14674
463,2022-01-27-20:22:26,3,6,2.13023
464,2022-01-27-20:22:29,6,1,3.01361
465,2022-01-27-20:22:30,1,0,1.22460
466,2022-01-27-20:22:32,0,7,2.03792
467,2022-01-27-20:22:37,7,4,4.58122
468,2022-01-27-20:22:40,4,5,3.43864
469,2022-01-27-20:22:43,5,7,2.64722
470,2022-01-27-20:22:46,7,5,2.67125
471,2022-01-27-20:22:49,5,4,3.50781
472,2022-01-27-20:22:53,4,7,4.19281
473,2022-01-27-20:22:58,7,4,4.61104
474,2022-01-27-20:23:00,4,3,2.32969
475,2022-01-27-20:23:04,3,1,3.58553
476,2022-01-27-20:23:08,1,6,3.73965
477,2022-01-27-20:23:10,6,7,2.81593
478,2022-01-27-20:23:13,7,2,2.79297
479,2022-01-27-20:23:15,2,4,1.92761
480,2022-01-27-20:23:17,4,5,1.85926
481,2022-01-27-20:23:19,5,4,1.98116
482,2022-01-27-20:23:21,4,2,1.83226
483,2022-01-27-20:23:24,2,7,2.70079
484,2022-01-27-20:23:27,7,4,3.41874
485,2022-01-27-20:23:29,4,5,2.03946
486,2022-01-27-20:23:31,5,3,2.30295
487,2022-01-27-20:23:34,3,5,2.27843
488,2022-01-27-20:23:36,5,1,2.18666
489,2022-01-27-20:23:37,1,4,1.37922
490,2022-01-27-20:23:39,4,5,1.93502
491,2022-01-27-20:23:41,5,2,1.80546
492,2022-01-27-20:23:43,2,1,2.08872
493,2022-01-27-20:23:44,1,0,1.12471
494,2022-01-27-20:23:45,0,1,1.19767
495,2022-01-27-20:23:48,1,3,2.44586
496,2022-01-27-20:23:50,3,4,2.35113
497,2022-01-27-20:23:52,4,5,1.87996
498,2022-01-27-20:23:54,5,3,2.43476
499,2022-01-27-20:23:56,3,6,2.02318
500,2022-01-27-20:24:00,6,0,3.15494
501,2022-01-27-20:24:01,0,2,1.79479
502,2022-01-27-20:24:03,2,0,1.75107
503,2022-01-27-20:24:05,0,4,1.54861
504,2022-01-27-20:24:07,4,3,2.13392
505,2022-01-27-20:24:11,3,2,4.45424
506,2022-01-27-20:24:15,2,0,4.13884
507,2022-01-27-20:24:17,0,1,1.25324
508,2022-01-27-20:24:19,1,3,2.67507
509,2022-01-27-20:24:22,3,4,2.34982
510,2022-01-27-20:24:23,4,0,1.58263
511,2022-01-27-20:24:27,0,6,3.78902
512,2022-01-27-20:24:31,6,0,3.94782
513,2022-01-27-20:24:32,0,1,1.19154
514,2022-01-27-20:24:35,1,3,2.50295
515,2022-01-27-20:24:39,3,2,4.53763
516,2022-01-27-20:24:41,2,4,1.96865
517,2022-01-27-20:24:45,4,5,3.53638
518,2022-01-27-20:24:47,5,4,2.13882
519,2022-01-27-20:24:50,4,6,3.58426
520,2022-01-27-20:24:54,6,3,3.80866
521,2022-01-27-20:24:57,3,5,2.39669
522,2022-01-27-20:24:59,5,3,2.39269
523,2022-01-27-20:25:02,3,1,3.30424
524,2022-01-27-20:25:04,1,0,1.27789
525,2022-01-27-20:25:05,0,1,1.29829
526,2022-01-27-20:25:08,1,3,2.58175
527,2022-01-27-20:25:12,3,2,4.48600
528,2022-01-27-20:25:14,2,4,1.99668
529,2022-01-27-20:25:18,4,5,3.50391
530,2022-01-27-20:25:20,5,7,2.66583
531,2022-01-27-20:25:24,7,1,3.75018
532,2022-01-27-20:25:26,1,7,1.77667
533,2022-01-27-20:25:28,7,0,2.00671
534,2022-01-27-20:25:30,0,7,1.99856
535,2022-01-27-20:25:32,7,2,2.71830
536,2022-01-27-20:25:36,2,6,3.27942
537,2022-01-27-20:25:39,6,4,3.62621
538,2022-01-27-20:25:43,4,6,3.56736
539,2022-01-27-20:25:46,6,7,2.76343
540,2022-01-27-20:25:49,7,2,3.38940
541,2022-01-27-20:25:53,2,1,4.35602
542,2022-01-27-20:25:55,1,7,2.02191
543,2022-01-27-20:25:58,7,4,2.31829
544,2022-01-27-20:26:00,4,7,2.13272
545,2022-01-27-20:26:02,7,1,1.79397
546,2022-01-27-20:26:06,1,6,3.87033
547,2022-01-27-20:26:09,6,1,3.71173
548,2022-01-27-20:26:11,1,2,2.05869
549,2022-01-27-20:26:14,2,7,2.76028
550,2022-01-27-20:26:17,7,3,3.40180
551,2022-01-27-20:26:20,3,2,2.75231
552,2022-01-27-20:26:22,2,0,1.72734
553,2022-01-27-20:26:25,0,3,2.79944
554,2022-01-27-20:26:27,3,2,2.71357
555,2022-01-27-20:26:29,2,5,1.60663
556,2022-01-27-20:26:31,5,2,1.89641
557,2022-01-27-20:26:34,2,7,2.72318
558,2022-01-27-20:26:37,7,4,3.51159
559,2022-01-27-20:26:39,4,0,1.57078
560,2022-01-27-20:26:40,0,4,1.63475
561,2022-01-27-20:26:42,4,5,1.87521
562,2022-01-27-20:26:45,5,3,2.33370
563,2022-01-27-20:26:47,3,5,2.57453
564,2022-01-27-20:26:50,5,7,2.75736
565,2022-01-27-20:26:53,7,5,2.95735
566,2022-01-27-20:26:55,5,0,2.10440
567,2022-01-27-20:26:57,0,5,2.09235
568,2022-01-27-20:26:59,5,4,1.99003
569,2022-01-27-20:27:01,4,7,1.99219
570,2022-01-27-20:27:03,7,0,2.22623
571,2022-01-27-20:27:06,0,5,2.26374
572,2022-01-27-20:27:08,5,0,2.09211
573,2022-01-27-20:27:09,0,1,1.23530
574,2022-01-27-20:27:12,1,6,2.97416
575,2022-01-27-20:27:17,6,2,4.63975
576,2022-01-27-20:27:21,2,7,4.60617
577,2022-01-27-20:27:25,7,6,4.14549
578,2022-01-27-20:27:29,6,5,3.33588
579,2022-01-27-20:27:30,5,2,1.79213
580,2022-01-27-20:27:32,2,0,2.00152
581,2022-01-27-20:27:35,0,7,2.20482
582,2022-01-27-20:27:39,7,6,4.16445
583,2022-01-27-20:27:43,6,7,4.19150
584,2022-01-27-20:27:45,7,4,1.97024
585,2022-01-27-20:27:50,4,2,4.92957
586,2022-01-27-20:27:54,2,5,4.02940
587,2022-01-27-20:27:56,5,3,2.33936
588,2022-01-27-20:27:59,3,1,2.43439
589,2022-01-27-20:28:00,1,0,1.16627
590,2022-01-27-20:28:04,0,3,3.71164
591,2022-01-27-20:28:08,3,1,3.94592
592,2022-01-27-20:28:10,1,2,2.13038
593,2022-01-27-20:28:12,2,7,2.59820
594,2022-01-27-20:28:16,7,4,3.45293
595,2022-01-27-20:28:19,4,6,3.58947
596,2022-01-27-20:28:23,6,1,3.63637
597,2022-01-27-20:28:24,1,4,1.40477
598,2022-01-27-20:28:26,4,7,2.01353
599,2022-01-27-20:28:29,7,6,2.72988
600,2022-01-27-20:28:32,6,7,2.66271
601,2022-01-27-20:28:35,7,5,2.79815
602,2022-01-27-20:28:36,5,2,1.70975
603,2022-01-27-20:28:38,2,0,1.82614
604,2022-01-27-20:28:40,0,2,1.85426
605,2022-01-27-20:28:43,2,6,3.38246
606,2022-01-27-20:28:47,6,4,3.99068
607,2022-01-27-20:28:51,4,6,3.55644
608,2022-01-27-20:28:54,6,2,3.18526
609,2022-01-27-20:28:56,2,1,2.30959
610,2022-01-27-20:28:58,1,7,2.07588
611,2022-01-27-20:29:03,7,4,4.28300
612,2022-01-27-20:29:07,4,0,3.88273
613,2022-01-27-20:29:09,0,5,2.09293
614,2022-01-27-20:29:12,5,6,3.18841
615,2022-01-27-20:29:15,6,1,3.16093
616,2022-01-27-20:29:17,1,2,2.22112
617,2022-01-27-20:29:19,2,5,1.70368
618,2022-01-27-20:29:23,5,2,4.21855
619,2022-01-27-20:29:28,2,7,4.50801
620,2022-01-27-20:29:31,7,2,2.98212
621,2022-01-27-20:29:33,2,7,2.73703
622,2022-01-27-20:29:37,7,1,3.58424
623,2022-01-27-20:29:39,1,3,2.42201
624,2022-01-27-20:29:42,3,7,2.33929
625,2022-01-27-20:29:45,7,5,3.48284
626,2022-01-27-20:29:49,5,6,3.46679
627,2022-01-27-20:29:52,6,7,3.21880
628,2022-01-27-20:29:55,7,5,3.28363
629,2022-01-27-20:29:58,5,4,2.65272
630,2022-01-27-20:30:02,4,6,3.91389
631,2022-01-27-20:30:06,6,4,4.24397
632,2022-01-27-20:30:08,4,7,2.01645
633,2022-01-27-20:30:13,7,6,4.46636
634,2022-01-27-20:30:16,6,0,3.53349
635,2022-01-27-20:30:18,0,2,1.93460
636,2022-01-27-20:30:21,2,7,2.70835
637,2022-01-27-20:30:24,7,0,3.27774
638,2022-01-27-20:30:26,0,4,1.79927
639,2022-01-27-20:30:28,4,5,2.12090
640,2022-01-27-20:30:31,5,7,3.02003
641,2022-01-27-20:30:34,7,5,3.18958
642,2022-01-27-20:30:38,5,4,3.93233
643,2022-01-27-20:30:42,4,6,3.62307
644,2022-01-27-20:30:45,6,5,3.64491
645,2022-01-27-20:30:47,5,1,2.08374
646,2022-01-27-20:30:50,1,5,2.11988
647,2022-01-27-20:30:52,5,0,2.09821
648,2022-01-27-20:30:53,0,2,1.82995
649,2022-01-27-20:30:56,2,7,2.97223
650,2022-01-27-20:30:59,7,1,2.04367
651,2022-01-27-20:31:01,1,3,2.41645
652,2022-01-27-20:31:03,3,4,2.28140
653,2022-01-27-20:31:05,4,1,1.41265
654,2022-01-27-20:31:07,1,3,2.37140
655,2022-01-27-20:31:10,3,2,3.06828
656,2022-01-27-20:31:12,2,5,1.66100
657,2022-01-27-20:31:15,5,6,3.32637
658,2022-01-27-20:31:19,6,4,3.71726
659,2022-01-27-20:31:22,4,6,3.61219
660,2022-01-27-20:31:26,6,3,4.05196
661,2022-01-27-20:31:29,3,5,2.52689
662,2022-01-27-20:31:31,5,0,2.09161
663,2022-01-27-20:31:34,0,3,2.67675
664,2022-01-27-20:31:38,3,2,4.49241
665,2022-01-27-20:31:42,2,7,3.36979
666,2022-01-27-20:31:45,7,3,3.37357
667,2022-01-27-20:31:47,3,5,2.35594
668,2022-01-27-20:31:50,5,7,2.69102
669,2022-01-27-20:31:53,7,6,2.70521
670,2022-01-27-20:31:56,6,5,3.29924
671,2022-01-27-20:31:59,5,6,3.40984
672,2022-01-27-20:32:03,6,4,3.75318
673,2022-01-27-20:32:05,4,3,2.20795
674,2022-01-27-20:32:08,3,2,2.93662
675,2022-01-27-20:32:11,2,4,2.18089
676,2022-01-27-20:32:14,4,6,3.73151
677,2022-01-27-20:32:19,6,1,4.23482
678,2022-01-27-20:32:21,1,3,2.51973
679,2022-01-27-20:32:24,3,2,3.13659
680,2022-01-27-20:32:27,2,3,3.30430
681,2022-01-27-20:32:31,3,0,3.55731
682,2022-01-27-20:32:33,0,4,1.78481
683,2022-01-27-20:32:37,4,6,3.78447
684,2022-01-27-20:32:39,6,7,2.88820
685,2022-01-27-20:32:43,7,2,3.02015
686,2022-01-27-20:32:45,2,1,2.20616
687,2022-01-27-20:32:47,1,5,2.74490
688,2022-01-27-20:32:51,5,6,3.23292
689,2022-01-27-20:32:55,6,1,3.86071
690,2022-01-27-20:32:56,1,0,1.29406
691,2022-01-27-20:32:58,0,5,2.22911
692,2022-01-27-20:33:01,5,3,2.72932
693,2022-01-27-20:33:03,3,4,2.30631
694,2022-01-27-20:33:05,4,7,2.29858
695,2022-01-27-20:33:08,7,1,2.19995
696,2022-01-27-20:33:10,1,2,2.54831
697,2022-01-27-20:33:12,2,0,2.20592
698,2022-01-27-20:33:15,0,5,2.58806
699,2022-01-27-20:33:17,5,0,2.17012
700,2022-01-27-20:33:21,0,6,3.82309
701,2022-01-27-20:33:25,6,4,4.35988
702,2022-01-27-20:33:28,4,2,2.22471
703,2022-01-27-20:33:31,2,6,3.39124
704,2022-01-27-20:33:36,6,0,4.60391
705,2022-01-27-20:33:37,0,4,1.62111
706,2022-01-27-20:33:41,4,6,3.68615
707,2022-01-27-20:33:44,6,5,3.32164
708,2022-01-27-20:33:47,5,0,2.45708
709,2022-01-27-20:33:49,0,2,2.15183
710,2022-01-27-20:33:51,2,5,1.77346
711,2022-01-27-20:33:53,5,1,2.07403
712,2022-01-27-20:33:55,1,7,2.06040
713,2022-01-27-20:33:57,7,4,2.29545
714,2022-01-27-20:33:59,4,7,2.08487
715,2022-01-27-20:34:02,7,5,2.90260
716,2022-01-27-20:34:04,5,1,2.30192
717,2022-01-27-20:34:07,1,3,2.78590
718,2022-01-27-20:34:10,3,0,2.87443
719,2022-01-27-20:34:13,0,3,2.87620
720,2022-01-27-20:34:15,3,7,2.57815
721,2022-01-27-20:34:18,7,3,2.32917
722,2022-01-27-20:34:20,3,5,2.47664
723,2022-01-27-20:34:22,5,2,1.78844
724,2022-01-27-20:34:24,2,5,1.76455
725,2022-01-27-20:34:26,5,2,1.99619
726,2022-01-27-20:34:29,2,7,2.80199
727,2022-01-27-20:34:31,7,3,2.47813
728,2022-01-27-20:34:34,3,2,3.24629
729,2022-01-27-20:34:37,2,3,2.82079
730,2022-01-27-20:34:40,3,0,3.24103
731,2022-01-27-20:34:42,0,2,2.03343
732,2022-01-27-20:34:44,2,5,1.76308
733,2022-01-27-20:34:47,5,3,2.45380
734,2022-01-27-20:34:49,3,1,2.61745
735,2022-01-27-20:34:52,1,6,2.94992
736,2022-01-27-20:34:55,6,7,2.82275
737,2022-01-27-20:34:57,7,3,2.44030
738,2022-01-27-20:35:00,3,0,2.87333
739,2022-01-27-20:35:03,0,3,2.97203
740,2022-01-27-20:35:06,3,6,2.39702
741,2022-01-27-20:35:09,6,5,3.05436
742,2022-01-27-20:35:11,5,1,2.28156
743,2022-01-27-20:35:12,1,0,1.29240
744,2022-01-27-20:35:15,0,7,2.31278
745,2022-01-27-20:35:17,7,0,2.75472
746,2022-01-27-20:35:19,0,4,1.89943
747,2022-01-27-20:35:21,4,1,1.63991
748,2022-01-27-20:35:25,1,3,3.80428
749,2022-01-27-20:35:29,3,6,3.87673
750,2022-01-27-20:35:31,6,7,2.79840
751,2022-01-27-20:35:34,7,0,2.35670
752,2022-01-27-20:35:36,0,2,1.87482
753,2022-01-27-20:35:38,2,0,1.92270
754,2022-01-27-20:35:40,0,7,2.30159
755,2022-01-27-20:35:42,7,0,2.50011
756,2022-01-27-20:35:44,0,2,2.03478
757,2022-01-27-20:35:48,2,6,3.33179
758,2022-01-27-20:35:52,6,3,4.06264
759,2022-01-27-20:35:54,3,1,2.48443
760,2022-01-27-20:35:56,1,0,1.34045
761,2022-01-27-20:35:57,0,1,1.50460
762,2022-01-27-20:35:59,1,2,2.25424
763,2022-01-27-20:36:03,2,6,3.24469
764,2022-01-27-20:36:05,6,3,2.14131
765,2022-01-27-20:36:07,3,4,2.45871
766,2022-01-27-20:36:10,4,2,2.64647
767,2022-01-27-20:36:14,2,3,3.66067
768,2022-01-27-20:36:18,3,7,4.02037
769,2022-01-27-20:36:20,7,0,2.43611
770,2022-01-27-20:36:22,0,5,2.24002
771,2022-01-27-20:36:26,5,2,3.88903
772,2022-01-27-20:36:29,2,3,2.95621
773,2022-01-27-20:36:33,3,5,3.51951
774,2022-01-27-20:36:34,5,2,1.88201
775,2022-01-27-20:36:38,2,3,3.21912
776,2022-01-27-20