"iteration,date,init_position,final_position,time"
0,2022-01-27-13:12:13,-1,3,3.08553
1,2022-01-27-13:12:15,3,5,2.16420
2,2022-01-27-13:12:17,5,3,2.15942
3,2022-01-27-13:12:19,3,7,2.13140
4,2022-01-27-13:12:21,7,0,1.92753
5,2022-01-27-13:12:23,0,7,1.91902
6,2022-01-27-13:12:26,7,5,2.56086
7,2022-01-27-13:12:29,5,6,3.10459
8,2022-01-27-13:12:32,6,1,3.52777
9,2022-01-27-13:12:36,1,6,3.53059
10,2022-01-27-13:12:39,6,5,3.09077
11,2022-01-27-13:12:41,5,1,1.88733
12,2022-01-27-13:12:45,1,6,3.53282
13,2022-01-27-13:12:48,6,3,3.62600
14,2022-01-27-13:12:50,3,5,2.15190
15,2022-01-27-13:12:52,5,0,1.88188
16,2022-01-27-13:12:54,0,5,1.84989
17,2022-01-27-13:12:56,5,0,1.83461
18,2022-01-27-13:12:57,0,4,1.52527
19,2022-01-27-13:12:59,4,1,1.32453
20,2022-01-27-13:13:02,1,6,3.59528
21,2022-01-27-13:13:06,6,3,3.63736
22,2022-01-27-13:13:08,3,1,2.23291
23,2022-01-27-13:13:10,1,5,1.91937
24,2022-01-27-13:13:12,5,4,1.75363
25,2022-01-27-13:13:14,4,2,1.79109
26,2022-01-27-13:13:16,2,3,2.56099
27,2022-01-27-13:13:19,3,1,2.69633
28,2022-01-27-13:13:20,1,0,1.11390
29,2022-01-27-13:13:22,0,3,2.41538
30,2022-01-27-13:13:25,3,1,2.23981
31,2022-01-27-13:13:26,1,0,1.05458
32,2022-01-27-13:13:27,0,2,1.72797
33,2022-01-27-13:13:29,2,5,1.51655
34,2022-01-27-13:13:32,5,6,3.05143
35,2022-01-27-13:13:35,6,0,3.43377
36,2022-01-27-13:13:39,0,6,3.42208
37,2022-01-27-13:13:42,6,2,3.05094
38,2022-01-27-13:13:45,2,6,3.05091
39,2022-01-27-13:13:49,6,7,3.98159
40,2022-01-27-13:13:52,7,2,2.58635
41,2022-01-27-13:13:53,2,5,1.51881
42,2022-01-27-13:13:55,5,4,1.79040
43,2022-01-27-13:13:56,4,1,1.32337
44,2022-01-27-13:13:58,1,7,1.66758
45,2022-01-27-13:14:00,7,5,2.55089
46,2022-01-27-13:14:03,5,7,2.54537
47,2022-01-27-13:14:05,7,1,1.70383
48,2022-01-27-13:14:07,1,2,1.92465
49,2022-01-27-13:14:09,2,7,2.55045
50,2022-01-27-13:14:12,7,2,2.55904
51,2022-01-27-13:14:15,2,6,3.05464
52,2022-01-27-13:14:18,6,2,3.03464
53,2022-01-27-13:14:20,2,1,2.03425
54,2022-01-27-13:14:21,1,0,1.08611
55,2022-01-27-13:14:23,0,7,1.98696
56,2022-01-27-13:14:25,7,0,1.88399
57,2022-01-27-13:14:26,0,1,1.03456
58,2022-01-27-13:14:28,1,2,1.96307
59,2022-01-27-13:14:30,2,4,1.78771
60,2022-01-27-13:14:33,4,6,3.43848
61,2022-01-27-13:14:37,6,7,3.96344
62,2022-01-27-13:14:39,7,3,2.13573
63,2022-01-27-13:14:41,3,5,2.18643
64,2022-01-27-13:14:43,5,2,1.52372
65,2022-01-27-13:14:45,2,4,1.80814
66,2022-01-27-13:14:46,4,0,1.52272
67,2022-01-27-13:14:48,0,5,1.86681
68,2022-01-27-13:14:50,5,4,1.75076
69,2022-01-27-13:14:52,4,5,1.74889
70,2022-01-27-13:14:55,5,6,3.06958
71,2022-01-27-13:14:59,6,7,3.98007
72,2022-01-27-13:15:01,7,5,2.53921
73,2022-01-27-13:15:03,5,0,1.88066
74,2022-01-27-13:15:05,0,2,1.71961
75,2022-01-27-13:15:06,2,4,1.74895
76,2022-01-27-13:15:08,4,1,1.28134
77,2022-01-27-13:15:10,1,3,2.21058
78,2022-01-27-13:15:12,3,1,2.22118
79,2022-01-27-13:15:14,1,3,2.23034
80,2022-01-27-13:15:17,3,5,2.14558
81,2022-01-27-13:15:19,5,7,2.56321
82,2022-01-27-13:15:22,7,5,2.59832
83,2022-01-27-13:15:23,5,4,1.75103
84,2022-01-27-13:15:25,4,1,1.30058
85,2022-01-27-13:15:26,1,7,1.66626
86,2022-01-27-13:15:30,7,6,3.99637
87,2022-01-27-13:15:33,6,5,3.05769
88,2022-01-27-13:15:36,5,3,2.16233
89,2022-01-27-13:15:38,3,4,2.12473
90,2022-01-27-13:15:39,4,0,1.55361
91,2022-01-27-13:15:41,0,2,1.72970
92,2022-01-27-13:15:43,2,0,1.71776
93,2022-01-27-13:15:45,0,7,1.91883
94,2022-01-27-13:15:47,7,2,2.56189
95,2022-01-27-13:15:49,2,5,1.52115
96,2022-01-27-13:15:52,5,6,3.10044
97,2022-01-27-13:15:55,6,3,3.61696
98,2022-01-27-13:15:58,3,7,2.12235
99,2022-01-27-13:16:00,7,3,2.12500
100,2022-01-27-13:16:02,3,0,2.35484
101,2022-01-27-13:16:06,0,6,3.44954
102,2022-01-27-13:16:09,6,4,3.42836
103,2022-01-27-13:16:10,4,0,1.51736
104,2022-01-27-13:16:12,0,5,1.90079
105,2022-01-27-13:16:14,5,4,1.79643
106,2022-01-27-13:16:16,4,7,1.91647
107,2022-01-27-13:16:18,7,4,1.85905
108,2022-01-27-13:16:20,4,3,2.09190
109,2022-01-27-13:16:22,3,0,2.40409
110,2022-01-27-13:16:23,0,1,1.03501
111,2022-01-27-13:16:25,1,5,1.97147
112,2022-01-27-13:16:29,5,6,3.17129
113,2022-01-27-13:16:32,6,2,3.10314
114,2022-01-27-13:16:34,2,4,1.79134
115,2022-01-27-13:16:35,4,1,1.31676
116,2022-01-27-13:16:36,1,0,1.08141
117,2022-01-27-13:16:37,0,1,1.00981
118,2022-01-27-13:16:40,1,6,3.53714
119,2022-01-27-13:16:44,6,0,3.47130
120,2022-01-27-13:16:45,0,1,1.02422
121,2022-01-27-13:16:47,1,3,2.24626
122,2022-01-27-13:16:49,3,7,2.13723
123,2022-01-27-13:16:52,7,2,2.59763
124,2022-01-27-13:16:55,2,6,3.11061
125,2022-01-27-13:16:59,6,3,3.60781
126,2022-01-27-13:17:01,3,7,2.16205
127,2022-01-27-13:17:03,7,4,1.87654
128,2022-01-27-13:17:04,4,2,1.76223
129,2022-01-27-13:17:07,2,7,2.56599
130,2022-01-27-13:17:09,7,4,1.88925
131,2022-01-27-13:17:11,4,3,2.14147
132,2022-01-27-13:17:15,3,6,3.64497
133,2022-01-27-13:17:18,6,2,3.04019
134,2022-01-27-13:17:20,2,1,1.99853
135,2022-01-27-13:17:22,1,2,1.99628
136,2022-01-27-13:17:25,2,6,3.13537
137,2022-01-27-13:17:28,6,1,3.54544
138,2022-01-27-13:17:29,1,0,1.05859
139,2022-01-27-13:17:31,0,1,1.11814
140,2022-01-27-13:17:32,1,0,1.04997
141,2022-01-27-13:17:33,0,4,1.52397
142,2022-01-27-13:17:35,4,2,1.75429
143,2022-01-27-13:17:36,2,5,1.50271
144,2022-01-27-13:17:38,5,1,1.93219
145,2022-01-27-13:17:40,1,5,1.92558
146,2022-01-27-13:17:43,5,6,3.08833
147,2022-01-27-13:17:47,6,2,3.12489
148,2022-01-27-13:17:49,2,7,2.62516
149,2022-01-27-13:17:52,7,2,2.59980
150,2022-01-27-13:17:54,2,7,2.60256
151,2022-01-27-13:17:56,7,3,2.12504
152,2022-01-27-13:18:00,3,6,3.63749
153,2022-01-27-13:18:04,6,7,3.94760
154,2022-01-27-13:18:07,7,2,2.59912
155,2022-01-27-13:18:10,2,6,3.09384
156,2022-01-27-13:18:13,6,2,3.09679
157,2022-01-27-13:18:15,2,7,2.60476
158,2022-01-27-13:18:18,7,5,2.62403
159,2022-01-27-13:18:21,5,6,3.11241
160,2022-01-27-13:18:25,6,0,3.44269
161,2022-01-27-13:18:27,0,3,2.39234
162,2022-01-27-13:18:29,3,0,2.38576
163,2022-01-27-13:18:31,0,4,1.52421
164,2022-01-27-13:18:33,4,3,2.12014
165,2022-01-27-13:18:35,3,0,2.35760
166,2022-01-27-13:18:38,0,3,2.38460
167,2022-01-27-13:18:40,3,5,2.19137
168,2022-01-27-13:18:42,5,4,1.78774
169,2022-01-27-13:18:43,4,0,1.52352
170,2022-01-27-13:18:44,0,1,1.03552
171,2022-01-27-13:18:45,1,0,0.98230
172,2022-01-27-13:18:48,0,3,2.35984
173,2022-01-27-13:18:50,3,1,2.22417
174,2022-01-27-13:18:52,1,3,2.22811
175,2022-01-27-13:18:54,3,5,2.14505
176,2022-01-27-13:18:57,5,7,2.59495
177,2022-01-27-13:18:59,7,4,1.89579
178,2022-01-27-13:19:00,4,1,1.31997
179,2022-01-27-13:19:02,1,7,1.68037
180,2022-01-27-13:19:06,7,6,4.00300
181,2022-01-27-13:19:09,6,1,3.53972
182,2022-01-27-13:19:11,1,4,1.32107
183,2022-01-27-13:19:12,4,1,1.28606
184,2022-01-27-13:19:14,1,5,1.91655
185,2022-01-27-13:19:16,5,7,2.56615
186,2022-01-27-13:19:19,7,5,2.55995
187,2022-01-27-13:19:21,5,4,1.75478
188,2022-01-27-13:19:22,4,5,1.74816
189,2022-01-27-13:19:24,5,1,1.93188
190,2022-01-27-13:19:27,1,3,2.23361
191,2022-01-27-13:19:29,3,0,2.35503
192,2022-01-27-13:19:31,0,3,2.36201
193,2022-01-27-13:19:34,3,2,2.59980
194,2022-01-27-13:19:37,2,6,3.09708
195,2022-01-27-13:19:41,6,1,3.53358
196,2022-01-27-13:19:43,1,3,2.22772
197,2022-01-27-13:19:45,3,4,2.14120
198,2022-01-27-13:19:47,4,2,1.78825
199,2022-01-27-13:19:49,2,4,1.76666
200,2022-01-27-13:19:50,4,7,1.86259
201,2022-01-27-13:19:52,7,3,2.12731
202,2022-01-27-13:19:55,3,7,2.17996
203,2022-01-27-13:19:56,7,1,1.63792
204,2022-01-27-13:19:58,1,5,1.92141
205,2022-01-27-13:20:00,5,4,1.74250
206,2022-01-27-13:20:02,4,5,1.75152
207,2022-01-27-13:20:04,5,0,1.86520
208,2022-01-27-13:20:05,0,1,1.02059
209,2022-01-27-13:20:06,1,4,1.32022
210,2022-01-27-13:20:08,4,7,1.85150
211,2022-01-27-13:20:10,7,3,2.12728
212,2022-01-27-13:20:14,3,6,3.63366
213,2022-01-27-13:20:17,6,0,3.45610
214,2022-01-27-13:20:19,0,2,1.72529
215,2022-01-27-13:20:20,2,5,1.52155
216,2022-01-27-13:20:22,5,1,1.92098
217,2022-01-27-13:20:24,1,5,1.91949
218,2022-01-27-13:20:27,5,7,2.56656
219,2022-01-27-13:20:29,7,5,2.55655
220,2022-01-27-13:20:32,5,6,3.06625
221,2022-01-27-13:20:36,6,3,3.64490
222,2022-01-27-13:20:38,3,7,2.13216
223,2022-01-27-13:20:40,7,3,2.12349
224,2022-01-27-13:20:42,3,4,2.14251
225,2022-01-27-13:20:44,4,3,2.12906
226,2022-01-27-13:20:47,3,1,2.23878
227,2022-01-27-13:20:48,1,7,1.73322
228,2022-01-27-13:20:51,7,3,2.13114
229,2022-01-27-13:20:53,3,1,2.22728
230,2022-01-27-13:20:54,1,0,1.02964
231,2022-01-27-13:20:57,0,6,3.43959
232,2022-01-27-13:21:01,6,3,3.63833
233,2022-01-27-13:21:03,3,0,2.39141
234,2022-01-27-13:21:05,0,4,1.53871
235,2022-01-27-13:21:07,4,3,2.13609
236,2022-01-27-13:21:10,3,2,2.57216
237,2022-01-27-13:21:12,2,3,2.60075
238,2022-01-27-13:21:14,3,1,2.22284
239,2022-01-27-13:21:15,1,0,1.08857
240,2022-01-27-13:21:17,0,4,1.51338
241,2022-01-27-13:21:19,4,3,2.14988
242,2022-01-27-13:21:22,3,0,2.38841
243,2022-01-27-13:21:23,0,2,1.72402
244,2022-01-27-13:21:25,2,1,1.99022
245,2022-01-27-13:21:27,1,3,2.24681
246,2022-01-27-13:21:30,3,5,2.14499
247,2022-01-27-13:21:32,5,0,1.88903
248,2022-01-27-13:21:33,0,5,1.88628
249,2022-01-27-13:21:35,5,2,1.53454
250,2022-01-27-13:21:38,2,3,2.58784
251,2022-01-27-13:21:40,3,7,2.12243
252,2022-01-27-13:21:42,7,5,2.60244
253,2022-01-27-13:21:44,5,3,2.22998
254,2022-01-27-13:21:47,3,5,2.15425
255,2022-01-27-13:21:49,5,7,2.57230
256,2022-01-27-13:21:51,7,3,2.11292
257,2022-01-27-13:21:53,3,5,2.15705
258,2022-01-27-13:21:55,5,2,1.51759
259,2022-01-27-13:21:57,2,0,1.72071
260,2022-01-27-13:21:58,0,1,1.01422
261,2022-01-27-13:22:00,1,5,1.93774
262,2022-01-27-13:22:02,5,1,1.92048
263,2022-01-27-13:22:04,1,2,1.94214
264,2022-01-27-13:22:07,2,6,3.10613
265,2022-01-27-13:22:11,6,7,4.00385
266,2022-01-27-13:22:13,7,4,1.89492
267,2022-01-27-13:22:14,4,7,1.88608
268,2022-01-27-13:22:17,7,2,2.59482
269,2022-01-27-13:22:20,2,7,2.61597
270,2022-01-27-13:22:22,7,5,2.63059
271,2022-01-27-13:22:25,5,7,2.59337
272,2022-01-27-13:22:29,7,6,4.00237
273,2022-01-27-13:22:32,6,0,3.42804
274,2022-01-27-13:22:35,0,3,2.38946
275,2022-01-27-13:22:37,3,0,2.38900
276,2022-01-27-13:22:41,0,6,3.44429
277,2022-01-27-13:22:44,6,4,3.44290
278,2022-01-27-13:22:45,4,1,1.31405
279,2022-01-27-13:22:47,1,4,1.31772
280,2022-01-27-13:22:50,4,6,3.46867
281,2022-01-27-13:22:54,6,3,3.63126
282,2022-01-27-13:22:57,3,6,3.64784
283,2022-01-27-13:23:00,6,2,3.04274
284,2022-01-27-13:23:02,2,4,1.78207
285,2022-01-27-13:23:03,4,1,1.31994
286,2022-01-27-13:23:05,1,4,1.32387
287,2022-01-27-13:23:07,4,3,2.15853
288,2022-01-27-13:23:09,3,0,2.40999
289,2022-01-27-13:23:13,0,6,3.43954
290,2022-01-27-13:23:16,6,0,3.45850
291,2022-01-27-13:23:18,0,5,1.85313
292,2022-01-27-13:23:20,5,4,1.75594
293,2022-01-27-13:23:22,4,7,1.88452
294,2022-01-27-13:23:26,7,6,4.03083
295,2022-01-27-13:23:29,6,0,3.45072
296,2022-01-27-13:23:33,0,6,3.45544
297,2022-01-27-13:23:36,6,0,3.43278
298,2022-01-27-13:23:40,0,6,3.45950
299,2022-01-27-13:23:43,6,1,3.55123
300,2022-01-27-13:23:44,1,4,1.32454
301,2022-01-27-13:23:46,4,7,1.88278
302,2022-01-27-13:23:48,7,1,1.70936
303,2022-01-27-13:23:49,1,0,1.04644
304,2022-01-27-13:23:51,0,2,1.72135
305,2022-01-27-13:23:53,2,0,1.73113
306,2022-01-27-13:23:55,0,3,2.36143
307,2022-01-27-13:23:57,3,7,2.12577
308,2022-01-27-13:24:00,7,5,2.56191
309,2022-01-27-13:24:01,5,4,1.75899
310,2022-01-27-13:24:03,4,5,1.76531
311,2022-01-27-13:24:05,5,4,1.76642
312,2022-01-27-13:24:07,4,3,2.12110
313,2022-01-27-13:24:10,3,2,2.54683
314,2022-01-27-13:24:11,2,5,1.52479
315,2022-01-27-13:24:13,5,1,1.90847
316,2022-01-27-13:24:14,1,0,1.05556
317,2022-01-27-13:24:16,0,7,1.92255
318,2022-01-27-13:24:19,7,5,2.63119
319,2022-01-27-13:24:21,5,1,1.93085
320,2022-01-27-13:24:23,1,3,2.22003
321,2022-01-27-13:24:26,3,6,3.66153
322,2022-01-27-13:24:30,6,3,3.63807
323,2022-01-27-13:24:32,3,5,2.18836
324,2022-01-27-13:24:34,5,3,2.20154
325,2022-01-27-13:24:37,3,4,2.11952
326,2022-01-27-13:24:39,4,3,2.12031
327,2022-01-27-13:24:41,3,4,2.11917
328,2022-01-27-13:24:42,4,1,1.32752
329,2022-01-27-13:24:44,1,7,1.64433
330,2022-01-27-13:24:46,7,0,1.98787
331,2022-01-27-13:24:48,0,2,1.74661
332,2022-01-27-13:24:50,2,3,2.59165
333,2022-01-27-13:24:53,3,2,2.58833
334,2022-01-27-13:24:55,2,1,1.95531
335,2022-01-27-13:24:57,1,2,1.96622
336,2022-01-27-13:24:58,2,5,1.52173
337,2022-01-27-13:25:01,5,7,2.59046
338,2022-01-27-13:25:05,7,6,4.02871
339,2022-01-27-13:25:08,6,4,3.43036
340,2022-01-27-13:25:10,4,1,1.31828
341,2022-01-27-13:25:11,1,2,1.96693
342,2022-01-27-13:25:13,2,0,1.73799
343,2022-01-27-13:25:15,0,7,1.91892
344,2022-01-27-13:25:17,7,0,1.93621
345,2022-01-27-13:25:21,0,6,3.45107
346,2022-01-27-13:25:24,6,1,3.54466
347,2022-01-27-13:25:26,1,3,2.20715
348,2022-01-27-13:25:28,3,1,2.21274
349,2022-01-27-13:25:30,1,2,1.98062
350,2022-01-27-13:25:32,2,5,1.51786
351,2022-01-27-13:25:34,5,4,1.79745
352,2022-01-27-13:25:36,4,3,2.12449
353,2022-01-27-13:25:38,3,2,2.59137
354,2022-01-27-13:25:42,2,6,3.09603
355,2022-01-27-13:25:45,6,3,3.66515
356,2022-01-27-13:25:47,3,7,2.12796
357,2022-01-27-13:25:50,7,5,2.58159
358,2022-01-27-13:25:52,5,3,2.20209
359,2022-01-27-13:25:54,3,7,2.12167
360,2022-01-27-13:25:56,7,0,1.94304
361,2022-01-27-13:26:00,0,6,3.44129
362,2022-01-27-13:26:03,6,5,3.08031
363,2022-01-27-13:26:05,5,1,1.92359
364,2022-01-27-13:26:06,1,4,1.29911
365,2022-01-27-13:26:08,4,0,1.54296
366,2022-01-27-13:26:09,0,4,1.54443
367,2022-01-27-13:26:11,4,3,2.09104
368,2022-01-27-13:26:13,3,4,2.09752
369,2022-01-27-13:26:15,4,1,1.28946
370,2022-01-27-13:26:16,1,0,0.99120
371,2022-01-27-13:26:17,0,7,1.92082
372,2022-01-27-13:26:19,7,0,1.92178
373,2022-01-27-13:26:21,0,5,1.88048
374,2022-01-27-13:26:23,5,4,1.77953
375,2022-01-27-13:26:25,4,5,1.74437
376,2022-01-27-13:26:27,5,3,2.19513
377,2022-01-27-13:26:29,3,5,2.17834
378,2022-01-27-13:26:31,5,3,2.15497
379,2022-01-27-13:26:34,3,2,2.56774
380,2022-01-27-13:26:36,2,1,1.95977
381,2022-01-27-13:26:37,1,7,1.65597
382,2022-01-27-13:26:39,7,4,1.87566
383,2022-01-27-13:26:41,4,2,1.79347
384,2022-01-27-13:26:44,2,6,3.10153
385,2022-01-27-13:26:48,6,4,3.42796
386,2022-01-27-13:26:49,4,2,1.79207
387,2022-01-27-13:26:53,2,6,3.09124
388,2022-01-27-13:26:56,6,1,3.53362
389,2022-01-27-13:26:58,1,3,2.24867
390,2022-01-27-13:27:01,3,0,2.38341
391,2022-01-27-13:27:02,0,2,1.72220
392,2022-01-27-13:27:05,2,3,2.58420
393,2022-01-27-13:27:09,3,6,3.64538
394,2022-01-27-13:27:12,6,1,3.52831
395,2022-01-27-13:27:13,1,0,0.99945
396,2022-01-27-13:27:15,0,7,1.92713
397,2022-01-27-13:27:19,7,6,4.01756
398,2022-01-27-13:27:23,6,7,4.11824
399,2022-01-27-13:27:25,7,3,2.12932
400,2022-01-27-13:27:28,3,1,2.21197
401,2022-01-27-13:27:30,1,3,2.23561
402,2022-01-27-13:27:34,3,6,3.68578
403,2022-01-27-13:27:38,6,7,4.00137
404,2022-01-27-13:27:42,7,6,4.01366
405,2022-01-27-13:27:45,6,5,3.09645
406,2022-01-27-13:27:46,5,2,1.53497
407,2022-01-27-13:27:49,2,7,2.61572
408,2022-01-27-13:27:51,7,3,2.11015
409,2022-01-27-13:27:53,3,4,2.13112
410,2022-01-27-13:27:55,4,7,1.85384
411,2022-01-27-13:27:58,7,2,2.60833
412,2022-01-27-13:27:59,2,5,1.53019
413,2022-01-27-13:28:01,5,4,1.78056
414,2022-01-27-13:28:02,4,0,1.52056
415,2022-01-27-13:28:04,0,2,1.73339
416,2022-01-27-13:28:06,2,5,1.52160
417,2022-01-27-13:28:08,5,3,2.17086
418,2022-01-27-13:28:10,3,7,2.17939
419,2022-01-27-13:28:12,7,4,1.89525
420,2022-01-27-13:28:14,4,5,1.78579
421,2022-01-27-13:28:16,5,0,1.89997
422,2022-01-27-13:28:17,0,4,1.51866
423,2022-01-27-13:28:19,4,5,1.75835
424,2022-01-27-13:28:21,5,1,1.92667
425,2022-01-27-13:28:23,1,3,2.22561
426,2022-01-27-13:28:26,3,2,2.59223
427,2022-01-27-13:28:28,2,3,2.59354
428,2022-01-27-13:28:31,3,0,2.39691
429,2022-01-27-13:28:34,0,6,3.49793
430,2022-01-27-13:28:38,6,4,3.45275
431,2022-01-27-13:28:39,4,7,1.88532
432,2022-01-27-13:28:41,7,1,1.69493
433,2022-01-27-13:28:45,1,6,3.61005
434,2022-01-27-13:28:48,6,4,3.45431
435,2022-01-27-13:28:49,4,1,1.33980
436,2022-01-27-13:28:51,1,4,1.31492
437,2022-01-27-13:28:53,4,3,2.12904
438,2022-01-27-13:28:55,3,4,2.12778
439,2022-01-27-13:28:57,4,5,1.75385
440,2022-01-27-13:28:59,5,3,2.20966
441,2022-01-27-13:29:01,3,1,2.23127
442,2022-01-27-13:29:03,1,4,1.31570
443,2022-01-27-13:29:04,4,0,1.51852
444,2022-01-27-13:29:08,0,6,3.46073
445,2022-01-27-13:29:11,6,0,3.42939
446,2022-01-27-13:29:13,0,3,2.39512
447,2022-01-27-13:29:16,3,5,2.19425
448,2022-01-27-13:29:17,5,0,1.88289
449,2022-01-27-13:29:19,0,5,1.89259
450,2022-01-27-13:29:22,5,6,3.10192
451,2022-01-27-13:29:26,6,4,3.42842
452,2022-01-27-13:29:28,4,3,2.12185
453,2022-01-27-13:29:30,3,0,2.40183
454,2022-01-27-13:29:32,0,2,1.73156
455,2022-01-27-13:29:34,2,4,1.76118
456,2022-01-27-13:29:36,4,2,1.79548
457,2022-01-27-13:29:37,2,0,1.72609
458,2022-01-27-13:29:40,0,3,2.40044
459,2022-01-27-13:29:42,3,5,2.16836
460,2022-01-27-13:29:44,5,0,1.87139
461,2022-01-27-13:29:47,0,6,3.45092
462,2022-01-27-13:29:50,6,5,3.10488
463,2022-01-27-13:29:53,5,3,2.20323
464,2022-01-27-13:29:55,3,5,2.16072
465,2022-01-27-13:29:57,5,0,1.89233
466,2022-01-27-13:30:00,0,6,3.46672
467,2022-01-27-13:30:04,6,3,3.63644
468,2022-01-27-13:30:07,3,6,3.64719
469,2022-01-27-13:30:11,6,1,3.53435
470,2022-01-27-13:30:13,1,5,1.93186
471,2022-01-27-13:30:15,5,3,2.16576
472,2022-01-27-13:30:17,3,4,2.12388
473,2022-01-27-13:30:19,4,3,2.11902
474,2022-01-27-13:30:22,3,2,2.60319
475,2022-01-27-13:30:23,2,5,1.50154
476,2022-01-27-13:30:26,5,3,2.17774
477,2022-01-27-13:30:28,3,0,2.35860
478,2022-01-27-13:30:30,0,2,1.72807
479,2022-01-27-13:30:31,2,0,1.73587
480,2022-01-27-13:30:32,0,1,1.02216
481,2022-01-27-13:30:34,1,7,1.66822
482,2022-01-27-13:30:38,7,6,4.01885
483,2022-01-27-13:30:42,6,7,4.00425
484,2022-01-27-13:30:44,7,3,2.13036
485,2022-01-27-13:30:46,3,1,2.23011
486,2022-01-27-13:30:47,1,0,1.01600
487,2022-01-27-13:30:49,0,1,1.04806
488,2022-01-27-13:30:50,1,5,1.93238
489,2022-01-27-13:30:52,5,4,1.76816
490,2022-01-27-13:30:54,4,1,1.33555
491,2022-01-27-13:30:56,1,5,1.93348
492,2022-01-27-13:30:58,5,7,2.54310
493,2022-01-27-13:31:00,7,1,1.69301
494,2022-01-27-13:31:02,1,3,2.23830
495,2022-01-27-13:31:05,3,2,2.61538
496,2022-01-27-13:31:06,2,0,1.71870
497,2022-01-27-13:31:07,0,1,1.09891
498,2022-01-27-13:31:09,1,7,1.68556
499,2022-01-27-13:31:12,7,2,2.60907
500,2022-01-27-13:31:14,2,3,2.57616
501,2022-01-27-13:31:17,3,1,2.26159
502,2022-01-27-13:31:18,1,4,1.34780
503,2022-01-27-13:31:21,4,6,3.44245
504,2022-01-27-13:31:25,6,3,3.64886
505,2022-01-27-13:31:27,3,7,2.18313
506,2022-01-27-13:31:29,7,1,1.72094
507,2022-01-27-13:31:30,1,4,1.36257
508,2022-01-27-13:31:34,4,6,3.45016
509,2022-01-27-13:31:37,6,3,3.66217
510,2022-01-27-13:31:41,3,6,3.81930
511,2022-01-27-13:31:44,6,2,3.10106
512,2022-01-27-13:31:46,2,0,1.74472
513,2022-01-27-13:31:50,0,6,3.47200
514,2022-01-27-13:31:53,6,1,3.55210
515,2022-01-27-13:31:55,1,2,1.99192
516,2022-01-27-13:31:58,2,6,3.17231
517,2022-01-27-13:32:02,6,7,4.12414
518,2022-01-27-13:32:04,7,0,1.94164
519,2022-01-27-13:32:06,0,5,1.89670
520,2022-01-27-13:32:08,5,0,1.90367
521,2022-01-27-13:32:10,0,5,1.92848
522,2022-01-27-13:32:13,5,7,2.60759
523,2022-01-27-13:32:15,7,3,2.14477
524,2022-01-27-13:32:17,3,7,2.13612
525,2022-01-27-13:32:19,7,0,1.93309
526,2022-01-27-13:32:21,0,5,1.89873
527,2022-01-27-13:32:23,5,1,1.95713
528,2022-01-27-13:32:26,1,6,3.61186
529,2022-01-27-13:32:30,6,4,3.47379
530,2022-01-27-13:32:31,4,0,1.55767
531,2022-01-27-13:32:34,0,3,2.42827
532,2022-01-27-13:32:36,3,4,2.12508
533,2022-01-27-13:32:38,4,7,1.90451
534,2022-01-27-13:32:40,7,0,1.91923
535,2022-01-27-13:32:42,0,7,1.91111
536,2022-01-27-13:32:46,7,6,3.97518
537,2022-01-27-13:32:49,6,3,3.65726
538,2022-01-27-13:32:51,3,1,2.22563
539,2022-01-27-13:32:55,1,6,3.56096
540,2022-01-27-13:32:59,6,7,4.03373
541,2022-01-27-13:33:01,7,3,2.13645
542,2022-01-27-13:33:05,3,6,3.64134
543,2022-01-27-13:33:08,6,1,3.53506
544,2022-01-27-13:33:10,1,4,1.34155
545,2022-01-27-13:33:12,4,7,1.88903
546,2022-01-27-13:33:14,7,5,2.56090
547,2022-01-27-13:33:16,5,4,1.83024
548,2022-01-27-13:33:18,4,3,2.12195
549,2022-01-27-13:33:20,3,7,2.14750
550,2022-01-27-13:33:22,7,1,1.69889
551,2022-01-27-13:33:23,1,4,1.36923
552,2022-01-27-13:33:27,4,6,3.44801
553,2022-01-27-13:33:30,6,0,3.48235
554,2022-01-27-13:33:33,0,3,2.31634
555,2022-01-27-13:33:35,3,0,2.45518
556,2022-01-27-13:33:36,0,1,1.09450
557,2022-01-27-13:33:39,1,3,2.34519
558,2022-01-27-13:33:42,3,6,3.69724
559,2022-01-27-13:33:46,6,4,3.48005
560,2022-01-27-13:33:49,4,6,3.46579
561,2022-01-27-13:33:53,6,4,3.48009
562,2022-01-27-13:33:56,4,6,3.46288
563,2022-01-27-13:34:00,6,7,4.03225
564,2022-01-27-13:34:02,7,0,1.95679
565,2022-01-27-13:34:04,0,7,1.93743
566,2022-01-27-13:34:06,7,4,1.87258
567,2022-01-27-13:34:09,4,6,3.47046
568,2022-01-27-13:34:13,6,4,3.46805
569,2022-01-27-13:34:14,4,1,1.33458
570,2022-01-27-13:34:16,1,5,2.01973
571,2022-01-27-13:34:18,5,0,1.85540
572,2022-01-27-13:34:19,0,1,1.02255
573,2022-01-27-13:34:21,1,3,2.24632
574,2022-01-27-13:34:23,3,5,2.16559
575,2022-01-27-13:34:27,5,6,3.13175
576,2022-01-27-13:34:30,6,4,3.45525
577,2022-01-27-13:34:32,4,2,1.77692
578,2022-01-27-13:34:34,2,0,1.74447
579,2022-01-27-13:34:35,0,5,1.91092
580,2022-01-27-13:34:37,5,0,1.90498
581,2022-01-27-13:34:40,0,3,2.36306
582,2022-01-27-13:34:42,3,4,2.15330
583,2022-01-27-13:34:44,4,5,1.79378
584,2022-01-27-13:34:46,5,4,1.79661
585,2022-01-27-13:34:47,4,5,1.82462
586,2022-01-27-13:34:50,5,7,2.64694
587,2022-01-27-13:34:53,7,2,2.59965
588,2022-01-27-13:34:55,2,1,1.99898
589,2022-01-27-13:34:56,1,7,1.70683
590,2022-01-27-13:34:59,7,5,2.60264
591,2022-01-27-13:35:01,5,1,1.94527
592,2022-01-27-13:35:02,1,0,1.10583
593,2022-01-27-13:35:05,0,6,3.46230
594,2022-01-27-13:35:08,6,2,3.07305
595,2022-01-27-13:35:10,2,1,1.95853
596,2022-01-27-13:35:12,1,5,1.99383
597,2022-01-27-13:35:14,5,4,1.80781
598,2022-01-27-13:35:16,4,1,1.35114
599,2022-01-27-13:35:18,1,5,1.95712
600,2022-01-27-13:35:21,5,6,3.16003
601,2022-01-27-13:35:24,6,4,3.45169
602,2022-01-27-13:35:26,4,3,2.12365
603,2022-01-27-13:35:28,3,5,2.16548
604,2022-01-27-13:35:32,5,6,3.10946
605,2022-01-27-13:35:35,6,4,3.47069
606,2022-01-27-13:35:37,4,5,1.79388
607,2022-01-27-13:35:40,5,6,3.09689
608,2022-01-27-13:35:44,6,3,3.64271
609,2022-01-27-13:35:46,3,7,2.21941
610,2022-01-27-13:35:48,7,3,2.13038
611,2022-01-27-13:35:51,3,2,2.60876
612,2022-01-27-13:35:52,2,0,1.73017
613,2022-01-27-13:35:56,0,6,3.47004
614,2022-01-27-13:35:59,6,3,3.65754
615,2022-01-27-13:36:02,3,5,2.20900
616,2022-01-27-13:36:04,5,7,2.60011
617,2022-01-27-13:36:06,7,0,1.95145
618,2022-01-27-13:36:10,0,6,3.45504
619,2022-01-27-13:36:13,6,3,3.69152
620,2022-01-27-13:36:16,3,0,2.40178
621,2022-01-27-13:36:18,0,7,1.93261
622,2022-01-27-13:36:20,7,5,2.61884
623,2022-01-27-13:36:23,5,7,2.55113
624,2022-01-27-13:36:25,7,3,2.21881
625,2022-01-27-13:36:27,3,7,2.21443
626,2022-01-27-13:36:29,7,4,1.88799
627,2022-01-27-13:36:31,4,5,1.80430
628,2022-01-27-13:36:33,5,1,1.94206
629,2022-01-27-13:36:36,1,6,3.56514
630,2022-01-27-13:36:40,6,5,3.12076
631,2022-01-27-13:36:41,5,0,1.89161
632,2022-01-27-13:36:43,0,4,1.60739
633,2022-01-27-13:36:45,4,0,1.51833
634,2022-01-27-13:36:46,0,2,1.72853
635,2022-01-27-13:36:49,2,6,3.13525
636,2022-01-27-13:36:53,6,7,4.04770
637,2022-01-27-13:36:56,7,2,2.60614
638,2022-01-27-13:36:59,2,3,2.61293
639,2022-01-27-13:37:02,3,6,3.65329
640,2022-01-27-13:37:06,6,3,3.64156
641,2022-01-27-13:37:08,3,7,2.15204
642,2022-01-27-13:37:11,7,2,2.62130
643,2022-01-27-13:37:13,2,0,1.81399
644,2022-01-27-13:37:14,0,2,1.73143
645,2022-01-27-13:37:17,2,7,2.61258
646,2022-01-27-13:37:19,7,3,2.12590
647,2022-01-27-13:37:21,3,1,2.24265
648,2022-01-27-13:37:24,1,3,2.23663
649,2022-01-27-13:37:26,3,0,2.43569
650,2022-01-27-13:37:28,0,4,1.55311
651,2022-01-27-13:37:29,4,2,1.79896
652,2022-01-27-13:37:31,2,4,1.76840
653,2022-01-27-13:37:32,4,1,1.33643
654,2022-01-27-13:37:34,1,2,2.00208
655,2022-01-27-13:37:36,2,1,1.96156
656,2022-01-27-13:37:38,1,4,1.34207
657,2022-01-27-13:37:40,4,5,1.76707
658,2022-01-27-13:37:43,5,6,3.12586
659,2022-01-27-13:37:46,6,5,3.09541
660,2022-01-27-13:37:48,5,4,1.78967
661,2022-01-27-13:37:49,4,2,1.79046
662,2022-01-27-13:37:52,2,7,2.60753
663,2022-01-27-13:37:55,7,2,2.59913
664,2022-01-27-13:37:57,2,3,2.60509
665,2022-01-27-13:38:01,3,6,3.69490
666,2022-01-27-13:38:04,6,4,3.44168
667,2022-01-27-13:38:06,4,1,1.33328
668,2022-01-27-13:38:08,1,5,1.93582
669,2022-01-27-13:38:09,5,0,1.90433
670,2022-01-27-13:38:13,0,6,3.43805
671,2022-01-27-13:38:16,6,1,3.56061
672,2022-01-27-13:38:17,1,0,1.02672
673,2022-01-27-13:38:19,0,2,1.72880
674,2022-01-27-13:38:22,2,6,3.11837
675,2022-01-27-13:38:26,6,1,3.54549
676,2022-01-27-13:38:27,1,4,1.34867
677,2022-01-27-13:38:29,4,3,2.12300
678,2022-01-27-13:38:33,3,6,3.64981
679,2022-01-27-13:38:37,6,3,3.64939
680,2022-01-27-13:38:40,3,6,3.64053
681,2022-01-27-13:38:43,6,2,3.15065
682,2022-01-27-13:38:46,2,7,2.61966
683,2022-01-27-13:38:48,7,3,2.14201
684,2022-01-27-13:38:50,3,7,2.12623
685,2022-01-27-13:38:52,7,0,1.93220
686,2022-01-27-13:38:56,0,6,3.51781
687,2022-01-27-13:38:59,6,4,3.53001
688,2022-01-27-13:39:01,4,2,1.81143
689,2022-01-27-13:39:03,2,5,1.52968
690,2022-01-27-13:39:04,5,2,1.52062
691,2022-01-27-13:39:07,2,6,3.13034
692,2022-01-27-13:39:11,6,1,3.54312
693,2022-01-27-13:39:12,1,0,1.06621
694,2022-01-27-13:39:13,0,4,1.52953
695,2022-01-27-13:39:15,4,7,1.90103
696,2022-01-27-13:39:19,7,6,4.05006
697,2022-01-27-13:39:22,6,2,3.11712
698,2022-01-27-13:39:24,2,5,1.54204
699,2022-01-27-13:39:26,5,0,1.85392
700,2022-01-27-13:39:27,0,1,1.09588
701,2022-01-27-13:39:29,1,7,1.69263
702,2022-01-27-13:39:30,7,1,1.65800
703,2022-01-27-13:39:32,1,7,1.69552
704,2022-01-27-13:39:34,7,3,2.14485
705,2022-01-27-13:39:36,3,4,2.13268
706,2022-01-27-13:39:38,4,5,1.79223
707,2022-01-27-13:39:40,5,2,1.53284
708,2022-01-27-13:39:41,2,0,1.74232
709,2022-01-27-13:39:43,0,5,1.85302
710,2022-01-27-13:39:45,5,3,2.16764
711,2022-01-27-13:39:48,3,0,2.41526
712,2022-01-27-13:39:50,0,7,1.93889
713,2022-01-27-13:39:52,7,4,1.87023
714,2022-01-27-13:39:55,4,6,3.44301
715,2022-01-27-13:39:58,6,2,3.13709
716,2022-01-27-13:40:00,2,0,1.76415
717,2022-01-27-13:40:02,0,3,2.41797
718,2022-01-27-13:40:05,3,2,2.60333
719,2022-01-27-13:40:08,2,3,2.59593
720,2022-01-27-13:40:10,3,7,2.18274
721,2022-01-27-13:40:12,7,2,2.64834
722,2022-01-27-13:40:16,2,6,3.15270
723,2022-01-27-13:40:19,6,2,3.12822
724,2022-01-27-13:40:21,2,4,1.82247
725,2022-01-27-13:40:22,4,2,1.80901
726,2022-01-27-13:40:25,2,7,2.60229
727,2022-01-27-13:40:27,7,0,1.93536
728,2022-01-27-13:40:29,0,7,1.94903
729,2022-01-27-13:40:33,7,6,3.99867
730,2022-01-27-13:40:36,6,0,3.46023
731,2022-01-27-13:40:38,0,7,1.91844
732,2022-01-27-13:40:41,7,2,2.62360
733,2022-01-27-13:40:43,2,7,2.59863
734,2022-01-27-13:40:46,7,5,2.55755
735,2022-01-27-13:40:48,5,1,1.92425
736,2022-01-27-13:40:51,1,6,3.54655
737,2022-01-27-13:40:55,6,5,3.09365
738,2022-01-27-13:40:56,5,1,1.92559
739,2022-01-27-13:41:00,1,6,3.59276
740,2022-01-27-13:41:03,6,5,3.09969
741,2022-01-27-13:41:05,5,3,2.19665
742,2022-01-27-13:41:08,3,0,2.41359
743,2022-01-27-13:41:09,0,4,1.54840
744,2022-01-27-13:41:11,4,1,1.33428
745,2022-01-27-13:41:13,1,3,2.24656
746,2022-01-27-13:41:15,3,4,2.13223
747,2022-01-27-13:41:17,4,2,1.79936
748,2022-01-27-13:41:19,2,0,1.74752
749,2022-01-27-13:41:20,0,1,1.01894
750,2022-01-27-13:41:22,1,2,1.99624
751,2022-01-27-13:41:25,2,6,3.11631
752,2022-01-27-13:41:28,6,1,3.54493
753,2022-01-27-13:41:30,1,7,1.72314
754,2022-01-27-13:41:32,7,3,2.13288
755,2022-01-27-13:41:35,3,2,2.60289
756,2022-01-27-13:41:38,2,6,3.08075
757,2022-01-27-13:41:41,6,3,3.65953
758,2022-01-27-13:41:44,3,4,2.11195
759,2022-01-27-13:41:45,4,0,1.52867
760,2022-01-27-13:41:47,0,4,1.52319
761,2022-01-27-13:41:50,4,6,3.44560
762,2022-01-27-13:41:54,6,7,4.03715
763,2022-01-27-13:41:57,7,5,2.61132
764,2022-01-27-13:41:58,5,2,1.53674
765,2022-01-27-13:42:00,2,5,1.54692
766,2022-01-27-13:42:02,5,7,2.62442
767,2022-01-27-13:42:06,7,6,4.04158
768,2022-01-27-13:42:11,6,7,4.08972
769,2022-01-27-13:42:15,7,6,3.99440
770,2022-01-27-13:42:18,6,3,3.64673
771,2022-01-27-13:42:20,3,1,2.27420
772,2022-01-27-13:42:22,1,7,1.69739
773,2022-01-27-13:42:25,7,2,2.61736
774,2022-01-27-13:42:27,2,0,1.78927
775,2022-01-27-13:42:28,0,4,1.56202
776,2022-01-27-13:42:30,4,7,1.92789
777,2022-01-27-13:42:32,7,0,1.95456
778,2022-01-27-13:42:34,0,3,2.40814
779,2022-01-27-13:42:37,3,7,2.14026
780,2022-01-27-13:42:39,7,5,2.61237
781,2022-01-27-13:42:42,5,7,2.60131
782,2022-01-27-13:42:44,7,5,2.59368
783,2022-01-27-13:42:46,5,1,1.94245
784,2022-01-27-13:42:48,1,4,1.31133
785,2022-01-27-13:42:49,4,0,1.55521
786,2022-01-27-13:42:51,0,7,1.97767
787,2022-01-27-13:42:53,7,1,1.69358
788,2022-01-27-13:42:54,1,4,1.31912
789,2022-01-27-13:42:56,4,0,1.56187
790,2022-01-27-13:42:58,0,5,1.91564
791,2022-01-27-13:43:00,5,0,1.88876
792,2022-01-27-13:43:02,0,3,2.44759
793,2022-01-27-13:43:04,3,0,2.41980
794,2022-01-27-13:43:06,0,4,1.53757
795,2022-01-27-13:43:08,4,3,2.13873
796,2022-01-27-13:43:10,3,0,2.40092
797,2022-01-27-13:43:12,0,2,1.73550
798,2022-01-27-13:43:14,2,5,1.53087
799,2022-01-27-13:43:15,5,2,1.54884
800,2022-01-27-13:43:17,2,0,1.73482
801,2022-01-27-13:43:19,0,4,1.53764
802,2022-01-27-13:43:20,4,1,1.33812
803,2022-01-27-13:43:22,1,3,2.24753
804,2022-01-27-13:43:25,3,2,2.63894
805,2022-01-27-13:43:27,2,7,2.60609
806,2022-01-27-13:43:29,7,1,1.69786
807,2022-01-27-13:43:31,1,2,1.96377
808,2022-01-27-13:43:34,2,6,3.12869
809,2022-01-27-13:43:38,6,1,3.59796
810,2022-01-27-13:43:40,1,3,2.23943
811,2022-01-27-13:43:44,3,6,3.68210
812,2022-01-27-13:43:47,6,3,3.67569
813,2022-01-27-13:43:50,3,0,2.42546
814,2022-01-27-13:43:51,0,4,1.57159
815,2022-01-27-13:43:53,4,5,1.78849
816,2022-01-27-13:43:55,5,2,1.53525
817,2022-01-27-13:43:57,2,1,2.02318
818,2022-01-27-13:43:58,1,4,1.31929
819,2022-01-27-13:44:00,4,2,1.79132
820,2022-01-27-13:44:02,2,1,1.99954
821,2022-01-27-13:44:05,1,6,3.60031
822,2022-01-27-13:44:09,6,4,3.46996
823,2022-01-27-13:44:12,4,6,3.51353
824,2022-01-27-13:44:16,6,5,3.12759
825,2022-01-27-13:44:19,5,6,3.10178
826,2022-01-27-13:44:23,6,7,4.02361
827,2022-01-27-13:44:25,7,3,2.14796
828,2022-01-27-13:44:27,3,5,2.21186
829,2022-01-27-13:44:30,5,7,2.59075
830,2022-01-27-13:44:31,7,1,1.69862
831,2022-01-27-13:44:35,1,6,3.60675
832,2022-01-27-13:44:38,6,5,3.09947
833,2022-01-27-13:44:40,5,4,1.78780
834,2022-01-27-13:44:41,4,1,1.34178
835,2022-01-27-13:44:45,1,6,3.59346
836,2022-01-27-13:44:48,6,0,3.47753
837,2022-01-27-13:44:51,0,3,2.42350
838,2022-01-27-13:44:53,3,7,2.13727
839,2022-01-27-13:44:55,7,3,2.14011
840,2022-01-27-13:44:59,3,6,3.66471
841,2022-01-27-13:45:02,6,1,3.55004
842,2022-01-27-13:45:04,1,3,2.22075
843,2022-01-27-13:45:08,3,6,3.67829
844,2022-01-27-13:45:12,6,3,3.65876
845,2022-01-27-13:45:14,3,7,2.14047
846,2022-01-27-13:45:16,7,0,1.92928
847,2022-01-27-13:45:18,0,7,2.10140
848,2022-01-27-13:45:20,7,1,1.71578
849,2022-01-27-13:45:21,1,4,1.33413
850,2022-01-27-13:45:23,4,0,1.55814
851,2022-01-27-13:45:24,0,1,1.04259
852,2022-01-27-13:45:26,1,2,1.99032
853,2022-01-27-13:45:27,2,4,1.84044
854,2022-01-27-13:45:31,4,6,3.49349
855,2022-01-27-13:45:35,6,7,4.04344
856,2022-01-27-13:45:38,7,2,2.60360
857,2022-01-27-13:45:40,2,7,2.64255
858,2022-01-27-13:45:42,7,0,2.00386
859,2022-01-27-13:45:46,0,6,3.49992
860,2022-01-27-13:45:49,6,1,3.54818
861,2022-01-27-13:45:51,1,2,2.00225
862,2022-01-27-13:45:53,2,4,1.81694
863,2022-01-27-13:45:54,4,1,1.32634
864,2022-01-27-13:45:58,1,6,3.57858
865,2022-01-27-13:46:02,6,7,4.02326
866,2022-01-27-13:46:05,7,2,2.59724
867,2022-01-27-13:46:07,2,7,2.59701
868,2022-01-27-13:46:09,7,0,1.93699
869,2022-01-27-13:46:13,0,6,3.45483
870,2022-01-27-13:46:16,6,5,3.14822
871,2022-01-27-13:46:18,5,4,1.83786
872,2022-01-27-13:46:19,4,5,1.81316
873,2022-01-27-13:46:21,5,4,1.82961
874,2022-01-27-13:46:23,4,7,1.93344
875,2022-01-27-13:46:25,7,4,1.91525
876,2022-01-27-13:46:27,4,5,1.82539
877,2022-01-27-13:46:29,5,0,1.91548
878,2022-01-27-13:46:31,0,3,2.39230
879,2022-01-27-13:46:34,3,2,2.60324
880,2022-01-27-13:46:37,2,6,3.11599
881,2022-01-27-13:46:41,6,3,3.74645
882,2022-01-27-13:46:43,3,1,2.29083
883,2022-01-27-13:46:45,1,3,2.27012
884,2022-01-27-13:46:47,3,5,2.23071
885,2022-01-27-13:46:50,5,3,2.24056
886,2022-01-27-13:46:52,3,1,2.22358
887,20