"iteration,date,init_position,final_position,time"
0,2022-01-27-15:58:43,-1,2,4.84464
1,2022-01-27-15:58:47,2,3,4.27057
2,2022-01-27-15:58:49,3,5,2.22282
3,2022-01-27-15:58:51,5,2,1.51266
4,2022-01-27-15:58:52,2,5,1.52007
5,2022-01-27-15:58:54,5,0,1.92524
6,2022-01-27-15:58:56,0,2,1.71988
7,2022-01-27-15:58:58,2,1,1.96435
8,2022-01-27-15:59:00,1,5,1.95623
9,2022-01-27-15:59:04,5,2,3.66003
10,2022-01-27-15:59:07,2,6,3.12394
11,2022-01-27-15:59:09,6,7,2.54622
12,2022-01-27-15:59:12,7,2,3.09421
13,2022-01-27-15:59:15,2,7,3.03182
14,2022-01-27-15:59:18,7,6,2.64706
15,2022-01-27-15:59:21,6,5,3.46158
16,2022-01-27-15:59:23,5,0,1.84880
17,2022-01-27-15:59:26,0,3,2.34974
18,2022-01-27-15:59:28,3,5,2.18669
19,2022-01-27-15:59:30,5,2,1.68732
20,2022-01-27-15:59:32,2,1,1.97399
21,2022-01-27-15:59:33,1,2,1.95224
22,2022-01-27-15:59:37,2,6,3.06998
23,2022-01-27-15:59:40,6,2,3.10399
24,2022-01-27-15:59:42,2,3,2.62619
25,2022-01-27-15:59:45,3,5,2.35980
26,2022-01-27-15:59:47,5,7,2.56567
27,2022-01-27-15:59:50,7,2,3.00903
28,2022-01-27-15:59:54,2,0,3.89126
29,2022-01-27-15:59:56,0,7,1.92879
30,2022-01-27-15:59:59,7,6,2.59882
31,2022-01-27-16:00:02,6,4,3.77068
32,2022-01-27-16:00:06,4,1,3.78189
33,2022-01-27-16:00:08,1,2,1.96953
34,2022-01-27-16:00:11,2,3,2.75445
35,2022-01-27-16:00:13,3,0,2.38951
36,2022-01-27-16:00:15,0,5,1.89918
37,2022-01-27-16:00:17,5,0,1.94070
38,2022-01-27-16:00:20,0,6,2.84850
39,2022-01-27-16:00:22,6,3,2.00164
40,2022-01-27-16:00:25,3,7,3.34269
41,2022-01-27-16:00:29,7,3,3.24145
42,2022-01-27-16:00:31,3,6,2.02224
43,2022-01-27-16:00:33,6,3,2.10131
44,2022-01-27-16:00:35,3,4,2.12308
45,2022-01-27-16:00:37,4,3,2.02952
46,2022-01-27-16:00:39,3,0,2.42176
47,2022-01-27-16:00:40,0,1,1.05820
48,2022-01-27-16:00:43,1,3,2.45033
49,2022-01-27-16:00:47,3,2,4.34898
50,2022-01-27-16:00:49,2,4,1.83078
51,2022-01-27-16:00:52,4,5,3.23556
52,2022-01-27-16:00:54,5,3,2.22572
53,2022-01-27-16:00:59,3,2,4.25916
54,2022-01-27-16:01:01,2,4,1.83070
55,2022-01-27-16:01:04,4,7,3.17500
56,2022-01-27-16:01:06,7,6,2.54037
57,2022-01-27-16:01:09,6,5,3.03632
58,2022-01-27-16:01:12,5,6,3.11237
59,2022-01-27-16:01:16,6,1,3.59750
60,2022-01-27-16:01:17,1,0,1.04927
61,2022-01-27-16:01:19,0,5,1.92899
62,2022-01-27-16:01:22,5,7,2.59410
63,2022-01-27-16:01:25,7,0,3.04589
64,2022-01-27-16:01:27,0,5,1.92795
65,2022-01-27-16:01:29,5,7,2.59517
66,2022-01-27-16:01:32,7,6,2.56160
67,2022-01-27-16:01:35,6,1,3.53337
68,2022-01-27-16:01:37,1,5,2.12042
69,2022-01-27-16:01:41,5,2,3.72090
70,2022-01-27-16:01:45,2,1,4.15357
71,2022-01-27-16:01:46,1,0,1.03079
72,2022-01-27-16:01:48,0,4,1.51285
73,2022-01-27-16:01:50,4,7,1.92069
74,2022-01-27-16:01:52,7,0,1.95538
75,2022-01-27-16:01:53,0,1,1.06453
76,2022-01-27-16:01:55,1,3,2.22757
77,2022-01-27-16:01:57,3,0,2.34828
78,2022-01-27-16:02:00,0,3,2.38730
79,2022-01-27-16:02:02,3,5,2.18569
80,2022-01-27-16:02:04,5,3,2.46563
81,2022-01-27-16:02:07,3,0,2.32375
82,2022-01-27-16:02:08,0,1,1.02969
83,2022-01-27-16:02:10,1,5,1.92093
84,2022-01-27-16:02:12,5,7,2.55255
85,2022-01-27-16:02:16,7,4,3.50270
86,2022-01-27-16:02:17,4,0,1.48159
87,2022-01-27-16:02:18,0,1,1.03625
88,2022-01-27-16:02:21,1,3,2.32491
89,2022-01-27-16:02:23,3,0,2.42048
90,2022-01-27-16:02:26,0,3,3.33131
91,2022-01-27-16:02:29,3,6,3.19032
92,2022-01-27-16:02:33,6,1,3.53597
93,2022-01-27-16:02:35,1,7,1.67132
94,2022-01-27-16:02:39,7,3,3.93822
95,2022-01-27-16:02:42,3,1,3.90868
96,2022-01-27-16:02:45,1,5,2.06292
97,2022-01-27-16:02:47,5,6,2.66737
98,2022-01-27-16:02:50,6,1,2.73694
99,2022-01-27-16:02:52,1,3,2.32497
100,2022-01-27-16:02:55,3,0,2.38888
101,2022-01-27-16:02:56,0,2,1.73056
102,2022-01-27-16:02:58,2,0,1.72370
103,2022-01-27-16:03:00,0,7,1.91943
104,2022-01-27-16:03:03,7,2,2.59064
105,2022-01-27-16:03:05,2,3,2.56002
106,2022-01-27-16:03:07,3,4,2.24413
107,2022-01-27-16:03:10,4,3,2.09708
108,2022-01-27-16:03:12,3,4,2.29103
109,2022-01-27-16:03:14,4,3,2.08383
110,2022-01-27-16:03:16,3,0,2.32593
111,2022-01-27-16:03:18,0,5,2.02645
112,2022-01-27-16:03:20,5,2,1.52400
113,2022-01-27-16:03:22,2,3,2.70056
114,2022-01-27-16:03:24,3,6,1.95972
115,2022-01-27-16:03:27,6,5,2.72756
116,2022-01-27-16:03:29,5,0,1.85830
117,2022-01-27-16:03:31,0,2,1.71967
118,2022-01-27-16:03:33,2,1,1.95631
119,2022-01-27-16:03:35,1,5,2.11752
120,2022-01-27-16:03:37,5,3,2.18780
121,2022-01-27-16:03:40,3,1,2.56518
122,2022-01-27-16:03:43,1,3,3.56900
123,2022-01-27-16:03:46,3,5,3.03548
124,2022-01-27-16:03:48,5,1,1.98115
125,2022-01-27-16:03:50,1,3,2.22626
126,2022-01-27-16:03:54,3,4,4.06780
127,2022-01-27-16:03:58,4,0,3.63631
128,2022-01-27-16:04:00,0,7,1.89845
129,2022-01-27-16:04:02,7,0,1.92666
130,2022-01-27-16:04:04,0,5,1.92325
131,2022-01-27-16:04:06,5,1,1.98112
132,2022-01-27-16:04:08,1,7,1.68691
133,2022-01-27-16:04:10,7,5,2.64276
134,2022-01-27-16:04:12,5,1,1.91930
135,2022-01-27-16:04:13,1,4,1.28593
136,2022-01-27-16:04:17,4,6,3.42694
137,2022-01-27-16:04:20,6,5,3.16275
138,2022-01-27-16:04:23,5,7,2.58878
139,2022-01-27-16:04:26,7,4,3.12726
140,2022-01-27-16:04:29,4,6,3.39568
141,2022-01-27-16:04:33,6,4,3.43350
142,2022-01-27-16:04:34,4,1,1.31898
143,2022-01-27-16:04:35,1,4,1.33515
144,2022-01-27-16:04:39,4,2,4.13331
145,2022-01-27-16:04:43,2,5,3.73686
146,2022-01-27-16:04:46,5,7,2.59022
147,2022-01-27-16:04:49,7,0,3.10100
148,2022-01-27-16:04:51,0,7,1.92621
149,2022-01-27-16:04:53,7,5,2.62538
150,2022-01-27-16:04:56,5,7,2.58969
151,2022-01-27-16:04:58,7,6,2.61480
152,2022-01-27-16:05:03,6,7,4.14936
153,2022-01-27-16:05:04,7,1,1.68389
154,2022-01-27-16:05:06,1,4,1.32140
155,2022-01-27-16:05:09,4,6,3.45009
156,2022-01-27-16:05:13,6,0,3.44898
157,2022-01-27-16:05:15,0,7,1.97388
158,2022-01-27-16:05:16,7,1,1.68672
159,2022-01-27-16:05:18,1,3,2.19948
160,2022-01-27-16:05:22,3,1,3.13573
161,2022-01-27-16:05:23,1,0,1.05122
162,2022-01-27-16:05:24,0,1,1.04396
163,2022-01-27-16:05:26,1,5,1.95331
164,2022-01-27-16:05:28,5,6,2.70438
165,2022-01-27-16:05:30,6,3,2.02616
166,2022-01-27-16:05:32,3,6,2.04018
167,2022-01-27-16:05:35,6,0,2.91658
168,2022-01-27-16:05:39,0,6,3.50402
169,2022-01-27-16:05:42,6,3,3.32929
170,2022-01-27-16:05:45,3,0,3.30475
171,2022-01-27-16:05:48,0,3,2.38920
172,2022-01-27-16:05:50,3,1,2.29214
173,2022-01-27-16:05:52,1,5,2.20333
174,2022-01-27-16:05:54,5,2,1.63676
175,2022-01-27-16:05:56,2,0,1.72906
176,2022-01-27-16:05:57,0,1,1.08942
177,2022-01-27-16:05:58,1,0,1.09334
178,2022-01-27-16:06:00,0,7,1.92850
179,2022-01-27-16:06:04,7,3,4.07310
180,2022-01-27-16:06:07,3,6,3.07688
181,2022-01-27-16:06:10,6,4,3.47678
182,2022-01-27-16:06:12,4,3,2.06123
183,2022-01-27-16:06:15,3,5,2.22606
184,2022-01-27-16:06:18,5,4,3.31266
185,2022-01-27-16:06:22,4,0,3.62238
186,2022-01-27-16:06:24,0,7,1.92784
187,2022-01-27-16:06:26,7,2,2.55425
188,2022-01-27-16:06:28,2,5,1.50260
189,2022-01-27-16:06:30,5,3,2.30877
190,2022-01-27-16:06:33,3,7,3.22140
191,2022-01-27-16:06:37,7,1,3.35877
192,2022-01-27-16:06:38,1,0,1.09483
193,2022-01-27-16:06:40,0,3,2.44230
194,2022-01-27-16:06:42,3,6,1.99851
195,2022-01-27-16:06:44,6,3,2.02333
196,2022-01-27-16:06:47,3,7,3.34078
197,2022-01-27-16:06:51,7,1,3.27815
198,2022-01-27-16:06:52,1,7,1.72577
199,2022-01-27-16:06:54,7,1,1.63779
200,2022-01-27-16:06:56,1,7,1.69472
201,2022-01-27-16:06:57,7,1,1.65715
202,2022-01-27-16:06:59,1,4,1.32244
203,2022-01-27-16:07:01,4,7,1.89301
204,2022-01-27-16:07:05,7,3,3.90832
205,2022-01-27-16:07:08,3,6,3.45440
206,2022-01-27-16:07:11,6,0,2.83961
207,2022-01-27-16:07:13,0,7,1.94473
208,2022-01-27-16:07:15,7,4,1.89494
209,2022-01-27-16:07:17,4,7,1.90718
210,2022-01-27-16:07:19,7,2,2.69234
211,2022-01-27-16:07:21,2,4,1.74231
212,2022-01-27-16:07:25,4,2,4.06726
213,2022-01-27-16:07:29,2,1,4.17920
214,2022-01-27-16:07:33,1,3,3.44611
215,2022-01-27-16:07:36,3,2,2.96560
216,2022-01-27-16:07:37,2,4,1.76605
217,2022-01-27-16:07:39,4,3,2.05762
218,2022-01-27-16:07:42,3,0,2.53429
219,2022-01-27-16:07:44,0,5,1.87984
220,2022-01-27-16:07:46,5,7,2.59709
221,2022-01-27-16:07:50,7,4,3.14034
222,2022-01-27-16:07:52,4,2,1.92611
223,2022-01-27-16:07:54,2,7,2.59174
224,2022-01-27-16:07:56,7,3,2.19376
225,2022-01-27-16:07:59,3,5,2.42470
226,2022-01-27-16:08:01,5,0,1.92651
227,2022-01-27-16:08:04,0,6,2.84322
228,2022-01-27-16:08:06,6,7,2.71147
229,2022-01-27-16:08:09,7,2,2.62431
230,2022-01-27-16:08:10,2,5,1.51895
231,2022-01-27-16:08:13,5,7,2.60660
232,2022-01-27-16:08:16,7,6,2.53541
233,2022-01-27-16:08:19,6,0,3.53300
234,2022-01-27-16:08:21,0,7,1.95149
235,2022-01-27-16:08:23,7,3,2.29183
236,2022-01-27-16:08:25,3,7,2.12485
237,2022-01-27-16:08:28,7,3,2.12300
238,2022-01-27-16:08:30,3,6,2.02367
239,2022-01-27-16:08:32,6,1,2.63973
240,2022-01-27-16:08:34,1,7,1.73680
241,2022-01-27-16:08:38,7,3,3.84592
242,2022-01-27-16:08:41,3,0,3.29821
243,2022-01-27-16:08:42,0,1,1.05540
244,2022-01-27-16:08:43,1,0,1.11844
245,2022-01-27-16:08:47,0,3,3.52223
246,2022-01-27-16:08:51,3,7,3.88229
247,2022-01-27-16:08:53,7,3,2.19639
248,2022-01-27-16:08:55,3,6,2.04254
249,2022-01-27-16:08:58,6,5,2.86075
250,2022-01-27-16:09:01,5,6,3.17564
251,2022-01-27-16:09:04,6,7,2.63011
252,2022-01-27-16:09:06,7,6,2.57422
253,2022-01-27-16:09:09,6,2,3.15138
254,2022-01-27-16:09:13,2,1,4.17891
255,2022-01-27-16:09:16,1,3,2.41798
256,2022-01-27-16:09:20,3,2,4.37017
257,2022-01-27-16:09:23,2,6,3.11836
258,2022-01-27-16:09:27,6,1,3.77871
259,2022-01-27-16:09:29,1,5,1.94465
260,2022-01-27-16:09:31,5,0,1.99820
261,2022-01-27-16:09:33,0,5,1.99165
262,2022-01-27-16:09:35,5,2,1.62760
263,2022-01-27-16:09:36,2,0,1.71736
264,2022-01-27-16:09:39,0,3,2.38704
265,2022-01-27-16:09:43,3,2,4.43099
266,2022-01-27-16:09:47,2,0,4.00893
267,2022-01-27-16:09:49,0,2,1.73415
268,2022-01-27-16:09:52,2,3,3.06359
269,2022-01-27-16:09:55,3,0,3.33155
270,2022-01-27-16:09:58,0,3,2.40009
271,2022-01-27-16:10:00,3,7,2.15638
272,2022-01-27-16:10:02,7,4,1.90235
273,2022-01-27-16:10:04,4,2,1.98819
274,2022-01-27-16:10:06,2,1,1.99226
275,2022-01-27-16:10:09,1,3,2.63762
276,2022-01-27-16:10:12,3,7,3.31480
277,2022-01-27-16:10:15,7,1,3.26012
278,2022-01-27-16:10:17,1,5,2.02009
279,2022-01-27-16:10:20,5,6,3.14301
280,2022-01-27-16:10:24,6,7,3.96000
281,2022-01-27-16:10:28,7,6,4.04277
282,2022-01-27-16:10:31,6,5,3.18183
283,2022-01-27-16:10:33,5,0,2.00013
284,2022-01-27-16:10:35,0,2,1.75619
285,2022-01-27-16:10:38,2,7,2.58442
286,2022-01-27-16:10:40,7,2,2.56452
287,2022-01-27-16:10:43,2,6,3.16172
288,2022-01-27-16:10:47,6,3,3.71201
289,2022-01-27-16:10:51,3,2,4.24523
290,2022-01-27-16:10:54,2,3,2.65986
291,2022-01-27-16:10:56,3,4,2.35092
292,2022-01-27-16:11:00,4,0,3.74852
293,2022-01-27-16:11:02,0,7,1.93134
294,2022-01-27-16:11:04,7,3,2.32906
295,2022-01-27-16:11:07,3,4,2.12795
296,2022-01-27-16:11:08,4,5,1.74189
297,2022-01-27-16:11:10,5,4,1.93801
298,2022-01-27-16:11:12,4,0,1.53170
299,2022-01-27-16:11:14,0,2,1.71758
300,2022-01-27-16:11:16,2,7,2.58160
301,2022-01-27-16:11:19,7,3,3.27272
302,2022-01-27-16:11:22,3,1,2.34091
303,2022-01-27-16:11:26,1,6,3.94323
304,2022-01-27-16:11:29,6,2,3.23304
305,2022-01-27-16:11:32,2,3,2.72741
306,2022-01-27-16:11:34,3,5,2.44928
307,2022-01-27-16:11:36,5,1,1.94147
308,2022-01-27-16:11:38,1,3,2.26041
309,2022-01-27-16:11:41,3,0,2.53892
310,2022-01-27-16:11:43,0,7,2.01662
311,2022-01-27-16:11:45,7,6,2.64955
312,2022-01-27-16:11:48,6,1,2.83022
313,2022-01-27-16:11:50,1,5,2.11673
314,2022-01-27-16:11:53,5,3,3.04743
315,2022-01-27-16:11:57,3,1,3.69306
316,2022-01-27-16:12:00,1,6,2.65417
317,2022-01-27-16:12:02,6,4,2.62423
318,2022-01-27-16:12:04,4,1,1.33050
319,2022-01-27-16:12:05,1,4,1.32873
320,2022-01-27-16:12:07,4,7,1.85661
321,2022-01-27-16:12:09,7,1,1.63532
322,2022-01-27-16:12:10,1,7,1.70407
323,2022-01-27-16:12:13,7,2,2.92691
324,2022-01-27-16:12:16,2,3,2.99314
325,2022-01-27-16:12:20,3,7,3.79947
326,2022-01-27-16:12:23,7,5,2.72418
327,2022-01-27-16:12:24,5,2,1.53116
328,2022-01-27-16:12:26,2,1,1.95686
329,2022-01-27-16:12:27,1,0,1.07947
330,2022-01-27-16:12:29,0,4,1.51965
331,2022-01-27-16:12:30,4,1,1.29243
332,2022-01-27-16:12:32,1,2,1.99709
333,2022-01-27-16:12:35,2,6,3.23162
334,2022-01-27-16:12:39,6,0,3.49713
335,2022-01-27-16:12:41,0,5,2.01340
336,2022-01-27-16:12:43,5,1,1.93261
337,2022-01-27-16:12:45,1,2,1.98698
338,2022-01-27-16:12:47,2,4,1.74878
339,2022-01-27-16:12:48,4,5,1.75228
340,2022-01-27-16:12:51,5,7,2.59459
341,2022-01-27-16:12:54,7,0,3.10636
342,2022-01-27-16:12:56,0,2,1.72510
343,2022-01-27-16:12:57,2,0,1.71894
344,2022-01-27-16:12:59,0,2,1.71846
345,2022-01-27-16:13:01,2,5,1.51456
346,2022-01-27-16:13:02,5,2,1.52375
347,2022-01-27-16:13:05,2,3,2.93351
348,2022-01-27-16:13:08,3,2,2.60134
349,2022-01-27-16:13:10,2,7,2.60549
350,2022-01-27-16:13:13,7,6,2.56734
351,2022-01-27-16:13:16,6,7,2.67294
352,2022-01-27-16:13:19,7,4,3.19224
353,2022-01-27-16:13:21,4,7,1.90070
354,2022-01-27-16:13:23,7,5,2.63823
355,2022-01-27-16:13:25,5,0,2.03043
356,2022-01-27-16:13:26,0,1,1.06440
357,2022-01-27-16:13:28,1,7,1.68912
358,2022-01-27-16:13:30,7,4,1.97546
359,2022-01-27-16:13:32,4,5,1.74956
360,2022-01-27-16:13:34,5,4,1.84124
361,2022-01-27-16:13:36,4,7,1.86864
362,2022-01-27-16:13:37,7,1,1.66811
363,2022-01-27-16:13:39,1,5,2.00132
364,2022-01-27-16:13:43,5,4,3.44053
365,2022-01-27-16:13:46,4,1,3.79052
366,2022-01-27-16:13:49,1,3,2.26102
367,2022-01-27-16:13:51,3,2,2.72542
368,2022-01-27-16:13:53,2,0,1.69210
369,2022-01-27-16:13:55,0,7,1.92311
370,2022-01-27-16:13:59,7,6,4.09558
371,2022-01-27-16:14:02,6,2,3.10288
372,2022-01-27-16:14:05,2,6,3.08819
373,2022-01-27-16:14:09,6,1,3.62439
374,2022-01-27-16:14:11,1,7,1.66602
375,2022-01-27-16:14:15,7,6,4.22103
376,2022-01-27-16:14:18,6,0,3.43937
377,2022-01-27-16:14:20,0,5,2.00830
378,2022-01-27-16:14:22,5,1,2.09119
379,2022-01-27-16:14:23,1,0,1.07236
380,2022-01-27-16:14:27,0,3,3.51786
381,2022-01-27-16:14:30,3,2,2.83919
382,2022-01-27-16:14:32,2,4,1.81622
383,2022-01-27-16:14:35,4,1,3.78274
384,2022-01-27-16:14:37,1,5,1.94757
385,2022-01-27-16:14:41,5,3,3.24111
386,2022-01-27-16:14:44,3,7,3.82175
387,2022-01-27-16:14:46,7,4,1.95056
388,2022-01-27-16:14:48,4,1,1.31644
389,2022-01-27-16:14:50,1,2,1.98917
390,2022-01-27-16:14:51,2,5,1.57722
391,2022-01-27-16:14:53,5,2,1.52687
392,2022-01-27-16:14:55,2,0,1.74853
393,2022-01-27-16:14:57,0,3,2.49365
394,2022-01-27-16:15:00,3,1,2.55411
395,2022-01-27-16:15:01,1,7,1.73194
396,2022-01-27-16:15:04,7,6,2.62915
397,2022-01-27-16:15:06,6,3,2.01499
398,2022-01-27-16:15:08,3,6,2.03644
399,2022-01-27-16:15:11,6,5,2.71313
400,2022-01-27-16:15:13,5,1,1.96633
401,2022-01-27-16:15:14,1,4,1.32308
402,2022-01-27-16:15:16,4,0,1.53362
403,2022-01-27-16:15:17,0,4,1.52265
404,2022-01-27-16:15:19,4,0,1.51973
405,2022-01-27-16:15:20,0,4,1.51491
406,2022-01-27-16:15:21,4,1,1.32476
407,2022-01-27-16:15:23,1,5,2.02405
408,2022-01-27-16:15:26,5,7,2.59044
409,2022-01-27-16:15:29,7,6,2.61211
410,2022-01-27-16:15:32,6,0,3.45884
411,2022-01-27-16:15:34,0,4,1.52555
412,2022-01-27-16:15:36,4,7,1.89392
413,2022-01-27-16:15:40,7,2,4.52636
414,2022-01-27-16:15:44,2,0,3.95806
415,2022-01-27-16:15:46,0,2,1.73336
416,2022-01-27-16:15:49,2,6,3.14672
417,2022-01-27-16:15:52,6,7,2.94114
418,2022-01-27-16:15:55,7,4,3.13367
419,2022-01-27-16:15:58,4,6,3.25132
420,2022-01-27-16:16:02,6,3,3.75005
421,2022-01-27-16:16:05,3,2,2.74516
422,2022-01-27-16:16:07,2,3,2.61201
423,2022-01-27-16:16:10,3,5,2.26229
424,2022-01-27-16:16:11,5,2,1.50799
425,2022-01-27-16:16:14,2,6,3.13045
426,2022-01-27-16:16:18,6,3,3.94049
427,2022-01-27-16:16:20,3,1,2.24948
428,2022-01-27-16:16:22,1,4,1.31766
429,2022-01-27-16:16:25,4,6,3.42813
430,2022-01-27-16:16:28,6,2,3.20992
431,2022-01-27-16:16:30,2,4,1.84235
432,2022-01-27-16:16:34,4,7,4.11164
433,2022-01-27-16:16:37,7,6,2.55213
434,2022-01-27-16:16:40,6,5,2.70496
435,2022-01-27-16:16:42,5,1,2.04758
436,2022-01-27-16:16:43,1,4,1.32384
437,2022-01-27-16:16:45,4,5,1.75062
438,2022-01-27-16:16:48,5,2,3.71472
439,2022-01-27-16:16:50,2,4,1.84208
440,2022-01-27-16:16:54,4,1,3.81586
441,2022-01-27-16:16:56,1,7,1.68144
442,2022-01-27-16:16:58,7,5,2.73355
443,2022-01-27-16:17:02,5,6,3.10538
444,2022-01-27-16:17:05,6,2,3.24607
445,2022-01-27-16:17:07,2,4,1.91322
446,2022-01-27-16:17:11,4,1,3.80019
447,2022-01-27-16:17:13,1,5,2.03888
448,2022-01-27-16:17:14,5,2,1.52746
449,2022-01-27-16:17:16,2,4,1.76474
450,2022-01-27-16:17:19,4,6,3.44917
451,2022-01-27-16:17:23,6,2,3.67016
452,2022-01-27-16:17:27,2,1,4.07995
453,2022-01-27-16:17:30,1,6,2.74135
454,2022-01-27-16:17:33,6,2,3.01195
455,2022-01-27-16:17:35,2,7,2.57153
456,2022-01-27-16:17:37,7,1,1.70609
457,2022-01-27-16:17:38,1,4,1.32281
458,2022-01-27-16:17:40,4,7,1.89766
459,2022-01-27-16:17:43,7,5,2.64339
460,2022-01-27-16:17:45,5,1,1.96356
461,2022-01-27-16:17:48,1,3,3.46788
462,2022-01-27-16:17:52,3,6,3.13681
463,2022-01-27-16:17:55,6,0,3.55791
464,2022-01-27-16:17:57,0,5,1.95023
465,2022-01-27-16:17:59,5,2,1.53936
466,2022-01-27-16:18:02,2,6,3.08603
467,2022-01-27-16:18:05,6,2,3.07274
468,2022-01-27-16:18:07,2,3,2.72174
469,2022-01-27-16:18:11,3,7,3.37083
470,2022-01-27-16:18:14,7,2,3.03499
471,2022-01-27-16:18:18,2,7,4.39875
472,2022-01-27-16:18:21,7,2,2.59789
473,2022-01-27-16:18:23,2,4,1.76329
474,2022-01-27-16:18:24,4,0,1.52828
475,2022-01-27-16:18:26,0,7,1.99101
476,2022-01-27-16:18:28,7,3,2.15739
477,2022-01-27-16:18:30,3,7,2.13894
478,2022-01-27-16:18:33,7,3,2.14386
479,2022-01-27-16:18:35,3,0,2.40131
480,2022-01-27-16:18:37,0,2,1.72622
481,2022-01-27-16:18:38,2,0,1.75192
482,2022-01-27-16:18:41,0,6,2.86430
483,2022-01-27-16:18:44,6,5,2.70091
484,2022-01-27-16:18:46,5,3,2.30056
485,2022-01-27-16:18:49,3,4,2.20668
486,2022-01-27-16:18:53,4,2,4.11960
487,2022-01-27-16:18:56,2,5,3.67070
488,2022-01-27-16:18:59,5,6,2.70649
489,2022-01-27-16:19:01,6,3,2.04942
490,2022-01-27-16:19:04,3,2,2.67185
491,2022-01-27-16:19:06,2,1,1.92584
492,2022-01-27-16:19:07,1,7,1.73649
493,2022-01-27-16:19:10,7,6,2.64807
494,2022-01-27-16:19:14,6,2,4.14908
495,2022-01-27-16:19:18,2,0,3.89735
496,2022-01-27-16:19:20,0,4,1.50193
497,2022-01-27-16:19:23,4,6,3.44315
498,2022-01-27-16:19:26,6,2,3.15841
499,2022-01-27-16:19:29,2,6,3.09672
500,2022-01-27-16:19:33,6,2,3.20033
501,2022-01-27-16:19:35,2,1,2.01316
502,2022-01-27-16:19:38,1,6,3.58398
503,2022-01-27-16:19:41,6,5,3.16069
504,2022-01-27-16:19:44,5,3,3.03443
505,2022-01-27-16:19:47,3,5,3.09298
506,2022-01-27-16:19:49,5,2,1.56772
507,2022-01-27-16:19:52,2,6,3.15078
508,2022-01-27-16:19:56,6,5,3.46234
509,2022-01-27-16:19:57,5,4,1.85274
510,2022-01-27-16:20:02,4,2,4.14276
511,2022-01-27-16:20:05,2,5,3.78422
512,2022-01-27-16:20:07,5,1,1.95423
513,2022-01-27-16:20:09,1,7,1.67230
514,2022-01-27-16:20:13,7,4,4.07240
515,2022-01-27-16:20:17,4,6,3.77766
516,2022-01-27-16:20:20,6,0,2.81927
517,2022-01-27-16:20:21,0,2,1.68719
518,2022-01-27-16:20:23,2,1,1.92373
519,2022-01-27-16:20:27,1,3,3.50124
520,2022-01-27-16:20:29,3,4,2.14208
521,2022-01-27-16:20:32,4,6,3.27241
522,2022-01-27-16:20:36,6,0,3.52210
523,2022-01-27-16:20:38,0,5,1.93666
524,2022-01-27-16:20:40,5,0,2.00932
525,2022-01-27-16:20:43,0,6,3.44806
526,2022-01-27-16:20:46,6,5,3.37139
527,2022-01-27-16:20:50,5,2,3.79738
528,2022-01-27-16:20:54,2,5,3.63303
529,2022-01-27-16:20:57,5,6,3.11831
530,2022-01-27-16:21:00,6,0,3.44933
531,2022-01-27-16:21:02,0,2,1.74138
532,2022-01-27-16:21:05,2,6,3.17292
533,2022-01-27-16:21:09,6,1,3.59926
534,2022-01-27-16:21:10,1,0,1.06255
535,2022-01-27-16:21:12,0,2,1.74621
536,2022-01-27-16:21:15,2,6,3.11278
537,2022-01-27-16:21:18,6,4,3.47238
538,2022-01-27-16:21:20,4,1,1.32194
539,2022-01-27-16:21:21,1,0,1.02686
540,2022-01-27-16:21:24,0,3,3.39787
541,2022-01-27-16:21:28,3,1,3.43741
542,2022-01-27-16:21:29,1,0,1.03549
543,2022-01-27-16:21:30,0,4,1.50456
544,2022-01-27-16:21:31,4,1,1.32150
545,2022-01-27-16:21:33,1,0,1.07367
546,2022-01-27-16:21:35,0,6,2.86756
547,2022-01-27-16:21:38,6,5,2.99529
548,2022-01-27-16:21:40,5,0,1.88869
549,2022-01-27-16:21:42,0,7,1.88857
550,2022-01-27-16:21:45,7,6,2.59004
551,2022-01-27-16:21:48,6,0,3.00104
552,2022-01-27-16:21:50,0,7,1.93324
553,2022-01-27-16:21:52,7,0,2.13104
554,2022-01-27-16:21:53,0,1,1.10156
555,2022-01-27-16:21:54,1,0,1.05791
556,2022-01-27-16:21:56,0,4,1.59768
557,2022-01-27-16:21:57,4,5,1.79599
558,2022-01-27-16:21:59,5,1,2.06174
559,2022-01-27-16:22:01,1,4,1.32791
560,2022-01-27-16:22:04,4,6,3.47816
561,2022-01-27-16:22:08,6,0,3.72177
562,2022-01-27-16:22:09,0,1,1.04651
563,2022-01-27-16:22:13,1,6,3.62901
564,2022-01-27-16:22:17,6,0,4.81271
565,2022-01-27-16:22:19,0,2,1.69432
566,2022-01-27-16:22:21,2,4,1.76364
567,2022-01-27-16:22:22,4,0,1.52169
568,2022-01-27-16:22:24,0,4,1.51417
569,2022-01-27-16:22:26,4,5,1.79623
570,2022-01-27-16:22:28,5,0,2.13491
571,2022-01-27-16:22:29,0,4,1.52332
572,2022-01-27-16:22:31,4,1,1.31563
573,2022-01-27-16:22:33,1,6,2.68264
574,2022-01-27-16:22:36,6,5,2.89526
575,2022-01-27-16:22:38,5,1,2.00555
576,2022-01-27-16:22:41,1,3,2.26243
577,2022-01-27-16:22:44,3,7,3.28625
578,2022-01-27-16:22:47,7,4,3.25562
579,2022-01-27-16:22:50,4,5,3.24523
580,2022-01-27-16:22:53,5,6,2.87037
581,2022-01-27-16:22:57,6,2,4.25703
582,2022-01-27-16:23:01,2,7,3.06720
583,2022-01-27-16:23:03,7,5,2.81250
584,2022-01-27-16:23:05,5,1,1.96966
585,2022-01-27-16:23:07,1,4,1.32313
586,2022-01-27-16:23:09,4,2,2.33800
587,2022-01-27-16:23:11,2,5,1.51994
588,2022-01-27-16:23:14,5,6,3.16020
589,2022-01-27-16:23:17,6,4,3.35647
590,2022-01-27-16:23:21,4,1,3.84039
591,2022-01-27-16:23:22,1,4,1.32569
592,2022-01-27-16:23:24,4,0,1.51505
593,2022-01-27-16:23:26,0,3,2.43354
594,2022-01-27-16:23:30,3,2,4.22287
595,2022-01-27-16:23:35,2,1,4.14723
596,2022-01-27-16:23:36,1,2,1.96339
597,2022-01-27-16:23:38,2,5,1.52205
598,2022-01-27-16:23:40,5,1,2.09462
599,2022-01-27-16:23:43,1,3,2.49513
600,2022-01-27-16:23:46,3,7,3.25658
601,2022-01-27-16:23:48,7,6,2.58530
602,2022-01-27-16:23:52,6,4,3.43766
603,2022-01-27-16:23:54,4,3,2.15434
604,2022-01-27-16:23:58,3,7,3.81986
605,2022-01-27-16:24:00,7,3,2.25275
606,2022-01-27-16:24:03,3,0,2.54299
607,2022-01-27-16:24:05,0,7,1.95801
608,2022-01-27-16:24:06,7,1,1.63844
609,2022-01-27-16:24:08,1,7,1.69379
610,2022-01-27-16:24:11,7,2,2.57706
611,2022-01-27-16:24:14,2,6,3.16879
612,2022-01-27-16:24:16,6,7,2.66411
613,2022-01-27-16:24:20,7,3,3.82505
614,2022-01-27-16:24:24,3,0,3.32679
615,2022-01-27-16:24:25,0,4,1.56764
616,2022-01-27-16:24:27,4,7,1.89687
617,2022-01-27-16:24:30,7,2,2.57037
618,2022-01-27-16:24:31,2,5,1.53155
619,2022-01-27-16:24:34,5,7,2.63929
620,2022-01-27-16:24:37,7,4,3.26668
621,2022-01-27-16:24:41,4,2,4.15403
622,2022-01-27-16:24:43,2,4,1.82957
623,2022-01-27-16:24:46,4,2,3.26406
624,2022-01-27-16:24:50,2,6,3.41531
625,2022-01-27-16:24:53,6,1,3.67244
626,2022-01-27-16:24:57,1,6,3.66816
627,2022-01-27-16:25:01,6,4,3.87638
628,2022-01-27-16:25:02,4,1,1.32588
629,2022-01-27-16:25:04,1,7,1.70531
630,2022-01-27-16:25:06,7,1,1.71504
631,2022-01-27-16:25:08,1,2,2.03244
632,2022-01-27-16:25:10,2,7,2.54532
633,2022-01-27-16:25:12,7,1,1.69706
634,2022-01-27-16:25:14,1,5,1.94893
635,2022-01-27-16:25:15,5,2,1.61085
636,2022-01-27-16:25:18,2,3,2.69318
637,2022-01-27-16:25:21,3,2,2.74334
638,2022-01-27-16:25:23,2,0,1.74325
639,2022-01-27-16:25:25,0,3,2.45939
640,2022-01-27-16:25:28,3,7,3.24038
641,2022-01-27-16:25:32,7,1,3.26964
642,2022-01-27-16:25:34,1,5,2.10814
643,2022-01-27-16:25:36,5,0,2.15988
644,2022-01-27-16:25:38,0,7,2.01497
645,2022-01-27-16:25:40,7,0,2.15097
646,2022-01-27-16:25:41,0,1,1.09644
647,2022-01-27-16:25:43,1,5,2.17166
648,2022-01-27-16:25:47,5,4,3.34820
649,2022-01-27-16:25:50,4,5,3.32709
650,2022-01-27-16:25:52,5,4,1.80394
651,2022-01-27-16:25:55,4,6,3.41306
652,2022-01-27-16:25:59,6,1,3.63010
653,2022-01-27-16:26:00,1,4,1.32429
654,2022-01-27-16:26:04,4,6,3.47873
655,2022-01-27-16:26:07,6,3,3.40897
656,2022-01-27-16:26:11,3,7,3.84032
657,2022-01-27-16:26:13,7,1,1.73288
658,2022-01-27-16:26:14,1,7,1.71862
659,2022-01-27-16:26:16,7,4,1.89502
660,2022-01-27-16:26:18,4,5,1.83337
661,2022-01-27-16:26:21,5,7,2.60122
662,2022-01-27-16:26:23,7,6,2.60300
663,2022-01-27-16:26:26,6,5,3.23186
664,2022-01-27-16:26:28,5,2,1.63578
665,2022-01-27-16:26:30,2,5,1.53626
666,2022-01-27-16:26:33,5,4,3.43077
667,2022-01-27-16:26:37,4,0,3.64324
668,2022-01-27-16:26:39,0,7,1.99848
669,2022-01-27-16:26:43,7,6,4.17007
670,2022-01-27-16:26:47,6,7,4.11171
671,2022-01-27-16:26:49,7,3,2.32109
672,2022-01-27-16:26:52,3,2,2.74902
673,2022-01-27-16:26:54,2,4,1.81782
674,2022-01-27-16:26:56,4,7,1.89612
675,2022-01-27-16:26:58,7,2,2.59212
676,2022-01-27-16:27:00,2,5,1.52132
677,2022-01-27-16:27:03,5,7,2.62497
678,2022-01-27-16:27:06,7,4,3.36390
679,2022-01-27-16:27:09,4,6,3.25624
680,2022-01-27-16:27:13,6,3,3.77820
681,2022-01-27-16:27:15,3,0,2.50242
682,2022-01-27-16:27:17,0,7,1.99740
683,2022-01-27-16:27:21,7,3,3.86208
684,2022-01-27-16:27:24,3,5,3.06346
685,2022-01-27-16:27:26,5,2,1.67761
686,2022-01-27-16:27:29,2,6,3.15368
687,2022-01-27-16:27:33,6,1,3.71037
688,2022-01-27-16:27:34,1,4,1.31390
689,2022-01-27-16:27:36,4,7,1.94376
690,2022-01-27-16:27:39,7,5,2.67083
691,2022-01-27-16:27:41,5,0,2.04150
692,2022-01-27-16:27:45,0,6,3.64707
693,2022-01-27-16:27:47,6,7,2.66158
694,2022-01-27-16:27:51,7,1,3.37017
695,2022-01-27-16:27:52,1,0,1.12261
696,2022-01-27-16:27:53,0,4,1.53109
697,2022-01-27-16:27:55,4,5,1.81874
698,2022-01-27-16:27:57,5,1,1.99574
699,2022-01-27-16:27:59,1,3,2.37268
700,2022-01-27-16:28:02,3,0,2.42587
701,2022-01-27-16:28:04,0,7,1.91007
702,2022-01-27-16:28:06,7,4,2.23262
703,2022-01-27-16:28:08,4,2,1.95121
704,2022-01-27-16:28:10,2,4,1.81981
705,2022-01-27-16:28:11,4,1,1.36578
706,2022-01-27-16:28:13,1,2,1.95285
707,2022-01-27-16:28:15,2,5,1.53555
708,2022-01-27-16:28:18,5,2,3.62964
709,2022-01-27-16:28:22,2,0,3.91064
710,2022-01-27-16:28:24,0,7,1.97179
711,2022-01-27-16:28:26,7,0,2.13409
712,2022-01-27-16:28:28,0,4,1.51604
713,2022-01-27-16:28:30,4,3,2.08669
714,2022-01-27-16:28:32,3,4,2.15423
715,2022-01-27-16:28:34,4,5,1.79997
716,2022-01-27-16:28:36,5,2,1.86632
717,2022-01-27-16:28:39,2,3,3.08821
718,2022-01-27-16:28:41,3,2,2.56115
719,2022-01-27-16:28:44,2,3,2.64637
720,2022-01-27-16:28:47,3,5,3.22999
721,2022-01-27-16:28:49,5,3,2.23358
722,2022-01-27-16:28:51,3,6,2.03301
723,2022-01-27-16:28:54,6,5,2.77071
724,2022-01-27-16:28:57,5,3,2.35804
725,2022-01-27-16:29:00,3,2,2.98039
726,2022-01-27-16:29:01,2,4,1.79057
727,2022-01-27-16:29:03,4,5,1.82922
728,2022-01-27-16:29:06,5,3,2.40028
729,2022-01-27-16:29:09,3,7,3.33239
730,2022-01-27-16:29:12,7,1,3.33748
731,2022-01-27-16:29:14,1,4,1.34646
732,2022-01-27-16:29:16,4,7,1.95475
733,2022-01-27-16:29:18,7,2,2.56558
734,2022-01-27-16:29:20,2,5,1.56968
735,2022-01-27-16:29:22,5,7,2.60911
736,2022-01-27-16:29:26,7,3,3.21671
737,2022-01-27-16:29:30,3,2,4.31146
738,2022-01-27-16:29:34,2,5,3.67167
739,2022-01-27-16:29:36,5,4,2.21547
740,2022-01-27-16:29:37,4,0,1.61404
741,2022-01-27-16:29:40,0,3,2.46853
742,2022-01-27-16:29:43,3,2,3.00762
743,2022-01-27-16:29:44,2,5,1.55531
744,2022-01-27-16:29:47,5,7,2.59430
745,2022-01-27-16:29:51,7,4,3.63961
746,2022-01-27-16:29:54,4,6,3.44803
747,2022-01-27-16:29:58,6,3,3.92900
748,2022-01-27-16:30:00,3,5,2.43807
749,2022-01-27-16:30:02,5,1,2.00271
750,2022-01-27-16:30:05,1,3,2.30788
751,2022-01-27-16:30:07,3,0,2.56272
752,2022-01-27-16:30:09,0,2,1.75992
753,2022-01-27-16:30:12,2,7,2.63967
754,2022-01-27-16:30:13,7,1,1.75246
755,2022-01-27-16:30:15,1,4,1.34324
756,2022-01-27-16:30:16,4,0,1.62263
757,2022-01-27-16:30:18,0,1,1.12127
758,2022-01-27-16:30:20,1,5,1.95777
759,2022-01-27-16:30:22,5,1,2.02236
760,2022-01-27-16:30:23,1,7,1.78419
761,2022-01-27-16:30:26,7,2,2.60280
762,2022-01-27-16:30:28,2,0,1.76605
763,2022-01-27-16:30:30,0,7,1.94564
764,2022-01-27-16:30:32,7,5,2.64340
765,2022-01-27-16:30:35,5,7,2.67103
766,2022-01-27-16:30:38,7,5,2.70165
767,2022-01-27-16:30:40,5,6,2.76085
768,2022-01-27-16:30:42,6,3,2.03160
769,2022-01-27-16:30:45,3,5,2.39717
770,2022-01-27-16:30:47,5,7,2.58017
771,2022-01-27-16:30:51,7,1,3.27211
772,2022-01-27-16:30:52,1,0,1.16434
773,2022-01-27-16:30:54,0,3,2.41218
774,2022-01-27-16:30:57,3,2,2.73785
775,2022-01-27-16:31:00,2,3,3.01697
776,2022-01-27-16