"iteration,date,init_position,final_position,time"
0,2022-01-28-02:18:01,-1,2,3.99972
1,2022-01-28-02:18:03,2,4,1.80028
2,2022-01-28-02:18:05,4,5,1.81034
3,2022-01-28-02:18:08,5,7,2.62013
4,2022-01-28-02:18:10,7,2,2.63156
5,2022-01-28-02:18:12,2,4,1.81023
6,2022-01-28-02:18:14,4,2,1.82566
7,2022-01-28-02:18:16,2,4,1.81723
8,2022-01-28-02:18:19,4,6,3.47955
9,2022-01-28-02:18:23,6,7,4.07857
10,2022-01-28-02:18:25,7,0,1.97196
11,2022-01-28-02:18:26,0,1,1.06226
12,2022-01-28-02:18:28,1,7,1.78043
13,2022-01-28-02:18:30,7,4,1.93745
14,2022-01-28-02:18:31,4,1,1.35574
15,2022-01-28-02:18:36,1,4,4.53600
16,2022-01-28-02:18:38,4,7,2.14835
17,2022-01-28-02:18:40,7,1,1.69745
18,2022-01-28-02:18:42,1,2,1.98403
19,2022-01-28-02:18:44,2,1,2.04642
20,2022-01-28-02:18:46,1,7,2.39092
21,2022-01-28-02:18:53,7,1,6.49805
22,2022-01-28-02:19:10,1,2,11.28210
23,2022-01-28-02:19:12,2,0,2.01497
24,2022-01-28-02:19:13,0,4,1.54015
25,2022-01-28-02:19:16,4,2,3.00797
26,2022-01-28-02:19:19,2,4,2.14699
27,2022-01-28-02:19:21,4,2,2.21799
28,2022-01-28-02:19:22,2,5,1.69422
29,2022-01-28-02:19:25,5,1,2.64367
30,2022-01-28-02:19:28,1,3,3.02615
31,2022-01-28-02:19:36,3,2,7.79307
32,2022-01-28-02:20:22,2,5,37.37712
33,2022-01-28-02:20:28,5,3,5.19896
34,2022-01-28-02:20:30,3,2,2.67985
35,2022-01-28-02:20:33,2,7,2.59709
36,2022-01-28-02:20:37,7,6,4.01599
37,2022-01-28-02:20:41,6,2,4.14165
38,2022-01-28-02:20:43,2,5,1.63380
39,2022-01-28-02:20:45,5,4,1.82193
40,2022-01-28-02:20:46,4,0,1.55559
41,2022-01-28-02:20:47,0,1,1.16479
42,2022-01-28-02:20:49,1,5,1.95209
43,2022-01-28-02:20:51,5,0,1.94167
44,2022-01-28-02:20:53,0,2,1.76847
45,2022-01-28-02:20:56,2,3,2.66919
46,2022-01-28-02:20:58,3,0,2.42575
47,2022-01-28-02:21:00,0,7,2.02061
48,2022-01-28-02:21:04,7,6,4.08597
49,2022-01-28-02:21:08,6,7,4.09424
50,2022-01-28-02:21:12,7,6,4.04314
51,2022-01-28-02:21:16,6,3,3.72073
52,2022-01-28-02:21:18,3,1,2.26979
53,2022-01-28-02:21:21,1,3,2.30935
54,2022-01-28-02:21:23,3,5,2.21973
55,2022-01-28-02:21:26,5,6,3.13765
56,2022-01-28-02:21:29,6,0,3.51254
57,2022-01-28-02:21:31,0,1,1.11438
58,2022-01-28-02:21:33,1,3,2.27701
59,2022-01-28-02:21:36,3,2,2.68471
60,2022-01-28-02:21:39,2,6,3.17868
61,2022-01-28-02:21:42,6,4,3.54189
62,2022-01-28-02:21:44,4,5,1.81394
63,2022-01-28-02:21:47,5,7,2.69260
64,2022-01-28-02:21:49,7,3,2.21778
65,2022-01-28-02:21:51,3,4,2.25777
66,2022-01-28-02:21:53,4,7,1.89934
67,2022-01-28-02:21:55,7,4,1.94795
68,2022-01-28-02:21:59,4,6,3.50739
69,2022-01-28-02:22:02,6,3,3.75898
70,2022-01-28-02:22:05,3,2,2.71438
71,2022-01-28-02:22:07,2,4,1.82398
72,2022-01-28-02:22:09,4,2,1.83604
73,2022-01-28-02:22:11,2,3,2.66940
74,2022-01-28-02:22:14,3,0,2.48880
75,2022-01-28-02:22:16,0,7,2.01784
76,2022-01-28-02:22:18,7,0,2.00944
77,2022-01-28-02:22:19,0,1,1.25937
78,2022-01-28-02:22:21,1,2,2.00341
79,2022-01-28-02:22:23,2,4,1.87458
80,2022-01-28-02:22:24,4,1,1.41550
81,2022-01-28-02:22:26,1,0,1.20676
82,2022-01-28-02:22:28,0,5,2.00143
83,2022-01-28-02:22:30,5,1,2.07614
84,2022-01-28-02:22:33,1,6,3.64207
85,2022-01-28-02:22:37,6,1,3.59267
86,2022-01-28-02:22:39,1,7,1.74424
87,2022-01-28-02:22:41,7,0,2.01593
88,2022-01-28-02:22:43,0,3,2.42915
89,2022-01-28-02:22:47,3,6,3.69973
90,2022-01-28-02:22:50,6,5,3.16574
91,2022-01-28-02:22:53,5,7,2.64690
92,2022-01-28-02:22:54,7,1,1.79222
93,2022-01-28-02:22:58,1,6,3.61375
94,2022-01-28-02:23:02,6,7,4.12235
95,2022-01-28-02:23:04,7,0,2.08139
96,2022-01-28-02:23:06,0,4,1.59651
97,2022-01-28-02:23:10,4,6,3.69622
98,2022-01-28-02:23:14,6,7,4.09261
99,2022-01-28-02:23:16,7,2,2.72698
100,2022-01-28-02:23:18,2,5,1.60532
101,2022-01-28-02:23:20,5,2,1.57719
102,2022-01-28-02:23:22,2,7,2.66473
103,2022-01-28-02:23:24,7,1,1.76314
104,2022-01-28-02:23:26,1,2,2.10736
105,2022-01-28-02:23:29,2,6,3.15782
106,2022-01-28-02:23:33,6,5,3.21438
107,2022-01-28-02:23:34,5,4,1.89384
108,2022-01-28-02:23:38,4,6,3.52707
109,2022-01-28-02:23:42,6,7,4.08294
110,2022-01-28-02:23:44,7,3,2.22909
111,2022-01-28-02:23:46,3,4,2.16768
112,2022-01-28-02:23:48,4,0,1.63316
113,2022-01-28-02:23:50,0,5,2.02866
114,2022-01-28-02:23:52,5,0,1.95430
115,2022-01-28-02:23:54,0,2,1.74103
116,2022-01-28-02:23:56,2,3,2.64001
117,2022-01-28-02:23:59,3,1,2.27007
118,2022-01-28-02:24:01,1,5,2.17391
119,2022-01-28-02:24:04,5,7,2.71763
120,2022-01-28-02:24:06,7,4,2.01842
121,2022-01-28-02:24:07,4,2,1.83618
122,2022-01-28-02:24:10,2,7,2.67549
123,2022-01-28-02:24:13,7,2,2.85524
124,2022-01-28-02:24:15,2,5,1.61627
125,2022-01-28-02:24:17,5,7,2.65684
126,2022-01-28-02:24:19,7,4,2.06542
127,2022-01-28-02:24:21,4,5,2.08304
128,2022-01-28-02:24:24,5,3,2.32346
129,2022-01-28-02:24:26,3,1,2.31413
130,2022-01-28-02:24:30,1,6,3.66473
131,2022-01-28-02:24:33,6,0,3.59873
132,2022-01-28-02:24:35,0,4,1.70535
133,2022-01-28-02:24:37,4,2,1.87986
134,2022-01-28-02:24:40,2,6,3.23523
135,2022-01-28-02:24:44,6,4,3.53148
136,2022-01-28-02:24:46,4,5,1.86522
137,2022-01-28-02:24:48,5,1,2.09639
138,2022-01-28-02:24:49,1,0,1.20046
139,2022-01-28-02:24:51,0,5,1.93409
140,2022-01-28-02:24:53,5,3,2.36280
141,2022-01-28-02:24:55,3,1,2.31689
142,2022-01-28-02:24:57,1,2,2.04538
143,2022-01-28-02:24:59,2,0,1.85509
144,2022-01-28-02:25:02,0,3,2.47950
145,2022-01-28-02:25:04,3,1,2.36025
146,2022-01-28-02:25:08,1,6,3.80831
147,2022-01-28-02:25:11,6,2,3.20393
148,2022-01-28-02:25:13,2,5,1.76128
149,2022-01-28-02:25:15,5,0,1.94761
150,2022-01-28-02:25:17,0,5,1.97773
151,2022-01-28-02:25:19,5,3,2.29297
152,2022-01-28-02:25:21,3,5,2.27454
153,2022-01-28-02:25:24,5,1,2.09886
154,2022-01-28-02:25:27,1,6,3.87318
155,2022-01-28-02:25:31,6,2,3.23784
156,2022-01-28-02:25:32,2,5,1.68501
157,2022-01-28-02:25:34,5,0,1.96260
158,2022-01-28-02:25:36,0,5,2.03511
159,2022-01-28-02:25:39,5,3,2.27036
160,2022-01-28-02:25:42,3,6,3.79223
161,2022-01-28-02:25:46,6,0,3.53901
162,2022-01-28-02:25:50,0,6,3.54983
163,2022-01-28-02:25:53,6,2,3.20498
164,2022-01-28-02:25:55,2,7,2.76965
165,2022-01-28-02:25:57,7,1,1.77882
166,2022-01-28-02:25:59,1,4,1.45090
167,2022-01-28-02:26:01,4,7,2.00195
168,2022-01-28-02:26:03,7,5,2.77178
169,2022-01-28-02:26:06,5,7,2.77553
170,2022-01-28-02:26:09,7,2,2.72802
171,2022-01-28-02:26:11,2,4,1.88508
172,2022-01-28-02:26:13,4,0,1.71307
173,2022-01-28-02:26:15,0,3,2.44447
174,2022-01-28-02:26:17,3,7,2.20400
175,2022-01-28-02:26:19,7,1,1.79347
176,2022-01-28-02:26:23,1,6,3.68946
177,2022-01-28-02:26:26,6,4,3.52430
178,2022-01-28-02:26:28,4,1,1.50740
179,2022-01-28-02:26:30,1,5,2.02487
180,2022-01-28-02:26:32,5,1,2.04900
181,2022-01-28-02:26:34,1,2,2.09544
182,2022-01-28-02:26:37,2,7,2.69803
183,2022-01-28-02:26:39,7,4,1.98998
184,2022-01-28-02:26:41,4,7,2.02739
185,2022-01-28-02:26:42,7,1,1.82502
186,2022-01-28-02:26:45,1,2,2.15168
187,2022-01-28-02:26:47,2,0,1.88098
188,2022-01-28-02:26:49,0,7,2.13488
189,2022-01-28-02:26:51,7,4,1.99504
190,2022-01-28-02:26:52,4,1,1.43402
191,2022-01-28-02:26:54,1,4,1.50901
192,2022-01-28-02:26:56,4,5,1.96633
193,2022-01-28-02:26:57,5,2,1.74004
194,2022-01-28-02:27:00,2,3,2.70395
195,2022-01-28-02:27:04,3,6,3.77701
196,2022-01-28-02:27:07,6,2,3.23650
197,2022-01-28-02:27:09,2,0,1.93616
198,2022-01-28-02:27:11,0,3,2.51182
199,2022-01-28-02:27:14,3,0,2.52009
200,2022-01-28-02:27:16,0,7,2.00969
201,2022-01-28-02:27:18,7,4,1.98990
202,2022-01-28-02:27:20,4,1,1.57560
203,2022-01-28-02:27:21,1,7,1.81934
204,2022-01-28-02:27:24,7,5,2.76789
205,2022-01-28-02:27:26,5,2,1.71653
206,2022-01-28-02:27:28,2,0,1.77452
207,2022-01-28-02:27:29,0,2,1.82793
208,2022-01-28-02:27:33,2,6,3.24556
209,2022-01-28-02:27:36,6,2,3.25321
210,2022-01-28-02:27:39,2,3,2.84310
211,2022-01-28-02:27:41,3,2,2.62538
212,2022-01-28-02:27:44,2,7,2.63583
213,2022-01-28-02:27:47,7,2,2.93846
214,2022-01-28-02:27:49,2,1,2.08251
215,2022-01-28-02:27:51,1,5,2.00413
216,2022-01-28-02:27:53,5,3,2.37256
217,2022-01-28-02:27:56,3,0,2.60718
218,2022-01-28-02:27:57,0,1,1.24085
219,2022-01-28-02:28:01,1,6,3.71888
220,2022-01-28-02:28:05,6,4,3.66542
221,2022-01-28-02:28:07,4,2,1.92181
222,2022-01-28-02:28:09,2,1,2.11305
223,2022-01-28-02:28:11,1,5,1.99643
224,2022-01-28-02:28:13,5,1,2.09418
225,2022-01-28-02:28:14,1,0,1.12058
226,2022-01-28-02:28:17,0,3,2.55594
227,2022-01-28-02:28:19,3,2,2.71534
228,2022-01-28-02:28:22,2,1,2.26025
229,2022-01-28-02:28:23,1,0,1.14177
230,2022-01-28-02:28:25,0,2,2.09721
231,2022-01-28-02:28:26,2,5,1.65363
232,2022-01-28-02:28:29,5,3,2.32486
233,2022-01-28-02:28:33,3,6,3.76979
234,2022-01-28-02:28:36,6,5,3.24853
235,2022-01-28-02:28:38,5,4,1.86864
236,2022-01-28-02:28:40,4,2,2.02189
237,2022-01-28-02:28:42,2,3,2.71798
238,2022-01-28-02:28:45,3,4,2.44577
239,2022-01-28-02:28:46,4,0,1.62128
240,2022-01-28-02:28:48,0,1,1.23791
241,2022-01-28-02:28:50,1,7,1.93822
242,2022-01-28-02:28:54,7,6,4.33705
243,2022-01-28-02:28:57,6,5,3.21167
244,2022-01-28-02:28:59,5,1,2.08179
245,2022-01-28-02:29:01,1,7,1.99911
246,2022-01-28-02:29:04,7,5,2.72889
247,2022-01-28-02:29:06,5,3,2.34285
248,2022-01-28-02:29:09,3,2,2.75271
249,2022-01-28-02:29:11,2,0,1.98654
250,2022-01-28-02:29:13,0,7,2.22027
251,2022-01-28-02:29:15,7,0,2.12105
252,2022-01-28-02:29:18,0,3,2.50152
253,2022-01-28-02:29:20,3,5,2.38867
254,2022-01-28-02:29:22,5,2,1.65278
255,2022-01-28-02:29:25,2,7,2.77373
256,2022-01-28-02:29:27,7,2,2.75257
257,2022-01-28-02:29:30,2,1,2.02908
258,2022-01-28-02:29:31,1,4,1.45290
259,2022-01-28-02:29:33,4,2,1.96521
260,2022-01-28-02:29:35,2,1,2.21846
261,2022-01-28-02:29:37,1,2,2.11691
262,2022-01-28-02:29:39,2,0,1.88391
263,2022-01-28-02:29:40,0,1,1.22145
264,2022-01-28-02:29:42,1,4,1.48763
265,2022-01-28-02:29:46,4,6,3.68988
266,2022-01-28-02:29:49,6,2,3.22763
267,2022-01-28-02:29:52,2,3,2.74233
268,2022-01-28-02:29:54,3,1,2.64560
269,2022-01-28-02:29:58,1,6,3.75327
270,2022-01-28-02:30:01,6,5,3.18372
271,2022-01-28-02:30:03,5,1,2.11896
272,2022-01-28-02:30:07,1,6,3.78741
273,2022-01-28-02:30:11,6,2,3.47688
274,2022-01-28-02:30:14,2,6,3.32433
275,2022-01-28-02:30:18,6,7,4.15690
276,2022-01-28-02:30:22,7,6,4.38687
277,2022-01-28-02:30:26,6,3,3.85165
278,2022-01-28-02:30:28,3,4,2.20906
279,2022-01-28-02:30:31,4,3,2.20816
280,2022-01-28-02:30:33,3,7,2.29961
281,2022-01-28-02:30:37,7,6,4.12249
282,2022-01-28-02:30:40,6,5,3.29268
283,2022-01-28-02:30:44,5,6,3.26764
284,2022-01-28-02:30:47,6,5,3.36646
285,2022-01-28-02:30:49,5,3,2.28730
286,2022-01-28-02:30:52,3,0,2.71910
287,2022-01-28-02:30:55,0,3,2.54903
288,2022-01-28-02:30:57,3,0,2.64484
289,2022-01-28-02:31:00,0,3,2.73998
290,2022-01-28-02:31:03,3,0,2.58811
291,2022-01-28-02:31:04,0,4,1.80812
292,2022-01-28-02:31:07,4,3,2.47891
293,2022-01-28-02:31:09,3,1,2.51282
294,2022-01-28-02:31:11,1,7,1.88226
295,2022-01-28-02:31:16,7,6,4.42889
296,2022-01-28-02:31:20,6,3,3.94007
297,2022-01-28-02:31:22,3,4,2.32056
298,2022-01-28-02:31:24,4,2,1.98153
299,2022-01-28-02:31:27,2,7,2.76920
300,2022-01-28-02:31:29,7,3,2.30116
301,2022-01-28-02:31:32,3,2,2.74002
302,2022-01-28-02:31:35,2,7,2.83624
303,2022-01-28-02:31:37,7,3,2.51152
304,2022-01-28-02:31:40,3,2,2.80729
305,2022-01-28-02:31:42,2,4,2.00432
306,2022-01-28-02:31:46,4,6,3.69418
307,2022-01-28-02:31:49,6,2,3.22182
308,2022-01-28-02:31:51,2,5,1.89796
309,2022-01-28-02:31:53,5,4,2.11950
310,2022-01-28-02:31:55,4,7,2.19139
311,2022-01-28-02:31:58,7,2,2.72008
312,2022-01-28-02:32:00,2,4,1.99089
313,2022-01-28-02:32:02,4,7,2.21294
314,2022-01-28-02:32:04,7,1,1.98119
315,2022-01-28-02:32:06,1,7,1.92972
316,2022-01-28-02:32:10,7,6,4.22395
317,2022-01-28-02:32:14,6,1,4.06804
318,2022-01-28-02:32:18,1,6,3.71289
319,2022-01-28-02:32:22,6,7,4.33936
320,2022-01-28-02:32:25,7,5,2.87582
321,2022-01-28-02:32:28,5,6,3.30042
322,2022-01-28-02:32:32,6,0,3.66414
323,2022-01-28-02:32:34,0,2,1.96492
324,2022-01-28-02:32:36,2,4,2.00753
325,2022-01-28-02:32:38,4,0,1.68227
326,2022-01-28-02:32:40,0,3,2.67863
327,2022-01-28-02:32:43,3,2,2.79080
328,2022-01-28-02:32:46,2,7,2.85913
329,2022-01-28-02:32:48,7,4,1.98525
330,2022-01-28-02:32:50,4,0,1.80394
331,2022-01-28-02:32:52,0,5,2.15232
332,2022-01-28-02:32:55,5,7,2.98692
333,2022-01-28-02:32:57,7,0,2.06590
334,2022-01-28-02:32:59,0,5,2.12831
335,2022-01-28-02:33:01,5,0,2.19968
336,2022-01-28-02:33:04,0,3,2.50218
337,2022-01-28-02:33:06,3,1,2.40583
338,2022-01-28-02:33:10,1,6,3.98709
339,2022-01-28-02:33:14,6,0,3.97379
340,2022-01-28-02:33:16,0,5,2.15487
341,2022-01-28-02:33:20,5,6,3.59437
342,2022-01-28-02:33:24,6,1,3.78434
343,2022-01-28-02:33:25,1,0,1.19987
344,2022-01-28-02:33:27,0,2,1.89488
345,2022-01-28-02:33:29,2,0,2.21273
346,2022-01-28-02:33:31,0,2,2.02963
347,2022-01-28-02:33:33,2,0,2.15024
348,2022-01-28-02:33:37,0,6,3.79785
349,2022-01-28-02:33:41,6,0,3.71266
350,2022-01-28-02:33:43,0,7,2.00205
351,2022-01-28-02:33:46,7,2,2.71906
352,2022-01-28-02:33:48,2,0,2.13093
353,2022-01-28-02:33:49,0,1,1.41565
354,2022-01-28-02:33:50,1,0,1.21158
355,2022-01-28-02:33:52,0,7,2.14900
356,2022-01-28-02:33:55,7,5,2.77977
357,2022-01-28-02:33:58,5,3,2.47613
358,2022-01-28-02:34:00,3,7,2.30163
359,2022-01-28-02:34:02,7,3,2.32461
360,2022-01-28-02:34:05,3,4,2.55191
361,2022-01-28-02:34:07,4,2,2.23204
362,2022-01-28-02:34:09,2,5,1.95234
363,2022-01-28-02:34:12,5,0,2.53830
364,2022-01-28-02:34:14,0,7,2.44605
365,2022-01-28-02:34:18,7,6,4.20967
366,2022-01-28-02:34:22,6,4,3.71629
367,2022-01-28-02:34:24,4,0,1.96395
368,2022-01-28-02:34:26,0,2,2.25899
369,2022-01-28-02:34:28,2,0,2.03461
370,2022-01-28-02:34:32,0,6,4.01454
371,2022-01-28-02:34:36,6,5,3.34850
372,2022-01-28-02:34:39,5,6,3.29196
373,2022-01-28-02:34:50,6,7,11.32047
374,2022-01-28-02:34:53,7,2,2.77925
375,2022-01-28-02:34:56,2,3,3.12439
376,2022-01-28-02:34:58,3,7,2.35358
377,2022-01-28-02:35:00,7,1,1.97443
378,2022-01-28-02:35:02,1,0,1.50996
379,2022-01-28-02:35:04,0,7,2.31737
380,2022-01-28-02:35:06,7,1,2.18348
381,2022-01-28-02:35:08,1,4,1.87715
382,2022-01-28-02:35:11,4,3,2.40641
383,2022-01-28-02:35:13,3,1,2.47300
384,2022-01-28-02:35:17,1,6,4.06591
385,2022-01-28-02:35:21,6,2,3.47500
386,2022-01-28-02:35:23,2,4,2.02743
387,2022-01-28-02:35:25,4,0,2.04283
388,2022-01-28-02:35:29,0,6,3.73842
389,2022-01-28-02:35:32,6,4,3.68776
390,2022-01-28-02:35:34,4,1,1.64157
391,2022-01-28-02:35:36,1,4,1.86171
392,2022-01-28-02:35:38,4,3,2.68012
393,2022-01-28-02:35:41,3,1,2.72147
394,2022-01-28-02:35:45,1,6,3.81621
395,2022-01-28-02:35:49,6,0,3.83970
396,2022-01-28-02:35:50,0,1,1.24380
397,2022-01-28-02:35:53,1,3,2.74777
398,2022-01-28-02:35:56,3,2,3.12636
399,2022-01-28-02:35:59,2,6,3.42180
400,2022-01-28-02:36:03,6,5,3.43590
401,2022-01-28-02:36:06,5,6,3.53527
402,2022-01-28-02:36:10,6,4,4.00085
403,2022-01-28-02:36:12,4,1,1.64144
404,2022-01-28-02:36:14,1,5,2.36978
405,2022-01-28-02:36:17,5,7,3.00337
406,2022-01-28-02:36:20,7,5,2.98911
407,2022-01-28-02:36:23,5,3,2.29741
408,2022-01-28-02:36:25,3,7,2.53355
409,2022-01-28-02:36:27,7,1,1.96589
410,2022-01-28-02:36:29,1,7,2.01922
411,2022-01-28-02:36:31,7,4,2.26096
412,2022-01-28-02:36:34,4,5,2.32727
413,2022-01-28-02:36:37,5,7,3.03903
414,2022-01-28-02:36:40,7,2,2.83370
415,2022-01-28-02:36:43,2,3,2.97411
416,2022-01-28-02:36:45,3,5,2.48597
417,2022-01-28-02:36:47,5,1,2.31124
418,2022-01-28-02:36:49,1,4,1.83170
419,2022-01-28-02:36:51,4,0,1.99890
420,2022-01-28-02:36:53,0,1,1.50215
421,2022-01-28-02:36:55,1,7,1.99429
422,2022-01-28-02:36:57,7,4,2.29659
423,2022-01-28-02:36:59,4,2,2.19407
424,2022-01-28-02:37:02,2,4,2.24217
425,2022-01-28-02:37:04,4,2,2.07123
426,2022-01-28-02:37:07,2,3,3.13970
427,2022-01-28-02:37:10,3,2,2.88846
428,2022-01-28-02:37:12,2,4,2.25497
429,2022-01-28-02:37:14,4,1,1.88268
430,2022-01-28-02:37:16,1,3,2.54865
431,2022-01-28-02:37:19,3,5,2.54714
432,2022-01-28-02:37:22,5,6,3.62500
433,2022-01-28-02:37:27,6,1,4.24471
434,2022-01-28-02:37:28,1,4,1.70577
435,2022-01-28-02:37:31,4,2,2.08205
436,2022-01-28-02:37:34,2,7,3.15499
437,2022-01-28-02:37:38,7,6,4.54709
438,2022-01-28-02:37:42,6,1,3.97649
439,2022-01-28-02:37:44,1,7,2.19148
440,2022-01-28-02:37:47,7,4,2.62251
441,2022-01-28-02:37:50,4,3,2.80756
442,2022-01-28-02:37:52,3,5,2.62220
443,2022-01-28-02:37:55,5,0,2.47160
444,2022-01-28-02:37:59,0,6,4.02896
445,2022-01-28-02:38:03,6,0,4.24685
446,2022-01-28-02:38:05,0,2,2.16543
447,2022-01-28-02:38:07,2,5,1.85294
448,2022-01-28-02:38:09,5,0,2.17762
449,2022-01-28-02:38:12,0,7,2.37036
450,2022-01-28-02:38:15,7,2,2.96144
451,2022-01-28-02:38:18,2,3,3.29088
452,2022-01-28-02:38:21,3,2,3.33533
453,2022-01-28-02:38:25,2,3,3.39144
454,2022-01-28-02:38:27,3,5,2.65041
455,2022-01-28-02:38:31,5,7,3.15466
456,2022-01-28-02:38:35,7,6,4.32964
457,2022-01-28-02:38:39,6,0,3.86319
458,2022-01-28-02:38:42,0,3,2.76949
459,2022-01-28-02:38:44,3,7,2.71423
460,2022-01-28-02:38:49,7,6,4.39270
461,2022-01-28-02:38:52,6,2,3.41181
462,2022-01-28-02:38:54,2,1,2.18168
463,2022-01-28-02:38:57,1,3,2.65923
464,2022-01-28-02:39:00,3,2,2.89681
465,2022-01-28-02:39:03,2,6,3.38489
466,2022-01-28-02:39:07,6,0,4.13070
467,2022-01-28-02:39:10,0,5,2.44511
468,2022-01-28-02:39:12,5,2,1.91594
469,2022-01-28-02:39:14,2,0,2.10410
470,2022-01-28-02:39:16,0,7,2.50356
471,2022-01-28-02:39:18,7,1,2.15394
472,2022-01-28-02:39:21,1,7,2.17791
473,2022-01-28-02:39:23,7,1,2.29730
474,2022-01-28-02:39:26,1,3,2.77954
475,2022-01-28-02:39:29,3,1,2.90883
476,2022-01-28-02:39:31,1,5,2.36176
477,2022-01-28-02:39:34,5,3,2.62645
478,2022-01-28-02:39:36,3,4,2.49026
479,2022-01-28-02:39:39,4,3,2.60783
480,2022-01-28-02:39:42,3,0,3.02421
481,2022-01-28-02:39:44,0,5,2.24579
482,2022-01-28-02:39:46,5,4,2.17674
483,2022-01-28-02:39:48,4,0,1.72571
484,2022-01-28-02:39:51,0,3,2.86839
485,2022-01-28-02:39:53,3,4,2.67970
486,2022-01-28-02:39:56,4,2,2.34771
487,2022-01-28-02:39:59,2,6,3.61486
488,2022-01-28-02:40:03,6,3,4.01406
489,2022-01-28-02:40:06,3,5,2.54043
490,2022-01-28-02:40:08,5,2,2.01437
491,2022-01-28-02:40:10,2,5,1.99879
492,2022-01-28-02:40:13,5,3,2.53137
493,2022-01-28-02:40:15,3,7,2.72117
494,2022-01-28-02:40:18,7,3,2.52281
495,2022-01-28-02:40:22,3,6,4.16186
496,2022-01-28-02:40:26,6,0,4.01077
497,2022-01-28-02:40:29,0,5,2.52113
498,2022-01-28-02:40:32,5,6,3.52789
499,2022-01-28-02:40:36,6,4,4.03677
500,2022-01-28-02:40:39,4,3,2.52624
501,2022-01-28-02:40:43,3,6,4.13043
502,2022-01-28-02:40:47,6,4,4.14765
503,2022-01-28-02:40:49,4,7,2.38254
504,2022-01-28-02:40:52,7,3,2.54900
505,2022-01-28-02:40:54,3,7,2.58403
506,2022-01-28-02:40:57,7,1,2.12038
507,2022-01-28-02:40:59,1,3,2.77586
508,2022-01-28-02:41:02,3,5,2.57693
509,2022-01-28-02:41:04,5,3,2.52355
510,2022-01-28-02:41:07,3,1,2.56813
511,2022-01-28-02:41:09,1,4,1.75862
512,2022-01-28-02:41:11,4,1,1.94665
513,2022-01-28-02:41:13,1,4,1.85495
514,2022-01-28-02:41:15,4,7,2.37427
515,2022-01-28-02:41:18,7,2,3.24910
516,2022-01-28-02:41:20,2,5,1.97043
517,2022-01-28-02:41:22,5,0,2.19338
518,2022-01-28-02:41:25,0,3,3.05189
519,2022-01-28-02:41:28,3,5,2.63336
520,2022-01-28-02:41:31,5,7,2.90460
521,2022-01-28-02:41:34,7,5,2.83506
522,2022-01-28-02:41:36,5,4,2.32520
523,2022-01-28-02:41:40,4,6,4.01796
524,2022-01-28-02:41:45,6,7,4.46501
525,2022-01-28-02:41:48,7,5,3.00083
526,2022-01-28-02:41:50,5,0,2.42358
527,2022-01-28-02:41:53,0,3,2.96255
528,2022-01-28-02:41:56,3,7,2.55125
529,2022-01-28-02:41:59,7,5,3.06909
530,2022-01-28-02:42:01,5,4,2.21608
531,2022-01-28-02:42:03,4,2,2.11586
532,2022-01-28-02:42:06,2,1,2.62564
533,2022-01-28-02:42:07,1,0,1.90772
534,2022-01-28-02:42:12,0,6,4.05151
535,2022-01-28-02:42:16,6,7,4.56364
536,2022-01-28-02:42:19,7,4,2.41386
537,2022-01-28-02:42:20,4,0,1.96015
538,2022-01-28-02:42:23,0,7,2.61759
539,2022-01-28-02:42:25,7,1,2.14098
540,2022-01-28-02:42:27,1,4,1.74057
541,2022-01-28-02:42:29,4,7,2.43308
542,2022-01-28-02:42:32,7,1,2.29332
543,2022-01-28-02:42:36,1,6,4.16166
544,2022-01-28-02:42:40,6,7,4.61233
545,2022-01-28-02:42:43,7,0,2.40087
546,2022-01-28-02:42:45,0,5,2.33700
547,2022-01-28-02:42:49,5,6,3.58154
548,2022-01-28-02:42:53,6,0,3.80987
549,2022-01-28-02:42:55,0,5,2.23884
550,2022-01-28-02:42:58,5,6,3.52535
551,2022-01-28-02:43:03,6,7,4.63101
552,2022-01-28-02:43:08,7,6,4.60164
553,2022-01-28-02:43:11,6,2,3.63372
554,2022-01-28-02:43:15,2,6,3.66185
555,2022-01-28-02:43:19,6,0,3.97426
556,2022-01-28-02:43:21,0,2,2.15889
557,2022-01-28-02:43:24,2,3,3.12452
558,2022-01-28-02:43:27,3,4,2.85251
559,2022-01-28-02:43:29,4,7,2.41695
560,2022-01-28-02:43:33,7,2,3.48732
561,2022-01-28-02:43:36,2,1,2.76495
562,2022-01-28-02:43:40,1,6,4.26875
563,2022-01-28-02:43:44,6,3,4.35008
564,2022-01-28-02:43:47,3,7,2.64486
565,2022-01-28-02:43:50,7,2,3.22170
566,2022-01-28-02:43:53,2,0,2.31791
567,2022-01-28-02:43:57,0,6,4.04630
568,2022-01-28-02:44:01,6,7,4.78925
569,2022-01-28-02:44:05,7,5,3.53004
570,2022-01-28-02:44:07,5,2,1.83547
571,2022-01-28-02:44:10,2,3,3.31654
572,2022-01-28-02:44:13,3,1,2.87070
573,2022-01-28-02:44:14,1,0,1.52199
574,2022-01-28-02:44:16,0,1,1.97575
575,2022-01-28-02:44:19,1,2,2.38860
576,2022-01-28-02:44:22,2,3,3.02640
577,2022-01-28-02:44:25,3,0,3.00759
578,2022-01-28-02:44:27,0,3,2.61367
579,2022-01-28-02:44:30,3,0,2.88225
580,2022-01-28-02:44:33,0,2,2.41437
581,2022-01-28-02:44:35,2,1,2.64027
582,2022-01-28-02:44:39,1,6,4.06538
583,2022-01-28-02:44:44,6,3,4.25434
584,2022-01-28-02:44:47,3,2,3.27652
585,2022-01-28-02:44:49,2,1,2.40008
586,2022-01-28-02:44:54,1,6,4.17545
587,2022-01-28-02:44:57,6,2,3.46963
588,2022-01-28-02:45:00,2,3,3.03427
589,2022-01-28-02:45:03,3,0,2.84515
590,2022-01-28-02:45:05,0,2,2.28802
591,2022-01-28-02:45:09,2,6,3.57446
592,2022-01-28-02:45:13,6,7,4.57181
593,2022-01-28-02:45:16,7,5,3.01699
594,2022-01-28-02:45:19,5,0,2.54955
595,2022-01-28-02:45:22,0,3,2.96642
596,2022-01-28-02:45:25,3,5,2.66543
597,2022-01-28-02:45:28,5,7,3.06378
598,2022-01-28-02:45:30,7,0,2.29883
599,2022-01-28-02:45:33,0,3,2.97403
600,2022-01-28-02:45:36,3,7,2.57769
601,2022-01-28-02:45:39,7,2,3.27091
602,2022-01-28-02:45:41,2,1,2.49208
603,2022-01-28-02:45:44,1,2,2.49148
604,2022-01-28-02:45:47,2,6,3.58317
605,2022-01-28-02:45:52,6,4,4.19391
606,2022-01-28-02:45:54,4,5,2.30097
607,2022-01-28-02:45:56,5,1,2.51945
608,2022-01-28-02:45:58,1,7,1.99594
609,2022-01-28-02:46:01,7,4,2.53006
610,2022-01-28-02:46:03,4,1,2.08624
611,2022-01-28-02:46:06,1,2,2.53531
612,2022-01-28-02:46:09,2,7,3.16834
613,2022-01-28-02:46:12,7,2,3.22710
614,2022-01-28-02:46:15,2,7,3.19893
615,2022-01-28-02:46:18,7,4,2.45941
616,2022-01-28-02:46:20,4,2,2.50188
617,2022-01-28-02:46:24,2,7,3.46642
618,2022-01-28-02:46:26,7,3,2.45622
619,2022-01-28-02:46:29,3,2,3.28193
620,2022-01-28-02:46:31,2,5,1.93567
621,2022-01-28-02:46:34,5,3,2.64859
622,2022-01-28-02:46:37,3,1,2.88729
623,2022-01-28-02:46:40,1,3,2.89557
624,2022-01-28-02:46:42,3,1,2.80064
625,2022-01-28-02:46:45,1,7,2.34378
626,2022-01-28-02:46:48,7,4,2.74963
627,2022-01-28-02:46:50,4,3,2.73951
628,2022-01-28-02:46:53,3,7,2.46406
629,2022-01-28-02:46:55,7,4,2.28974
630,2022-01-28-02:46:57,4,7,2.37289
631,2022-01-28-02:47:00,7,5,2.98411
632,2022-01-28-02:47:02,5,2,2.03540
633,2022-01-28-02:47:06,2,7,3.35088
634,2022-01-28-02:47:08,7,4,2.35141
635,2022-01-28-02:47:11,4,5,2.37093
636,2022-01-28-02:47:14,5,6,3.75344
637,2022-01-28-02:47:18,6,1,4.05902
638,2022-01-28-02:47:21,1,3,2.65171
639,2022-01-28-02:47:24,3,7,2.58873
640,2022-01-28-02:47:28,7,6,4.57689
641,2022-01-28-02:47:32,6,2,3.74340
642,2022-01-28-02:47:34,2,0,2.24313
643,2022-01-28-02:47:37,0,2,2.40449
644,2022-01-28-02:47:39,2,1,2.53986
645,2022-01-28-02:47:42,1,3,2.69939
646,2022-01-28-02:47:44,3,7,2.55472
647,2022-01-28-02:47:47,7,3,2.46959
648,2022-01-28-02:47:51,3,6,4.32865
649,2022-01-28-02:47:56,6,7,4.64974
650,2022-01-28-02:48:00,7,6,4.55673
651,2022-01-28-02:48:04,6,4,3.94013
652,2022-01-28-02:48:07,4,3,2.65781
653,2022-01-28-02:48:09,3,7,2.47318
654,2022-01-28-02:48:12,7,3,2.85157
655,2022-01-28-02:48:15,3,7,2.59433
656,2022-01-28-02:48:17,7,1,2.22043
657,2022-01-28-02:48:20,1,7,2.46133
658,2022-01-28-02:48:22,7,4,2.50899
659,2022-01-28-02:48:25,4,3,2.67213
660,2022-01-28-02:48:28,3,0,2.79680
661,2022-01-28-02:48:30,0,7,2.40126
662,2022-01-28-02:48:32,7,1,1.96954
663,2022-01-28-02:48:36,1,6,4.25559
664,2022-01-28-02:48:40,6,0,3.99616
665,2022-01-28-02:48:43,0,7,2.49413
666,2022-01-28-02:48:47,7,6,4.77003
667,2022-01-28-02:48:51,6,5,3.47208
668,2022-01-28-02:48:54,5,7,2.97369
669,2022-01-28-02:48:56,7,3,2.56277
670,2022-01-28-02:48:59,3,4,2.75726
671,2022-01-28-02:49:02,4,7,2.36610
672,2022-01-28-02:49:04,7,1,2.19632
673,2022-01-28-02:49:06,1,0,1.76190
674,2022-01-28-02:49:08,0,7,2.48505
675,2022-01-28-02:49:13,7,6,4.57980
676,2022-01-28-02:49:16,6,2,3.54323
677,2022-01-28-02:49:18,2,4,2.18424
678,2022-01-28-02:49:23,4,6,4.08388
679,2022-01-28-02:49:26,6,5,3.74476
680,2022-01-28-02:49:30,5,6,3.54929
681,2022-01-28-02:49:33,6,2,3.50790
682,2022-01-28-02:49:36,2,3,2.94514
683,2022-01-28-02:49:39,3,1,2.70796
684,2022-01-28-02:49:41,1,0,1.79662
685,2022-01-28-02:49:44,0,3,2.85974
686,2022-01-28-02:49:46,3,0,2.84909
687,2022-01-28-02:49:49,0,5,2.40818
688,2022-01-28-02:49:52,5,7,3.06363
689,2022-01-28-02:49:55,7,2,3.23076
690,2022-01-28-02:49:58,2,1,2.60019
691,2022-01-28-02:50:00,1,5,2.64502
692,2022-01-28-02:50:03,5,0,2.53565
693,2022-01-28-02:50:07,0,6,4.01339
694,2022-01-28-02:50:11,6,5,3.74938
695,2022-01-28-02:50:14,5,7,3.24360
696,2022-01-28-02:50:16,7,1,2.05641
697,2022-01-28-02:50:19,1,2,2.51346
698,2022-01-28-02:50:22,2,3,3.05582
699,2022-01-28-02:50:24,3,1,2.75282
700,2022-01-28-02:50:26,1,7,2.12419
701,2022-01-28-02:50:29,7,0,2.61812
702,2022-01-28-02:50:31,0,4,2.00668
703,2022-01-28-02:50:34,4,3,2.48773
704,2022-01-28-02:50:36,3,1,2.67143
705,2022-01-28-02:50:41,1,6,4.26696
706,2022-01-28-02:50:44,6,2,3.77649
707,2022-01-28-02:50:48,2,3,3.17133
708,2022-01-28-02:50:50,3,7,2.77476
709,2022-01-28-02:50:52,7,1,2.12319
710,2022-01-28-02:50:55,1,7,2.46401
711,2022-01-28-02:50:59,7,6,4.53353
712,2022-01-28-02:51:03,6,5,3.58964
713,2022-01-28-02:51:05,5,4,2.22619
714,2022-01-28-02:51:08,4,2,2.30347
715,2022-01-28-02:51:11,2,7,3.20194
716,2022-01-28-02:51:14,7,3,2.88247
717,2022-01-28-02:51:16,3,7,2.64311
718,2022-01-28-02:51:19,7,3,2.63855
719,2022-01-28-02:51:21,3,7,2.50824
720,2022-01-28-02:51:24,7,5,3.04915
721,2022-01-28-02:51:28,5,3,3.11291
722,2022-01-28-02:51:32,3,6,4.16130
723,2022-01-28-02:51:36,6,1,3.93869
724,2022-01-28-02:51:39,1,3,2.77661
725,2022-01-28-02:51:41,3,2,2.89169
726,2022-01-28-02:51:44,2,1,2.24085
727,2022-01-28-02:51:47,1,6,3.77103
728,2022-01-28-02:51:51,6,5,3.61072
729,2022-01-28-02:51:53,5,2,1.71579
730,2022-01-28-02:51:56,2,7,2.86333
731,2022-01-28-02:51:58,7,4,2.25611
732,2022-01-28-02:52:00,4,2,2.09176
733,2022-01-28-02:52:02,2,1,2.20426
734,2022-01-28-02:52:05,1,3,2.43813
735,2022-01-28-02:52:07,3,5,2.69070
736,2022-01-28-02:52:10,5,7,2.94700
737,2022-01-28-02:52:12,7,0,2.12351
738,2022-01-28-02:52:16,0,6,3.75326
739,2022-01-28-02:52:20,6,1,3.88435
740,2022-01-28-02:52:22,1,2,2.45228
741,2022-01-28-02:52:25,2,1,2.50954
742,2022-01-28-02:52:27,1,2,2.17519
743,2022-01-28-02:52:30,2,7,2.85743
744,2022-01-28-02:52:33,7,5,2.87731
745,2022-01-28-02:52:35,5,0,2.15404
746,2022-01-28-02:52:36,0,1,1.23785
747,2022-01-28-02:52:39,1,3,2.44595
748,2022-01-28-02:52:41,3,1,2.50211
749,2022-01-28-02:52:42,1,0,1.29491
750,2022-01-28-02:52:45,0,7,2.33792
751,2022-01-28-02:52:47,7,0,2.21614
752,2022-01-28-02:52:49,0,5,2.16047
753,2022-01-28-02:52:52,5,3,2.90239
754,2022-01-28-02:52:54,3,7,2.27761
755,2022-01-28-02:52:59,7,6,4.53809
756,2022-01-28-02:53:03,6,0,3.87259
757,2022-01-28-02:53:05,0,5,2.22833
758,2022-01-28-02:53:07,5,0,2.26933
759,2022-01-28-02:53:10,0,5,2.31264
760,2022-01-28-02:53:13,5,6,3.45551
761,2022-01-28-02:53:17,6,1,3.82582
762,2022-01-28-02:53:19,1,7,1.89572
763,2022-01-28-02:53:22,7,5,2.77318
764,2022-01-28-02:53:24,5,3,2.32324
765,2022-01-28-02:53:28,3,7,3.64401
766,2022-01-28-02:53:30,7,0,2.43909
767,2022-01-28-02:53:32,0,4,1.84830
768,2022-01-28-02:53:34,4,3,2.52944
769,2022-01-28-02:53:37,3,5,2.36062
770,2022-01-28-02:53:39,5,4,1.97817
771,2022-01-28-02:53:41,4,7,2.18027
772,2022-01-28-02:53:44,7,3,2.81713
773,2022-01-28-02:53:48,3,6,3.94910
774,2022-01-28-02:53:52,6,7,4.34409
775,2022-01-28-02:53:55,7,3,2.55670
776,2022-01-28