"iteration,date,init_position,final_position,time"
0,2022-01-27-17:08:50,-1,7,2.89070
1,2022-01-27-17:08:52,7,4,1.88582
2,2022-01-27-17:08:54,4,3,2.13410
3,2022-01-27-17:08:56,3,4,2.12853
4,2022-01-27-17:09:00,4,6,3.49726
5,2022-01-27-17:09:05,6,7,4.76521
6,2022-01-27-17:09:07,7,3,2.18578
7,2022-01-27-17:09:09,3,1,2.24240
8,2022-01-27-17:09:11,1,2,2.01948
9,2022-01-27-17:09:13,2,0,1.74905
10,2022-01-27-17:09:15,0,5,1.87275
11,2022-01-27-17:09:17,5,7,2.61283
12,2022-01-27-17:09:19,7,1,1.67908
13,2022-01-27-17:09:23,1,6,3.57779
14,2022-01-27-17:09:26,6,1,3.56266
15,2022-01-27-17:09:28,1,7,1.71765
16,2022-01-27-17:09:30,7,4,1.89314
17,2022-01-27-17:09:32,4,3,2.12109
18,2022-01-27-17:09:34,3,0,2.41147
19,2022-01-27-17:09:35,0,1,1.04678
20,2022-01-27-17:09:37,1,7,1.67072
21,2022-01-27-17:09:39,7,1,1.66177
22,2022-01-27-17:09:40,1,4,1.32775
23,2022-01-27-17:09:42,4,3,2.14184
24,2022-01-27-17:09:44,3,5,2.18478
25,2022-01-27-17:09:46,5,1,1.95103
26,2022-01-27-17:09:48,1,5,1.93021
27,2022-01-27-17:09:50,5,0,1.87946
28,2022-01-27-17:09:51,0,1,1.13031
29,2022-01-27-17:09:53,1,5,1.92714
30,2022-01-27-17:09:55,5,1,1.94086
31,2022-01-27-17:09:57,1,3,2.23656
32,2022-01-27-17:09:59,3,5,2.18835
33,2022-01-27-17:10:01,5,0,1.85966
34,2022-01-27-17:10:03,0,5,1.85954
35,2022-01-27-17:10:05,5,4,1.80557
36,2022-01-27-17:10:07,4,0,1.54031
37,2022-01-27-17:10:08,0,4,1.52857
38,2022-01-27-17:10:10,4,0,1.50338
39,2022-01-27-17:10:11,0,4,1.56206
40,2022-01-27-17:10:13,4,3,2.14905
41,2022-01-27-17:10:16,3,2,2.59972
42,2022-01-27-17:10:19,2,6,3.12206
43,2022-01-27-17:10:23,6,1,3.56419
44,2022-01-27-17:10:25,1,3,2.24160
45,2022-01-27-17:10:27,3,0,2.35257
46,2022-01-27-17:10:29,0,7,1.93866
47,2022-01-27-17:10:31,7,1,1.70496
48,2022-01-27-17:10:34,1,6,3.55522
49,2022-01-27-17:10:38,6,3,3.66228
50,2022-01-27-17:10:40,3,0,2.37545
51,2022-01-27-17:10:42,0,2,1.78135
52,2022-01-27-17:10:44,2,4,1.75220
53,2022-01-27-17:10:46,4,3,2.13915
54,2022-01-27-17:10:48,3,7,2.16153
55,2022-01-27-17:10:50,7,0,1.93648
56,2022-01-27-17:10:54,0,6,3.45893
57,2022-01-27-17:10:57,6,1,3.55205
58,2022-01-27-17:10:59,1,4,1.35084
59,2022-01-27-17:11:00,4,0,1.57080
60,2022-01-27-17:11:02,0,4,1.54577
61,2022-01-27-17:11:03,4,5,1.78764
62,2022-01-27-17:11:05,5,2,1.52768
63,2022-01-27-17:11:08,2,6,3.14764
64,2022-01-27-17:11:12,6,1,3.55823
65,2022-01-27-17:11:13,1,0,1.03152
66,2022-01-27-17:11:15,0,3,2.44113
67,2022-01-27-17:11:17,3,5,2.18555
68,2022-01-27-17:11:19,5,2,1.51688
69,2022-01-27-17:11:21,2,1,1.98240
70,2022-01-27-17:11:23,1,5,1.93832
71,2022-01-27-17:11:25,5,1,1.93356
72,2022-01-27-17:11:26,1,4,1.29825
73,2022-01-27-17:11:29,4,6,3.45363
74,2022-01-27-17:11:33,6,1,3.55009
75,2022-01-27-17:11:35,1,5,1.93718
76,2022-01-27-17:11:37,5,0,1.89889
77,2022-01-27-17:11:39,0,5,1.83937
78,2022-01-27-17:11:41,5,3,2.18660
79,2022-01-27-17:11:43,3,0,2.42694
80,2022-01-27-17:11:44,0,1,1.05073
81,2022-01-27-17:11:46,1,2,1.97944
82,2022-01-27-17:11:48,2,5,1.53414
83,2022-01-27-17:11:50,5,1,1.94063
84,2022-01-27-17:11:51,1,4,1.36308
85,2022-01-27-17:11:55,4,6,3.46987
86,2022-01-27-17:11:58,6,4,3.42868
87,2022-01-27-17:12:00,4,5,1.78402
88,2022-01-27-17:12:02,5,0,1.89800
89,2022-01-27-17:12:04,0,7,1.94918
90,2022-01-27-17:12:08,7,6,4.03341
91,2022-01-27-17:12:11,6,1,3.57181
92,2022-01-27-17:12:13,1,4,1.34973
93,2022-01-27-17:12:16,4,6,3.47713
94,2022-01-27-17:12:20,6,1,3.57628
95,2022-01-27-17:12:21,1,7,1.70039
96,2022-01-27-17:12:23,7,4,1.90484
97,2022-01-27-17:12:25,4,7,1.91521
98,2022-01-27-17:12:27,7,3,2.12268
99,2022-01-27-17:12:30,3,7,2.14243
100,2022-01-27-17:12:32,7,5,2.61656
101,2022-01-27-17:12:34,5,1,1.93178
102,2022-01-27-17:12:36,1,7,1.68711
103,2022-01-27-17:12:38,7,0,1.93458
104,2022-01-27-17:12:40,0,7,1.96244
105,2022-01-27-17:12:42,7,5,2.56879
106,2022-01-27-17:12:45,5,7,2.57986
107,2022-01-27-17:12:47,7,1,1.70550
108,2022-01-27-17:12:48,1,0,1.06032
109,2022-01-27-17:12:50,0,7,1.93224
110,2022-01-27-17:12:51,7,4,1.82498
111,2022-01-27-17:12:53,4,2,1.79202
112,2022-01-27-17:12:55,2,4,1.77516
113,2022-01-27-17:12:56,4,1,1.34516
114,2022-01-27-17:12:58,1,5,1.93484
115,2022-01-27-17:13:00,5,3,2.21185
116,2022-01-27-17:13:03,3,1,2.24261
117,2022-01-27-17:13:04,1,0,1.06734
118,2022-01-27-17:13:05,0,4,1.56014
119,2022-01-27-17:13:07,4,2,1.79198
120,2022-01-27-17:13:10,2,3,2.57278
121,2022-01-27-17:13:12,3,0,2.41977
122,2022-01-27-17:13:16,0,6,3.48838
123,2022-01-27-17:13:19,6,4,3.44095
124,2022-01-27-17:13:21,4,0,1.55936
125,2022-01-27-17:13:23,0,3,2.41364
126,2022-01-27-17:13:27,3,6,3.63769
127,2022-01-27-17:13:30,6,2,3.18687
128,2022-01-27-17:13:32,2,4,1.82945
129,2022-01-27-17:13:35,4,6,3.44330
130,2022-01-27-17:13:39,6,0,3.46041
131,2022-01-27-17:13:40,0,7,1.94676
132,2022-01-27-17:13:42,7,0,1.94371
133,2022-01-27-17:13:44,0,2,1.73425
134,2022-01-27-17:13:46,2,5,1.53004
135,2022-01-27-17:13:48,5,7,2.62046
136,2022-01-27-17:13:50,7,3,2.13432
137,2022-01-27-17:13:53,3,1,2.22962
138,2022-01-27-17:13:55,1,3,2.23766
139,2022-01-27-17:13:57,3,2,2.60390
140,2022-01-27-17:13:59,2,4,1.80582
141,2022-01-27-17:14:01,4,0,1.54999
142,2022-01-27-17:14:03,0,5,1.89350
143,2022-01-27-17:14:06,5,6,3.10131
144,2022-01-27-17:14:09,6,2,3.10730
145,2022-01-27-17:14:12,2,3,2.64580
146,2022-01-27-17:14:14,3,7,2.13998
147,2022-01-27-17:14:15,7,1,1.70489
148,2022-01-27-17:14:17,1,0,1.08655
149,2022-01-27-17:14:18,0,5,1.89966
150,2022-01-27-17:14:21,5,3,2.20683
151,2022-01-27-17:14:23,3,1,2.23618
152,2022-01-27-17:14:24,1,4,1.32723
153,2022-01-27-17:14:26,4,7,1.90525
154,2022-01-27-17:14:30,7,6,4.03502
155,2022-01-27-17:14:33,6,2,3.15104
156,2022-01-27-17:14:35,2,1,2.01058
157,2022-01-27-17:14:38,1,3,2.24449
158,2022-01-27-17:14:40,3,7,2.14135
159,2022-01-27-17:14:42,7,4,1.90874
160,2022-01-27-17:14:43,4,7,1.89560
161,2022-01-27-17:14:45,7,1,1.73463
162,2022-01-27-17:14:47,1,5,1.97230
163,2022-01-27-17:14:49,5,3,2.21080
164,2022-01-27-17:14:52,3,5,2.20538
165,2022-01-27-17:14:54,5,0,1.90240
166,2022-01-27-17:14:56,0,3,2.40838
167,2022-01-27-17:14:58,3,0,2.36839
168,2022-01-27-17:15:00,0,4,1.53743
169,2022-01-27-17:15:02,4,7,1.90006
170,2022-01-27-17:15:04,7,3,2.21921
171,2022-01-27-17:15:06,3,5,2.16879
172,2022-01-27-17:15:08,5,4,1.82422
173,2022-01-27-17:15:09,4,1,1.35016
174,2022-01-27-17:15:11,1,2,2.06070
175,2022-01-27-17:15:13,2,4,1.80548
176,2022-01-27-17:15:15,4,0,1.54052
177,2022-01-27-17:15:17,0,3,2.41998
178,2022-01-27-17:15:19,3,4,2.15120
179,2022-01-27-17:15:21,4,5,1.80158
180,2022-01-27-17:15:23,5,0,1.87333
181,2022-01-27-17:15:25,0,7,1.93524
182,2022-01-27-17:15:27,7,4,1.95555
183,2022-01-27-17:15:30,4,6,3.47258
184,2022-01-27-17:15:33,6,5,3.13054
185,2022-01-27-17:15:35,5,2,1.55906
186,2022-01-27-17:15:37,2,1,2.03346
187,2022-01-27-17:15:39,1,2,1.99973
188,2022-01-27-17:15:42,2,6,3.14254
189,2022-01-27-17:15:46,6,1,3.57712
190,2022-01-27-17:15:47,1,7,1.72201
191,2022-01-27-17:15:50,7,5,2.61380
192,2022-01-27-17:15:52,5,3,2.24068
193,2022-01-27-17:15:56,3,6,3.68282
194,2022-01-27-17:16:00,6,3,3.64989
195,2022-01-27-17:16:03,3,6,3.72095
196,2022-01-27-17:16:07,6,7,4.06288
197,2022-01-27-17:16:09,7,4,1.89144
198,2022-01-27-17:16:13,4,6,3.45284
199,2022-01-27-17:16:16,6,1,3.62179
200,2022-01-27-17:16:18,1,2,2.00395
201,2022-01-27-17:16:21,2,7,2.63476
202,2022-01-27-17:16:23,7,0,1.91767
203,2022-01-27-17:16:25,0,2,1.73550
204,2022-01-27-17:16:27,2,7,2.61854
205,2022-01-27-17:16:29,7,1,1.70715
206,2022-01-27-17:16:30,1,0,1.02768
207,2022-01-27-17:16:32,0,2,1.72323
208,2022-01-27-17:16:34,2,4,1.84893
209,2022-01-27-17:16:35,4,2,1.81243
210,2022-01-27-17:16:38,2,7,2.63568
211,2022-01-27-17:16:41,7,5,2.62352
212,2022-01-27-17:16:44,5,6,3.14725
213,2022-01-27-17:16:47,6,4,3.50639
214,2022-01-27-17:16:51,4,6,3.47037
215,2022-01-27-17:16:55,6,7,4.04904
216,2022-01-27-17:16:59,7,6,4.08005
217,2022-01-27-17:17:02,6,5,3.14206
218,2022-01-27-17:17:05,5,7,2.71458
219,2022-01-27-17:17:07,7,4,1.94479
220,2022-01-27-17:17:08,4,1,1.37800
221,2022-01-27-17:17:10,1,2,2.00523
222,2022-01-27-17:17:13,2,7,2.63798
223,2022-01-27-17:17:14,7,1,1.69140
224,2022-01-27-17:17:18,1,6,3.62321
225,2022-01-27-17:17:21,6,2,3.12595
226,2022-01-27-17:17:24,2,3,2.62861
227,2022-01-27-17:17:26,3,0,2.39714
228,2022-01-27-17:17:28,0,4,1.53200
229,2022-01-27-17:17:31,4,6,3.47576
230,2022-01-27-17:17:35,6,0,3.45901
231,2022-01-27-17:17:37,0,5,1.86975
232,2022-01-27-17:17:40,5,6,3.11528
233,2022-01-27-17:17:43,6,2,3.15852
234,2022-01-27-17:17:45,2,1,1.97216
235,2022-01-27-17:17:46,1,4,1.34941
236,2022-01-27-17:17:48,4,1,1.35194
237,2022-01-27-17:17:50,1,3,2.22949
238,2022-01-27-17:17:52,3,7,2.18064
239,2022-01-27-17:17:54,7,4,1.91129
240,2022-01-27-17:17:56,4,2,1.78832
241,2022-01-27-17:17:57,2,5,1.54898
242,2022-01-27-17:18:00,5,6,3.12883
243,2022-01-27-17:18:04,6,3,3.69378
244,2022-01-27-17:18:08,3,6,3.71057
245,2022-01-27-17:18:11,6,0,3.46305
246,2022-01-27-17:18:12,0,1,1.10674
247,2022-01-27-17:18:14,1,5,1.90331
248,2022-01-27-17:18:16,5,1,1.93526
249,2022-01-27-17:18:18,1,7,1.69577
250,2022-01-27-17:18:20,7,2,2.57092
251,2022-01-27-17:18:23,2,7,2.61004
252,2022-01-27-17:18:25,7,0,1.97536
253,2022-01-27-17:18:26,0,1,1.03159
254,2022-01-27-17:18:28,1,5,1.92496
255,2022-01-27-17:18:30,5,3,2.20299
256,2022-01-27-17:18:32,3,5,2.26309
257,2022-01-27-17:18:34,5,1,1.95498
258,2022-01-27-17:18:36,1,4,1.36553
259,2022-01-27-17:18:38,4,7,1.85869
260,2022-01-27-17:18:39,7,1,1.71570
261,2022-01-27-17:18:43,1,6,3.61376
262,2022-01-27-17:18:47,6,7,4.03522
263,2022-01-27-17:18:50,7,5,2.58347
264,2022-01-27-17:18:53,5,6,3.18509
265,2022-01-27-17:18:56,6,4,3.46669
266,2022-01-27-17:19:00,4,6,3.43245
267,2022-01-27-17:19:03,6,5,3.13791
268,2022-01-27-17:19:04,5,2,1.55986
269,2022-01-27-17:19:06,2,5,1.60118
270,2022-01-27-17:19:08,5,3,2.22161
271,2022-01-27-17:19:12,3,6,3.66964
272,2022-01-27-17:19:15,6,5,3.12188
273,2022-01-27-17:19:18,5,6,3.17462
274,2022-01-27-17:19:22,6,0,3.53081
275,2022-01-27-17:19:24,0,5,1.91523
276,2022-01-27-17:19:26,5,1,1.95543
277,2022-01-27-17:19:27,1,0,1.05758
278,2022-01-27-17:19:28,0,4,1.56758
279,2022-01-27-17:19:30,4,3,2.18386
280,2022-01-27-17:19:33,3,1,2.28202
281,2022-01-27-17:19:34,1,4,1.36596
282,2022-01-27-17:19:36,4,7,1.92545
283,2022-01-27-17:19:38,7,4,1.90261
284,2022-01-27-17:19:39,4,0,1.54710
285,2022-01-27-17:19:41,0,5,1.90815
286,2022-01-27-17:19:44,5,7,2.57641
287,2022-01-27-17:19:46,7,0,1.95136
288,2022-01-27-17:19:48,0,2,1.78065
289,2022-01-27-17:19:49,2,0,1.75293
290,2022-01-27-17:19:51,0,2,1.75229
291,2022-01-27-17:19:53,2,1,2.03061
292,2022-01-27-17:19:54,1,0,1.03628
293,2022-01-27-17:19:56,0,5,1.90377
294,2022-01-27-17:19:58,5,2,1.58254
295,2022-01-27-17:19:59,2,4,1.81129
296,2022-01-27-17:20:01,4,0,1.59862
297,2022-01-27-17:20:03,0,5,1.90972
298,2022-01-27-17:20:06,5,6,3.17690
299,2022-01-27-17:20:10,6,7,4.14454
300,2022-01-27-17:20:13,7,2,2.64149
301,2022-01-27-17:20:16,2,7,2.62575
302,2022-01-27-17:20:18,7,3,2.16167
303,2022-01-27-17:20:20,3,7,2.15379
304,2022-01-27-17:20:22,7,4,1.91787
305,2022-01-27-17:20:24,4,3,2.19440
306,2022-01-27-17:20:26,3,1,2.24976
307,2022-01-27-17:20:28,1,2,2.06449
308,2022-01-27-17:20:31,2,6,3.12494
309,2022-01-27-17:20:36,6,7,4.15227
310,2022-01-27-17:20:38,7,0,1.98423
311,2022-01-27-17:20:39,0,2,1.77578
312,2022-01-27-17:20:41,2,5,1.56648
313,2022-01-27-17:20:43,5,1,1.97555
314,2022-01-27-17:20:45,1,3,2.30457
315,2022-01-27-17:20:49,3,6,3.69293
316,2022-01-27-17:20:53,6,3,3.66076
317,2022-01-27-17:20:56,3,6,3.67874
318,2022-01-27-17:21:00,6,1,3.55986
319,2022-01-27-17:21:01,1,4,1.34993
320,2022-01-27-17:21:03,4,7,1.89872
321,2022-01-27-17:21:05,7,1,1.77848
322,2022-01-27-17:21:08,1,6,3.58610
323,2022-01-27-17:21:12,6,5,3.15449
324,2022-01-27-17:21:13,5,4,1.80485
325,2022-01-27-17:21:15,4,2,1.81670
326,2022-01-27-17:21:18,2,6,3.12385
327,2022-01-27-17:21:22,6,7,4.05745
328,2022-01-27-17:21:26,7,6,4.06582
329,2022-01-27-17:21:30,6,5,3.12299
330,2022-01-27-17:21:32,5,1,1.98524
331,2022-01-27-17:21:34,1,3,2.30107
332,2022-01-27-17:21:37,3,2,2.67146
333,2022-01-27-17:21:38,2,5,1.64499
334,2022-01-27-17:21:40,5,2,1.60982
335,2022-01-27-17:21:42,2,3,2.62292
336,2022-01-27-17:21:45,3,4,2.13503
337,2022-01-27-17:21:46,4,0,1.54086
338,2022-01-27-17:21:47,0,1,1.16400
339,2022-01-27-17:21:48,1,0,1.06307
340,2022-01-27-17:21:50,0,5,1.94956
341,2022-01-27-17:21:53,5,7,2.61358
342,2022-01-27-17:21:56,7,5,2.68147
343,2022-01-27-17:21:58,5,7,2.66991
344,2022-01-27-17:22:02,7,6,4.05784
345,2022-01-27-17:22:06,6,3,3.72400
346,2022-01-27-17:22:08,3,5,2.25297
347,2022-01-27-17:22:10,5,4,1.79937
348,2022-01-27-17:22:12,4,7,1.91638
349,2022-01-27-17:22:16,7,6,4.02613
350,2022-01-27-17:22:20,6,7,4.05800
351,2022-01-27-17:22:23,7,2,2.59802
352,2022-01-27-17:22:26,2,6,3.20635
353,2022-01-27-17:22:29,6,4,3.50009
354,2022-01-27-17:22:31,4,2,1.87185
355,2022-01-27-17:22:33,2,4,1.85321
356,2022-01-27-17:22:35,4,0,1.56978
357,2022-01-27-17:22:36,0,1,1.08978
358,2022-01-27-17:22:38,1,7,1.79341
359,2022-01-27-17:22:40,7,4,1.94266
360,2022-01-27-17:22:41,4,0,1.58965
361,2022-01-27-17:22:43,0,7,2.03194
362,2022-01-27-17:22:47,7,6,4.09776
363,2022-01-27-17:22:51,6,1,3.63237
364,2022-01-27-17:22:53,1,3,2.33390
365,2022-01-27-17:22:57,3,6,3.70874
366,2022-01-27-17:23:00,6,0,3.54131
367,2022-01-27-17:23:02,0,2,1.73894
368,2022-01-27-17:23:04,2,5,1.60407
369,2022-01-27-17:23:06,5,7,2.67991
370,2022-01-27-17:23:09,7,2,2.60914
371,2022-01-27-17:23:12,2,3,2.60813
372,2022-01-27-17:23:14,3,1,2.25365
373,2022-01-27-17:23:15,1,4,1.37949
374,2022-01-27-17:23:18,4,3,2.20682
375,2022-01-27-17:23:20,3,2,2.65418
376,2022-01-27-17:23:22,2,0,1.78152
377,2022-01-27-17:23:24,0,4,1.58560
378,2022-01-27-17:23:25,4,7,1.92260
379,2022-01-27-17:23:28,7,3,2.17584
380,2022-01-27-17:23:30,3,2,2.61110
381,2022-01-27-17:23:32,2,0,1.78712
382,2022-01-27-17:23:34,0,5,1.94114
383,2022-01-27-17:23:37,5,7,2.63910
384,2022-01-27-17:23:39,7,2,2.67194
385,2022-01-27-17:23:42,2,7,2.67632
386,2022-01-27-17:23:45,7,2,2.69133
387,2022-01-27-17:23:46,2,5,1.54885
388,2022-01-27-17:23:49,5,6,3.17246
389,2022-01-27-17:23:53,6,3,3.68458
390,2022-01-27-17:23:55,3,0,2.41632
391,2022-01-27-17:23:57,0,2,1.79154
392,2022-01-27-17:24:00,2,3,2.57616
393,2022-01-27-17:24:02,3,7,2.18674
394,2022-01-27-17:24:04,7,4,1.87185
395,2022-01-27-17:24:06,4,2,1.80900
396,2022-01-27-17:24:07,2,5,1.59305
397,2022-01-27-17:24:09,5,2,1.56511
398,2022-01-27-17:24:12,2,6,3.18774
399,2022-01-27-17:24:15,6,5,3.11675
400,2022-01-27-17:24:18,5,6,3.18382
401,2022-01-27-17:24:22,6,2,3.14997
402,2022-01-27-17:24:23,2,4,1.84505
403,2022-01-27-17:24:26,4,3,2.17392
404,2022-01-27-17:24:28,3,7,2.23434
405,2022-01-27-17:24:30,7,1,1.72719
406,2022-01-27-17:24:31,1,7,1.77603
407,2022-01-27-17:24:33,7,1,1.75308
408,2022-01-27-17:24:35,1,3,2.29192
409,2022-01-27-17:24:39,3,6,3.68304
410,2022-01-27-17:24:42,6,5,3.19143
411,2022-01-27-17:24:45,5,3,2.33754
412,2022-01-27-17:24:48,3,6,3.68606
413,2022-01-27-17:24:52,6,3,3.73412
414,2022-01-27-17:24:54,3,4,2.25666
415,2022-01-27-17:24:58,4,6,3.48051
416,2022-01-27-17:25:01,6,3,3.73000
417,2022-01-27-17:25:04,3,2,2.66203
418,2022-01-27-17:25:07,2,7,2.67384
419,2022-01-27-17:25:09,7,2,2.66648
420,2022-01-27-17:25:12,2,7,2.61465
421,2022-01-27-17:25:14,7,3,2.25491
422,2022-01-27-17:25:17,3,5,2.29954
423,2022-01-27-17:25:19,5,1,2.00528
424,2022-01-27-17:25:21,1,3,2.28371
425,2022-01-27-17:25:23,3,7,2.25970
426,2022-01-27-17:25:25,7,3,2.22618
427,2022-01-27-17:25:28,3,0,2.42949
428,2022-01-27-17:25:29,0,4,1.54596
429,2022-01-27-17:25:31,4,2,1.89602
430,2022-01-27-17:25:33,2,5,1.61913
431,2022-01-27-17:25:35,5,3,2.22150
432,2022-01-27-17:25:37,3,4,2.28809
433,2022-01-27-17:25:40,4,3,2.18984
434,2022-01-27-17:25:42,3,5,2.25049
435,2022-01-27-17:25:45,5,6,3.17192
436,2022-01-27-17:25:49,6,4,3.52285
437,2022-01-27-17:25:50,4,2,1.83720
438,2022-01-27-17:25:52,2,4,1.85032
439,2022-01-27-17:25:54,4,1,1.46251
440,2022-01-27-17:25:55,1,0,1.01745
441,2022-01-27-17:25:57,0,5,1.93941
442,2022-01-27-17:26:00,5,6,3.15795
443,2022-01-27-17:26:03,6,2,3.18989
444,2022-01-27-17:26:05,2,0,1.76820
445,2022-01-27-17:26:08,0,6,3.52153
446,2022-01-27-17:26:11,6,5,3.12291
447,2022-01-27-17:26:13,5,2,1.55350
448,2022-01-27-17:26:16,2,3,2.66039
449,2022-01-27-17:26:19,3,6,3.67241
450,2022-01-27-17:26:23,6,1,3.61124
451,2022-01-27-17:26:27,1,6,3.64788
452,2022-01-27-17:26:30,6,3,3.75648
453,2022-01-27-17:26:33,3,2,2.66911
454,2022-01-27-17:26:35,2,5,1.59201
455,2022-01-27-17:26:37,5,3,2.26363
456,2022-01-27-17:26:39,3,7,2.25175
457,2022-01-27-17:26:41,7,0,2.00446
458,2022-01-27-17:26:43,0,7,1.98838
459,2022-01-27-17:26:45,7,1,1.79233
460,2022-01-27-17:26:47,1,7,1.75811
461,2022-01-27-17:26:49,7,5,2.66055
462,2022-01-27-17:26:51,5,1,2.06363
463,2022-01-27-17:26:53,1,4,1.36984
464,2022-01-27-17:26:55,4,7,1.91678
465,2022-01-27-17:26:57,7,3,2.16675
466,2022-01-27-17:27:00,3,2,2.73471
467,2022-01-27-17:27:02,2,1,2.13529
468,2022-01-27-17:27:04,1,5,1.98795
469,2022-01-27-17:27:06,5,7,2.67401
470,2022-01-27-17:27:09,7,2,2.70754
471,2022-01-27-17:27:12,2,7,2.65343
472,2022-01-27-17:27:14,7,2,2.65927
473,2022-01-27-17:27:16,2,0,1.84666
474,2022-01-27-17:27:18,0,5,2.02456
475,2022-01-27-17:27:20,5,2,1.75522
476,2022-01-27-17:27:22,2,1,2.02794
477,2022-01-27-17:27:24,1,2,2.05458
478,2022-01-27-17:27:27,2,3,2.59828
479,2022-01-27-17:27:29,3,4,2.25755
480,2022-01-27-17:27:31,4,2,1.89194
481,2022-01-27-17:27:33,2,1,2.02576
482,2022-01-27-17:27:34,1,0,1.11809
483,2022-01-27-17:27:36,0,2,1.78785
484,2022-01-27-17:27:38,2,4,1.89423
485,2022-01-27-17:27:39,4,0,1.61512
486,2022-01-27-17:27:42,0,3,2.39126
487,2022-01-27-17:27:44,3,4,2.16635
488,2022-01-27-17:27:46,4,5,1.93595
489,2022-01-27-17:27:48,5,4,1.88300
490,2022-01-27-17:27:50,4,7,2.03193
491,2022-01-27-17:27:52,7,5,2.68700
492,2022-01-27-17:27:54,5,4,1.85000
493,2022-01-27-17:27:56,4,2,1.82081
494,2022-01-27-17:27:59,2,7,2.61040
495,2022-01-27-17:28:01,7,4,1.96695
496,2022-01-27-17:28:02,4,2,1.85832
497,2022-01-27-17:28:06,2,6,3.09723
498,2022-01-27-17:28:09,6,1,3.64179
499,2022-01-27-17:28:11,1,5,1.97700
500,2022-01-27-17:28:13,5,1,2.05101
501,2022-01-27-17:28:14,1,0,1.13585
502,2022-01-27-17:28:16,0,5,1.93269
503,2022-01-27-17:28:18,5,1,2.02281
504,2022-01-27-17:28:20,1,7,1.72992
505,2022-01-27-17:28:22,7,0,1.97984
506,2022-01-27-17:28:26,0,6,3.60598
507,2022-01-27-17:28:29,6,2,3.20831
508,2022-01-27-17:28:32,2,3,2.73722
509,2022-01-27-17:28:34,3,7,2.56927
510,2022-01-27-17:28:38,7,6,4.15572
511,2022-01-27-17:28:42,6,1,3.69755
512,2022-01-27-17:28:44,1,3,2.30286
513,2022-01-27-17:28:47,3,1,2.33687
514,2022-01-27-17:28:48,1,7,1.73123
515,2022-01-27-17:28:53,7,6,4.16938
516,2022-01-27-17:28:56,6,4,3.49749
517,2022-01-27-17:28:58,4,1,1.45854
518,2022-01-27-17:28:59,1,7,1.93582
519,2022-01-27-17:29:02,7,2,2.70359
520,2022-01-27-17:29:05,2,7,2.67836
521,2022-01-27-17:29:07,7,0,1.98928
522,2022-01-27-17:29:08,0,1,1.13114
523,2022-01-27-17:29:09,1,4,1.32564
524,2022-01-27-17:29:11,4,1,1.45695
525,2022-01-27-17:29:13,1,3,2.41959
526,2022-01-27-17:29:16,3,2,2.66958
527,2022-01-27-17:29:18,2,0,1.84590
528,2022-01-27-17:29:20,0,5,2.00571
529,2022-01-27-17:29:22,5,1,2.08646
530,2022-01-27-17:29:23,1,0,1.09249
531,2022-01-27-17:29:25,0,5,1.97652
532,2022-01-27-17:29:26,5,2,1.59977
533,2022-01-27-17:29:29,2,7,2.74489
534,2022-01-27-17:29:31,7,3,2.21435
535,2022-01-27-17:29:34,3,2,2.68868
536,2022-01-27-17:29:36,2,1,2.19176
537,2022-01-27-17:29:38,1,0,1.24590
538,2022-01-27-17:29:40,0,2,1.96900
539,2022-01-27-17:29:41,2,5,1.66218
540,2022-01-27-17:29:44,5,7,2.69023
541,2022-01-27-17:29:47,7,5,2.70626
542,2022-01-27-17:29:49,5,1,2.12412
543,2022-01-27-17:29:51,1,5,2.19375
544,2022-01-27-17:29:54,5,7,2.78125
545,2022-01-27-17:29:55,7,1,1.74523
546,2022-01-27-17:29:57,1,0,1.22709
547,2022-01-27-17:29:59,0,7,2.01967
548,2022-01-27-17:30:01,7,3,2.21112
549,2022-01-27-17:30:03,3,1,2.29498
550,2022-01-27-17:30:05,1,3,2.28803
551,2022-01-27-17:30:08,3,1,2.33100
552,2022-01-27-17:30:09,1,0,1.13395
553,2022-01-27-17:30:11,0,4,1.65366
554,2022-01-27-17:30:12,4,1,1.35224
555,2022-01-27-17:30:14,1,7,1.85433
556,2022-01-27-17:30:16,7,2,2.69620
557,2022-01-27-17:30:19,2,7,2.70814
558,2022-01-27-17:30:22,7,2,2.63974
559,2022-01-27-17:30:24,2,0,1.76157
560,2022-01-27-17:30:25,0,1,1.08448
561,2022-01-27-17:30:26,1,7,1.74748
562,2022-01-27-17:30:28,7,0,2.01178
563,2022-01-27-17:30:31,0,3,2.44483
564,2022-01-27-17:30:35,3,6,3.71929
565,2022-01-27-17:30:38,6,3,3.79200
566,2022-01-27-17:30:41,3,1,2.28323
567,2022-01-27-17:30:43,1,5,2.01008
568,2022-01-27-17:30:44,5,2,1.71534
569,2022-01-27-17:30:47,2,3,2.69936
570,2022-01-27-17:30:49,3,7,2.28951
571,2022-01-27-17:30:52,7,3,2.25853
572,2022-01-27-17:30:54,3,0,2.45993
573,2022-01-27-17:30:58,0,6,3.58670
574,2022-01-27-17:31:01,6,3,3.77176
575,2022-01-27-17:31:04,3,4,2.21087
576,2022-01-27-17:31:05,4,0,1.67892
577,2022-01-27-17:31:08,0,3,2.48735
578,2022-01-27-17:31:11,3,2,2.76152
579,2022-01-27-17:31:13,2,4,1.92831
580,2022-01-27-17:31:14,4,5,1.85695
581,2022-01-27-17:31:17,5,7,2.66256
582,2022-01-27-17:31:20,7,2,2.64162
583,2022-01-27-17:31:22,2,1,2.13939
584,2022-01-27-17:31:24,1,2,2.22436
585,2022-01-27-17:31:27,2,6,3.28475
586,2022-01-27-17:31:31,6,0,3.67410
587,2022-01-27-17:31:33,0,2,1.78788
588,2022-01-27-17:31:35,2,0,1.98651
589,2022-01-27-17:31:38,0,6,3.56944
590,2022-01-27-17:31:42,6,3,3.81488
591,2022-01-27-17:31:44,3,4,2.19689
592,2022-01-27-17:31:46,4,2,1.98264
593,2022-01-27-17:31:50,2,6,3.29900
594,2022-01-27-17:31:53,6,4,3.79063
595,2022-01-27-17:31:56,4,3,2.35216
596,2022-01-27-17:31:58,3,7,2.27073
597,2022-01-27-17:32:00,7,4,1.96400
598,2022-01-27-17:32:02,4,1,1.49155
599,2022-01-27-17:32:04,1,2,2.10848
600,2022-01-27-17:32:07,2,3,2.91288
601,2022-01-27-17:32:09,3,0,2.67740
602,2022-01-27-17:32:11,0,7,2.04567
603,2022-01-27-17:32:13,7,1,1.93982
604,2022-01-27-17:32:17,1,6,3.81960
605,2022-01-27-17:32:21,6,0,3.73034
606,2022-01-27-17:32:24,0,6,3.56440
607,2022-01-27-17:32:28,6,1,3.70709
608,2022-01-27-17:32:32,1,6,3.73180
609,2022-01-27-17:32:36,6,3,3.73827
610,2022-01-27-17:32:38,3,5,2.26908
611,2022-01-27-17:32:40,5,4,2.00289
612,2022-01-27-17:32:41,4,1,1.44894
613,2022-01-27-17:32:43,1,7,1.79326
614,2022-01-27-17:32:47,7,6,4.34717
615,2022-01-27-17:32:51,6,2,3.28514
616,2022-01-27-17:32:53,2,1,2.08943
617,2022-01-27-17:32:55,1,5,2.11211
618,2022-01-27-17:32:57,5,4,2.00690
619,2022-01-27-17:32:59,4,5,2.01146
620,2022-01-27-17:33:01,5,4,1.99988
621,2022-01-27-17:33:03,4,0,1.65598
622,2022-01-27-17:33:06,0,6,3.72808
623,2022-01-27-17:33:10,6,2,3.26684
624,2022-01-27-17:33:11,2,4,1.85238
625,2022-01-27-17:33:14,4,3,2.22707
626,2022-01-27-17:33:16,3,2,2.78136
627,2022-01-27-17:33:20,2,6,3.15095
628,2022-01-27-17:33:23,6,0,3.66620
629,2022-01-27-17:33:26,0,3,2.45555
630,2022-01-27-17:33:29,3,6,3.77710
631,2022-01-27-17:33:34,6,7,4.13517
632,2022-01-27-17:33:36,7,5,2.72899
633,2022-01-27-17:33:39,5,3,2.31609
634,2022-01-27-17:33:41,3,4,2.25166
635,2022-01-27-17:33:43,4,2,1.94819
636,2022-01-27-17:33:45,2,0,1.82904
637,2022-01-27-17:33:46,0,4,1.79460
638,2022-01-27-17:33:50,4,6,3.59008
639,2022-01-27-17:33:54,6,3,3.95790
640,2022-01-27-17:33:56,3,7,2.32194
641,2022-01-27-17:33:58,7,0,2.12722
642,2022-01-27-17:34:00,0,5,1.96553
643,2022-01-27-17:34:03,5,1,2.14855
644,2022-01-27-17:34:04,1,0,1.05860
645,2022-01-27-17:34:06,0,3,2.45640
646,2022-01-27-17:34:09,3,0,2.50958
647,2022-01-27-17:34:10,0,4,1.71447
648,2022-01-27-17:34:14,4,6,3.72132
649,2022-01-27-17:34:18,6,4,3.56876
650,2022-01-27-17:34:19,4,1,1.58607
651,2022-01-27-17:34:21,1,2,2.15411
652,2022-01-27-17:34:23,2,5,1.62031
653,2022-01-27-17:34:25,5,3,2.29125
654,2022-01-27-17:34:27,3,4,2.18447
655,2022-01-27-17:34:29,4,2,1.90873
656,2022-01-27-17:34:33,2,6,3.22330
657,2022-01-27-17:34:37,6,7,4.29627
658,2022-01-27-17:34:39,7,3,2.36414
659,2022-01-27-17:34:43,3,6,3.83841
660,2022-01-27-17:34:47,6,1,3.73177
661,2022-01-27-17:34:48,1,0,1.20911
662,2022-01-27-17:34:50,0,2,1.93071
663,2022-01-27-17:34:52,2,5,1.76768
664,2022-01-27-17:34:54,5,0,2.24445
665,2022-01-27-17:34:58,0,6,3.62982
666,2022-01-27-17:35:01,6,5,3.33337
667,2022-01-27-17:35:03,5,0,2.06271
668,2022-01-27-17:35:05,0,5,2.06867
669,2022-01-27-17:35:07,5,2,1.74702
670,2022-01-27-17:35:09,2,1,2.09731
671,2022-01-27-17:35:13,1,6,3.71734
672,2022-01-27-17:35:16,6,4,3.68290
673,2022-01-27-17:35:18,4,7,1.99897
674,2022-01-27-17:35:21,7,3,2.28852
675,2022-01-27-17:35:23,3,1,2.46993
676,2022-01-27-17:35:25,1,7,1.89237
677,2022-01-27-17:35:27,7,3,2.22508
678,2022-01-27-17:35:30,3,0,2.57859
679,2022-01-27-17:35:32,0,7,2.08295
680,2022-01-27-17:35:36,7,6,4.19941
681,2022-01-27-17:35:39,6,5,3.23652
682,2022-01-27-17:35:41,5,0,2.08231
683,2022-01-27-17:35:44,0,7,2.09671
684,2022-01-27-17:35:46,7,3,2.30034
685,2022-01-27-17:35:50,3,6,3.77225
686,2022-01-27-17:35:53,6,0,3.54357
687,2022-01-27-17:35:55,0,4,1.64768
688,2022-01-27-17:35:57,4,5,2.06250
689,2022-01-27-17:35:59,5,4,2.16133
690,2022-01-27-17:36:01,4,1,1.64685
691,2022-01-27-17:36:03,1,2,2.20261
692,2022-01-27-17:36:05,2,4,1.92316
693,2022-01-27-17:36:06,4,0,1.65319
694,2022-01-27-17:36:08,0,2,1.99047
695,2022-01-27-17:36:11,2,3,2.90880
696,2022-01-27-17:36:14,3,2,2.79897
697,2022-01-27-17:36:16,2,0,1.87391
698,2022-01-27-17:36:18,0,2,1.90503
699,2022-01-27-17:36:21,2,6,3.25480
700,2022-01-27-17:36:24,6,5,3.31028
701,2022-01-27-17:36:26,5,2,1.72384
702,2022-01-27-17:36:29,2,6,3.23201
703,2022-01-27-17:36:33,6,3,3.77980
704,2022-01-27-17:36:36,3,7,2.38740
705,2022-01-27-17:36:38,7,2,2.87701
706,2022-01-27-17:36:40,2,5,1.75929
707,2022-01-27-17:36:42,5,4,1.85576
708,2022-01-27-17:36:44,4,2,1.95253
709,2022-01-27-17:36:47,2,3,3.00873
710,2022-01-27-17:36:50,3,0,2.79153
711,2022-01-27-17:36:54,0,6,3.74335
712,2022-01-27-17:36:57,6,0,3.67026
713,2022-01-27-17:37:00,0,3,2.65664
714,2022-01-27-17:37:03,3,2,2.77976
715,2022-01-27-17:37:06,2,7,2.80594
716,2022-01-27-17:37:08,7,2,2.83035
717,2022-01-27-17:37:10,2,1,2.14332
718,2022-01-27-17:37:14,1,6,3.88376
719,2022-01-27-17:37:18,6,0,3.86946
720,2022-01-27-17:37:21,0,3,2.47943
721,2022-01-27-17:37:23,3,5,2.38574
722,2022-01-27-17:37:26,5,7,2.75096
723,2022-01-27-17:37:29,7,5,2.77640
724,2022-01-27-17:37:32,5,6,3.18141
725,2022-01-27-17:37:35,6,2,3.18468
726,2022-01-27-17:37:37,2,1,2.29122
727,2022-01-27-17:37:40,1,2,2.21526
728,2022-01-27-17:37:41,2,5,1.75022
729,2022-01-27-17:37:44,5,7,2.71912
730,2022-01-27-17:37:46,7,0,1.98943
731,2022-01-27-17:37:48,0,5,2.06096
732,2022-01-27-17:37:50,5,2,1.69633
733,2022-01-27-17:37:52,2,3,2.75324
734,2022-01-27-17:37:55,3,1,2.37786
735,2022-01-27-17:37:56,1,4,1.54775
736,2022-01-27-17:38:00,4,6,3.63574
737,2022-01-27-17:38:04,6,7,4.22816
738,2022-01-27-17:38:06,7,1,1.88241
739,2022-01-27-17:38:08,1,4,1.87949
740,2022-01-27-17:38:10,4,5,2.26860
741,2022-01-27-17:38:14,5,6,3.47889
742,2022-01-27-17:38:18,6,7,4.17489
743,2022-01-27-17:38:22,7,6,4.31667
744,2022-01-27-17:38:26,6,5,3.41613
745,2022-01-27-17:38:28,5,3,2.51928
746,2022-01-27-17:38:31,3,0,2.60338
747,2022-01-27-17:38:33,0,5,2.02840
748,2022-01-27-17:38:35,5,1,2.17679
749,2022-01-27-17:38:37,1,2,2.35810
750,2022-01-27-17:38:39,2,5,1.64194
751,2022-01-27-17:38:42,5,7,2.77480
752,2022-01-27-17:38:44,7,4,2.18449
753,2022-01-27-17:38:48,4,6,3.75393
754,2022-01-27-17:38:51,6,5,3.45993
755,2022-01-27-17:38:55,5,6,3.32092
756,2022-01-27-17:38:59,6,7,4.29447
757,2022-01-27-17:39:01,7,3,2.43385
758,2022-01-27-17:39:05,3,6,4.18264
759,2022-01-27-17:39:09,6,3,3.80361
760,2022-01-27-17:39:12,3,4,2.50163
761,2022-01-27-17:39:14,4,5,2.23064
762,2022-01-27-17:39:16,5,0,2.10194
763,2022-01-27-17:39:17,0,1,1.40359
764,2022-01-27-17:39:19,1,4,1.70101
765,2022-01-27-17:39:21,4,1,1.73442
766,2022-01-27-17:39:23,1,4,1.90173
767,2022-01-27-17:39:25,4,0,1.88708
768,2022-01-27-17:39:27,0,4,1.88774
769,2022-01-27-17:39:29,4,3,2.48923
770,2022-01-27-17:39:33,3,6,3.79289
771,2022-01-27-17:39:36,6,5,3.38186
772,2022-01-27-17:39:39,5,1,2.36775
773,2022-01-27-17:39:41,1,2,2.49904
774,2022-01-27-17:39:45,2,6,3.42212
775,2022-01-27-17:39:48,6,1,3.80354
776,2022-01-27-17:39:52,1,6,3.77266
777,2022-01-27-17:39:56,6,2,3.46070
778,2022-01-27-17:39:59,2,3,2.98801
779,2022-01-27-17:40:02,3,6,3.87429
780,2022-01-27-17:40:06,6,5,3.43081
781,2022-01-27-17:40:08,5,3,2.56022
782,2022-01-27-17:40:11,3,1,2.57834
783,2022-01-27-17:40:13,1,2,2.24275
784,2022-01-27-17:40:16,2,7,2.99966
785,2022-01-27-17:40:18,7,0,2.13464
786,2022-01-27-17:40:20,0,2,1.90042
787,2022-01-27-17:40:22,2,5,1.97357
788,2022-01-27-17:40:24,5,4,2.04344
789,2022-01-27-17:40:26,4,2,2.01631
790,2022-01-27-17:40:29,2,7,2.87989
791,2022-01-27-17:40:32,7,2,2.79450
792,2022-01-27-17:40:34,2,4,1.95835
793,2022-01-27-17:40:37,4,3,2.56513
794,2022-01-27-17:40:39,3,7,2.54141
795,2022-01-27-17:40:42,7,3,2.39834
796,2022-01-27-17:40:44,3,5,2.54952
797,2022-01-27-17:40:47,5,7,2.77365
798,2022-01-27-17:40:51,7,6,4.35907
799,2022-01-27-17:40:55,6,1,3.78695
800,2022-01-27-17:40:57,1,5,2.09513
801,2022-01-27-17:41:00,5,3,2.52019
802,2022-01-27-17:41:02,3,5,2.48114
803,2022-01-27-17:41:05,5,7,2.88853
804,2022-01-27-17:41:07,7,0,2.21717
805,2022-01-27-17:41:11,0,6,3.81081
806,2022-01-27-17:41:15,6,1,3.92756
807,2022-01-27-17:41:16,1,0,1.47679
808,2022-01-27-17:41:18,0,2,1.92640
809,2022-01-27-17:41:21,2,7,2.94446
810,2022-01-27-17:41:23,7,1,1.92216
811,2022-01-27-17:41:26,1,3,2.37554
812,2022-01-27-17:41:28,3,4,2.33945
813,2022-01-27-17:41:32,4,6,3.66754
814,2022-01-27-17:41:36,6,7,4.37002
815,2022-01-27-17:41:38,7,0,2.23824
816,2022-01-27-17:41:40,0,5,2.28922
817,2022-01-27-17:41:42,5,2,1.79411
818,2022-01-27-17:41:45,2,1,2.31586
819,2022-01-27-17:41:47,1,3,2.60539
820,2022-01-27-17:41:50,3,2,3.07160
821,2022-01-27-17:41:53,2,1,2.36538
822,2022-01-27-17:41:55,1,7,1.97836
823,2022-01-27-17:41:58,7,5,2.92254
824,2022-01-27-17:42:00,5,0,2.19134
825,2022-01-27-17:42:03,0,6,3.65992
826,2022-01-27-17:42:07,6,2,3.26894
827,2022-01-27-17:42:08,2,5,1.67367
828,2022-01-27-17:42:11,5,7,2.74694
829,2022-01-27-17:42:15,7,6,4.18179
830,2022-01-27-17:42:19,6,4,3.67351
831,2022-01-27-17:42:21,4,1,1.80340
832,2022-01-27-17:42:22,1,4,1.66888
833,2022-01-27-17:42:25,4,7,2.27834
834,2022-01-27-17:42:27,7,2,2.78185
835,2022-01-27-17:42:30,2,1,2.39906
836,2022-01-27-17:42:32,1,7,1.98149
837,2022-01-27-17:42:34,7,1,2.11141
838,2022-01-27-17:42:36,1,5,2.50646
839,2022-01-27-17:42:39,5,1,2.29408
840,2022-01-27-17:42:43,1,6,3.81152
841,2022-01-27-17:42:47,6,1,3.98415
842,2022-01-27-17:42:49,1,7,2.03252
843,2022-01-27-17:42:51,7,2,2.81651
844,2022-01-27-17:42:54,2,1,2.17053
845,2022-01-27-17:42:56,1,2,2.43712
846,2022-01-27-17:42:58,2,1,2.44069
847,2022-01-27-17:43:00,1,4,1.57641
848,2022-01-27-17:43:02,4,5,2.07084
849,2022-01-27-17:43:05,5,7,2.79082
850,2022-01-27-17:43:08,7,5,3.13345
851,2022-01-27-17:43:11,5,7,2.88551
852,2022-01-27-17:43:14,7,5,3.11444
853,2022-01-27-17:43:17,5,3,2.57944
854,2022-01-27-17:43:19,3,7,2.21900
855,2022-01-27-17:43:21,7,4,2.18423
856,2022-01-27-17:43:23,4,0,2.07341
857,2022-01-27-17:43:25,0,4,1.91084
858,2022-01-27-17:43:27,4,2,2.25557
859,2022-01-27-17:43:29,2,5,1.81431
860,2022-01-27-17:43:32,5,7,2.97106
861,2022-01-27-17:43:36,7,6,4.44720
862,2022-01-27-17:43:40,6,0,3.79024
863,2022-01-27-17:43:42,0,4,1.75841
864,2022-01-27-17:43:44,4,5,2.21254
865,2022-01-27-17:43:47,5,7,2.86286
866,2022-01-27-17:43:49,7,4,2.29362
867,2022-01-27-17:43:52,4,2,2.35850
868,2022-01-27-17:43:56,2,6,3.76891
869,2022-01-27-17:43:59,6,1,3.79890
870,2022-01-27-17:44:01,1,5,2.03381
871,2022-01-27-17:44:03,5,4,1.95445
872,2022-01-27-17:44:06,4,3,2.17266
873,2022-01-27-17:44:08,3,5,2.26908
874,2022-01-27-17:44:10,5,3,2.47286
875,2022-01-27-17:44:13,3,0,2.55672
876,2022-01-27-17:44:14,0,1,1.28034
877,2022-01-27-17:44:16,1,5,2.22662
878,2022-01-27-17:44:18,5,4,2.15633
879,2022-01-27-17:44:21,4,7,2.31461
880,2022-01-27-17:44:24,7,5,3.07206
881,2022-01-27-17:44:27,5,7,3.12861
882,2022-01-27-17:44:30,7,2,2.87280
883,2022-01-27-17:44:32,2,0,2.11469
884,2022-01-27-17:44:33,0,1,1.36563
885,2022-01-27-17:44:35,1,7,1.86666
886,2022-01-27-17:44:37,7,1,2.03151
887,20