date,init_position,final_position,time
1,2022-01-07-12:03:44,-1,4,2.823368
2,2022-01-07-12:03:46,4,3,2.104063
3,2022-01-07-12:03:48,3,4,2.087655
4,2022-01-07-12:03:50,4,1,1.377479
5,2022-01-07-12:03:52,1,6,2.675569
6,2022-01-07-12:03:55,6,5,2.841889
7,2022-01-07-12:03:57,5,1,2.032921
8,2022-01-07-12:03:59,1,4,1.315668
9,2022-01-07-12:04:01,4,2,1.995110
10,2022-01-07-12:04:02,2,1,1.933671
11,2022-01-07-12:04:04,1,7,1.747037
12,2022-01-07-12:04:06,7,0,2.044237
13,2022-01-07-12:04:10,0,6,3.542020
14,2022-01-07-12:04:13,6,4,3.456885
15,2022-01-07-12:04:15,4,3,2.123669
16,2022-01-07-12:04:18,3,2,2.751498
17,2022-01-07-12:04:22,2,5,3.663508
18,2022-01-07-12:04:24,5,3,2.121554
19,2022-01-07-12:04:26,3,5,2.166031
20,2022-01-07-12:04:28,5,1,2.001880
21,2022-01-07-12:04:31,1,6,2.711938
22,2022-01-07-12:04:34,6,7,3.336666
23,2022-01-07-12:04:38,7,4,3.404726
24,2022-01-07-12:04:41,4,0,3.557797
25,2022-01-07-12:04:42,0,1,1.100589
26,2022-01-07-12:04:44,1,7,1.729977
27,2022-01-07-12:04:47,7,2,2.688310
28,2022-01-07-12:04:49,2,7,2.590240
29,2022-01-07-12:04:52,7,2,2.562175
30,2022-01-07-12:04:54,2,4,1.808756
31,2022-01-07-12:04:56,4,3,2.209547
32,2022-01-07-12:04:58,3,0,2.454282
33,2022-01-07-12:05:00,0,4,1.561649
34,2022-01-07-12:05:03,4,6,3.488109
35,2022-01-07-12:05:07,6,1,3.615929
36,2022-01-07-12:05:10,1,3,3.488162
37,2022-01-07-12:05:14,3,0,3.339435
38,2022-01-07-12:05:16,0,3,2.405370
39,2022-01-07-12:05:18,3,6,2.040870
40,2022-01-07-12:05:21,6,5,2.740258
41,2022-01-07-12:05:24,5,4,3.395782
42,2022-01-07-12:05:28,4,6,3.411685
43,2022-01-07-12:05:32,6,1,3.848925
44,2022-01-07-12:05:33,1,4,1.355011
45,2022-01-07-12:05:35,4,2,1.860454
46,2022-01-07-12:05:37,2,4,1.729949
47,2022-01-07-12:05:38,4,0,1.533021
48,2022-01-07-12:05:42,0,6,3.539055
49,2022-01-07-12:05:45,6,0,3.591432
50,2022-01-07-12:05:46,0,1,1.033496
51,2022-01-07-12:05:50,1,6,3.505652
52,2022-01-07-12:05:54,6,7,4.026487
53,2022-01-07-12:05:58,7,3,3.969984
54,2022-01-07-12:06:01,3,1,3.442073
55,2022-01-07-12:06:03,1,2,1.984733
56,2022-01-07-12:06:05,2,4,1.728543
57,2022-01-07-12:06:06,4,1,1.397783
58,2022-01-07-12:06:07,1,0,1.051685
59,2022-01-07-12:06:10,0,3,2.395731
60,2022-01-07-12:06:12,3,1,2.296421
61,2022-01-07-12:06:14,1,5,1.882826
62,2022-01-07-12:06:17,5,6,3.101409
63,2022-01-07-12:06:21,6,3,3.899407
64,2022-01-07-12:06:25,3,2,4.250129
65,2022-01-07-12:06:28,2,3,2.643947
66,2022-01-07-12:06:31,3,0,3.382337
67,2022-01-07-12:06:33,0,5,1.926935
68,2022-01-07-12:06:35,5,2,1.571917
69,2022-01-07-12:06:37,2,0,1.800621
70,2022-01-07-12:06:39,0,3,2.552554
71,2022-01-07-12:06:41,3,4,2.074714
72,2022-01-07-12:06:43,4,3,2.144787
73,2022-01-07-12:06:45,3,6,2.110361
74,2022-01-07-12:06:48,6,5,2.664156
75,2022-01-07-12:06:50,5,1,1.947448
76,2022-01-07-12:06:51,1,4,1.323934
77,2022-01-07-12:06:53,4,7,1.905518
78,2022-01-07-12:06:57,7,4,3.976272
79,2022-01-07-12:07:01,4,0,3.654204
80,2022-01-07-12:07:03,0,3,2.373352
81,2022-01-07-12:07:05,3,4,2.102596
82,2022-01-07-12:07:07,4,3,2.095224
83,2022-01-07-12:07:10,3,1,2.525723
84,2022-01-07-12:07:12,1,3,2.291245
85,2022-01-07-12:07:14,3,7,2.227753
86,2022-01-07-12:07:18,7,3,3.849184
87,2022-01-07-12:07:22,3,0,3.443728
88,2022-01-07-12:07:23,0,4,1.522370
89,2022-01-07-12:07:25,4,0,1.521038
90,2022-01-07-12:07:27,0,3,2.418737
91,2022-01-07-12:07:29,3,7,2.151009
92,2022-01-07-12:07:33,7,3,3.871889
93,2022-01-07-12:07:37,3,4,3.649390
94,2022-01-07-12:07:39,4,3,2.148131
95,2022-01-07-12:07:42,3,5,2.470127
96,2022-01-07-12:07:44,5,7,2.616077
97,2022-01-07-12:07:47,7,5,2.629223
98,2022-01-07-12:07:50,5,3,3.304515
99,2022-01-07-12:07:53,3,5,3.055875
100,2022-01-07-12:07:56,5,7,2.609490
101,2022-01-07-12:07:59,7,1,3.278851
102,2022-01-07-12:08:00,1,4,1.293217
103,2022-01-07-12:08:02,4,5,1.764940
104,2022-01-07-12:08:05,5,4,3.331350
105,2022-01-07-12:08:09,4,6,3.807615
106,2022-01-07-12:08:11,6,3,2.068580
107,2022-01-07-12:08:13,3,6,2.011135
108,2022-01-07-12:08:17,6,7,3.309235
109,2022-01-07-12:08:20,7,3,3.245508
110,2022-01-07-12:08:22,3,6,2.124152
111,2022-01-07-12:08:25,6,5,2.776240
112,2022-01-07-12:08:27,5,7,2.550298
113,2022-01-07-12:08:30,7,0,3.073411
114,2022-01-07-12:08:32,0,7,1.967226
115,2022-01-07-12:08:36,7,6,4.075412
116,2022-01-07-12:08:39,6,7,2.635915
117,2022-01-07-12:08:42,7,2,3.056076
118,2022-01-07-12:08:46,2,5,3.637355
119,2022-01-07-12:08:48,5,1,1.978241
120,2022-01-07-12:08:49,1,4,1.339703
121,2022-01-07-12:08:51,4,7,1.932270
122,2022-01-07-12:08:53,7,1,1.648380
123,2022-01-07-12:08:55,1,2,2.050366
124,2022-01-07-12:08:57,2,0,1.853100
125,2022-01-07-12:08:58,0,1,1.068861
126,2022-01-07-12:08:59,1,0,1.058706
127,2022-01-07-12:09:01,0,7,2.005730
128,2022-01-07-12:09:03,7,3,2.260737
129,2022-01-07-12:09:05,3,5,2.346836
130,2022-01-07-12:09:07,5,4,2.089580
131,2022-01-07-12:09:10,4,3,2.140262
132,2022-01-07-12:09:12,3,5,2.207032
133,2022-01-07-12:09:14,5,4,1.848512
134,2022-01-07-12:09:15,4,2,1.827166
135,2022-01-07-12:09:17,2,5,1.535137
136,2022-01-07-12:09:19,5,1,2.001411
137,2022-01-07-12:09:20,1,4,1.337184
138,2022-01-07-12:09:24,4,6,3.457384
139,2022-01-07-12:09:27,6,5,3.114798
140,2022-01-07-12:09:29,5,0,1.920954
141,2022-01-07-12:09:31,0,3,2.421497
142,2022-01-07-12:09:34,3,0,2.328210
143,2022-01-07-12:09:35,0,2,1.723933
144,2022-01-07-12:09:38,2,3,3.021238
145,2022-01-07-12:09:41,3,6,3.141431
146,2022-01-07-12:09:45,6,5,3.150298
147,2022-01-07-12:09:46,5,2,1.835039
148,2022-01-07-12:09:48,2,5,1.532447
149,2022-01-07-12:09:51,5,4,3.522804
150,2022-01-07-12:09:55,4,2,3.280070
151,2022-01-07-12:09:57,2,3,2.627503
152,2022-01-07-12:10:00,3,2,2.671384
153,2022-01-07-12:10:02,2,5,1.565259
154,2022-01-07-12:10:05,5,3,3.140851
155,2022-01-07-12:10:08,3,5,3.008985
156,2022-01-07-12:10:11,5,6,3.174821
157,2022-01-07-12:10:15,6,3,3.699819
158,2022-01-07-12:10:17,3,6,2.056896
159,2022-01-07-12:10:20,6,7,3.367047
160,2022-01-07-12:10:23,7,5,2.651237
161,2022-01-07-12:10:25,5,0,2.132172
162,2022-01-07-12:10:28,0,6,3.466096
163,2022-01-07-12:10:32,6,0,3.419761
164,2022-01-07-12:10:34,0,2,1.786313
165,2022-01-07-12:10:35,2,5,1.561053
166,2022-01-07-12:10:38,5,4,3.320672
167,2022-01-07-12:10:42,4,2,3.212481
168,2022-01-07-12:10:44,2,1,2.032262
169,2022-01-07-12:10:45,1,0,1.066251
170,2022-01-07-12:10:48,0,6,3.571057
171,2022-01-07-12:10:51,6,7,2.628098
172,2022-01-07-12:10:54,7,1,3.256460
173,2022-01-07-12:10:56,1,5,1.969439
174,2022-01-07-12:10:59,5,7,2.601560
175,2022-01-07-12:11:02,7,1,3.339988
176,2022-01-07-12:11:03,1,4,1.340214
177,2022-01-07-12:11:05,4,3,2.060761
178,2022-01-07-12:11:08,3,7,2.175469
179,2022-01-07-12:11:12,7,6,4.040993
180,2022-01-07-12:11:15,6,0,3.532080
181,2022-01-07-12:11:16,0,1,1.082656
182,2022-01-07-12:11:19,1,6,2.838170
183,2022-01-07-12:11:22,6,4,2.638595
184,2022-01-07-12:11:24,4,6,2.612160
185,2022-01-07-12:11:28,6,7,3.288054
186,2022-01-07-12:11:31,7,2,3.069767
187,2022-01-07-12:11:35,2,0,3.952428
188,2022-01-07-12:11:37,0,5,1.848411
189,2022-01-07-12:11:39,5,0,2.060281
190,2022-01-07-12:11:40,0,4,1.526011
191,2022-01-07-12:11:44,4,6,3.451361
192,2022-01-07-12:11:47,6,3,3.153144
193,2022-01-07-12:11:50,3,4,3.663075
194,2022-01-07-12:11:52,4,1,1.329280
195,2022-01-07-12:11:53,1,4,1.322063
196,2022-01-07-12:11:57,4,6,3.488531
197,2022-01-07-12:11:59,6,7,2.601818
198,2022-01-07-12:12:02,7,0,3.068110
199,2022-01-07-12:12:04,0,7,1.988543
200,2022-01-07-12:12:06,7,4,1.914186
201,2022-01-07-12:12:08,4,2,1.857702
202,2022-01-07-12:12:11,2,3,2.962312
203,2022-01-07-12:12:13,3,4,2.392092
204,2022-01-07-12:12:15,4,2,1.952593
205,2022-01-07-12:12:19,2,1,4.148385
206,2022-01-07-12:12:23,1,6,3.690007
207,2022-01-07-12:12:26,6,5,3.227895
208,2022-01-07-12:12:30,5,4,3.319181
209,2022-01-07-12:12:33,4,5,3.395067
210,2022-01-07-12:12:36,5,7,2.620629
211,2022-01-07-12:12:39,7,1,3.367294
212,2022-01-07-12:12:42,1,6,2.688908
213,2022-01-07-12:12:45,6,2,3.276673
214,2022-01-07-12:12:47,2,4,1.797748
215,2022-01-07-12:12:49,4,3,2.048401
216,2022-01-07-12:12:51,3,1,2.331969
217,2022-01-07-12:12:53,1,3,2.245864
218,2022-01-07-12:12:56,3,1,2.361136
219,2022-01-07-12:12:58,1,7,1.694886
220,2022-01-07-12:12:59,7,1,1.627353
221,2022-01-07-12:13:01,1,5,2.043183
222,2022-01-07-12:13:05,5,4,3.337534
223,2022-01-07-12:13:09,4,7,4.049355
224,2022-01-07-12:13:13,7,6,4.057602
225,2022-01-07-12:13:16,6,2,3.151402
226,2022-01-07-12:13:18,2,3,2.645497
227,2022-01-07-12:13:21,3,0,2.769943
228,2022-01-07-12:13:23,0,2,1.723175
229,2022-01-07-12:13:26,2,7,2.636775
230,2022-01-07-12:13:28,7,0,2.005758
231,2022-01-07-12:13:29,0,1,1.079579
232,2022-01-07-12:13:31,1,5,1.989276
233,2022-01-07-12:13:34,5,2,3.830766
234,2022-01-07-12:13:39,2,1,4.045350
235,2022-01-07-12:13:40,1,7,1.721447
236,2022-01-07-12:13:42,7,0,2.024544
237,2022-01-07-12:13:44,0,4,1.526202
238,2022-01-07-12:13:46,4,3,2.134045
239,2022-01-07-12:13:50,3,2,4.288607
240,2022-01-07-12:13:55,2,1,4.424104
241,2022-01-07-12:13:57,1,3,2.237988
242,2022-01-07-12:13:59,3,6,2.062027
243,2022-01-07-12:14:01,6,3,2.032512
244,2022-01-07-12:14:03,3,6,1.983594
245,2022-01-07-12:14:06,6,7,3.373098
246,2022-01-07-12:14:10,7,1,3.222990
247,2022-01-07-12:14:11,1,7,1.663455
248,2022-01-07-12:14:13,7,4,2.048897
249,2022-01-07-12:14:15,4,3,2.112609
250,2022-01-07-12:14:18,3,4,2.148212
251,2022-01-07-12:14:19,4,7,1.920537
252,2022-01-07-12:14:22,7,3,2.343745
253,2022-01-07-12:14:24,3,0,2.506687
254,2022-01-07-12:14:26,0,7,1.882082
255,2022-01-07-12:14:28,7,0,1.920454
256,2022-01-07-12:14:30,0,5,1.991226
257,2022-01-07-12:14:32,5,2,1.582929
258,2022-01-07-12:14:33,2,5,1.525210
259,2022-01-07-12:14:36,5,7,2.645257
260,2022-01-07-12:14:39,7,2,3.070645
261,2022-01-07-12:14:42,2,7,3.028155
262,2022-01-07-12:14:45,7,4,3.464050
263,2022-01-07-12:14:49,4,0,3.859167
264,2022-01-07-12:14:50,0,1,1.125172
265,2022-01-07-12:14:52,1,5,2.066645
266,2022-01-07-12:14:55,5,0,2.041312
267,2022-01-07-12:14:56,0,5,1.915466
268,2022-01-07-12:14:59,5,3,2.194848
269,2022-01-07-12:15:01,3,4,2.090269
270,2022-01-07-12:15:03,4,3,2.119774
271,2022-01-07-12:15:05,3,1,2.402854
272,2022-01-07-12:15:07,1,2,1.962290
273,2022-01-07-12:15:10,2,7,2.643557
274,2022-01-07-12:15:13,7,1,3.279230
275,2022-01-07-12:15:16,1,6,2.652034
276,2022-01-07-12:15:19,6,4,2.737167
277,2022-01-07-12:15:20,4,0,1.484671
278,2022-01-07-12:15:23,0,6,2.833836
279,2022-01-07-12:15:26,6,0,2.950795
280,2022-01-07-12:15:29,0,6,3.576126
281,2022-01-07-12:15:33,6,2,3.269178
282,2022-01-07-12:15:37,2,7,4.406175
283,2022-01-07-12:15:40,7,5,2.650418
284,2022-01-07-12:15:43,5,2,3.616149
285,2022-01-07-12:15:47,2,5,3.624637
286,2022-01-07-12:15:49,5,7,2.570748
287,2022-01-07-12:15:53,7,1,3.270389
288,2022-01-07-12:15:55,1,2,1.977651
289,2022-01-07-12:15:58,2,6,3.118202
290,2022-01-07-12:16:01,6,1,2.700833
291,2022-01-07-12:16:02,1,4,1.320407
292,2022-01-07-12:16:04,4,3,2.093666
293,2022-01-07-12:16:08,3,4,3.847419
294,2022-01-07-12:16:11,4,0,3.647471
295,2022-01-07-12:16:14,0,6,2.832951
296,2022-01-07-12:16:17,6,7,2.576988
297,2022-01-07-12:16:19,7,0,2.002259
298,2022-01-07-12:16:21,0,3,2.457848
299,2022-01-07-12:16:24,3,0,2.494026
300,2022-01-07-12:16:26,0,3,2.370917
301,2022-01-07-12:16:28,3,5,2.252317
302,2022-01-07-12:16:30,5,4,1.890400
303,2022-01-07-12:16:32,4,7,1.849067
304,2022-01-07-12:16:34,7,4,2.001170
305,2022-01-07-12:16:36,4,0,1.479857
306,2022-01-07-12:16:38,0,3,2.398281
307,2022-01-07-12:16:41,3,2,2.642020
308,2022-01-07-12:16:42,2,0,1.747468
309,2022-01-07-12:16:44,0,5,1.942672
310,2022-01-07-12:16:48,5,3,3.348803
311,2022-01-07-12:16:51,3,5,3.111414
312,2022-01-07-12:16:55,5,2,3.747719
313,2022-01-07-12:16:59,2,0,3.979485
314,2022-01-07-12:17:00,0,2,1.779322
315,2022-01-07-12:17:02,2,1,2.007050
316,2022-01-07-12:17:06,1,3,3.516599
317,2022-01-07-12:17:10,3,1,3.601609
318,2022-01-07-12:17:11,1,0,1.116476
319,2022-01-07-12:17:12,0,4,1.521417
320,2022-01-07-12:17:14,4,1,1.362116
321,2022-01-07-12:17:15,1,0,1.048574
322,2022-01-07-12:17:17,0,5,2.048401
323,2022-01-07-12:17:20,5,6,3.136669
324,2022-01-07-12:17:23,6,4,3.400936
325,2022-01-07-12:17:25,4,5,1.757005
326,2022-01-07-12:17:28,5,6,3.059170
327,2022-01-07-12:17:32,6,3,3.841222
328,2022-01-07-12:17:34,3,4,2.186267
329,2022-01-07-12:17:36,4,5,1.766152
330,2022-01-07-12:17:38,5,4,1.822404
331,2022-01-07-12:17:39,4,5,1.731575
332,2022-01-07-12:17:43,5,4,3.297203
333,2022-01-07-12:17:46,4,1,3.849285
334,2022-01-07-12:17:48,1,2,2.013589
335,2022-01-07-12:17:50,2,5,1.506877
336,2022-01-07-12:17:53,5,3,3.037959
337,2022-01-07-12:17:56,3,6,3.157172
338,2022-01-07-12:17:59,6,2,3.216066
339,2022-01-07-12:18:03,2,5,3.713981
340,2022-01-07-12:18:05,5,0,1.956394
341,2022-01-07-12:18:07,0,2,1.717102
342,2022-01-07-12:18:10,2,6,3.100980
343,2022-01-07-12:18:14,6,1,3.648766
344,2022-01-07-12:18:16,1,5,1.985838
345,2022-01-07-12:18:18,5,0,2.129125
346,2022-01-07-12:18:19,0,4,1.527281
347,2022-01-07-12:18:21,4,3,2.111608
348,2022-01-07-12:18:25,3,7,3.236286
349,2022-01-07-12:18:27,7,6,2.547637
350,2022-01-07-12:18:30,6,2,3.262415
351,2022-01-07-12:18:32,2,5,1.501972
352,2022-01-07-12:18:34,5,1,1.995703
353,2022-01-07-12:18:36,1,3,2.250653
354,2022-01-07-12:18:40,3,2,4.383555
355,2022-01-07-12:18:45,2,1,4.140617
356,2022-01-07-12:18:46,1,4,1.353564
357,2022-01-07-12:18:48,4,5,1.802304
358,2022-01-07-12:18:50,5,4,1.865019
359,2022-01-07-12:18:52,4,7,1.925501
360,2022-01-07-12:18:56,7,4,4.245481
361,2022-01-07-12:19:00,4,1,4.039547
362,2022-01-07-12:19:02,1,5,1.990849
363,2022-01-07-12:19:04,5,2,1.746650
364,2022-01-07-12:19:06,2,7,2.550438
365,2022-01-07-12:19:10,7,1,3.536727
366,2022-01-07-12:19:12,1,3,2.376147
367,2022-01-07-12:19:14,3,5,2.293011
368,2022-01-07-12:19:17,5,7,2.651414
369,2022-01-07-12:19:20,7,4,3.062373
370,2022-01-07-12:19:22,4,3,2.054292
371,2022-01-07-12:19:24,3,6,2.034812
372,2022-01-07-12:19:27,6,7,2.739153
373,2022-01-07-12:19:29,7,5,2.554755
374,2022-01-07-12:19:31,5,1,1.920651
375,2022-01-07-12:19:33,1,7,1.737596
376,2022-01-07-12:19:35,7,3,2.129360
377,2022-01-07-12:19:37,3,5,2.271952
378,2022-01-07-12:19:41,5,6,3.109336
379,2022-01-07-12:19:43,6,7,2.697995
380,2022-01-07-12:19:46,7,5,2.885538
381,2022-01-07-12:19:48,5,0,1.995426
382,2022-01-07-12:19:50,0,2,1.715925
383,2022-01-07-12:19:53,2,3,3.030993
384,2022-01-07-12:19:56,3,2,3.008241
385,2022-01-07-12:19:57,2,5,1.520288
386,2022-01-07-12:20:01,5,6,3.075804
387,2022-01-07-12:20:04,6,3,3.163524
388,2022-01-07-12:20:07,3,5,3.098578
389,2022-01-07-12:20:09,5,1,2.011231
390,2022-01-07-12:20:10,1,7,1.658179
391,2022-01-07-12:20:12,7,1,1.698863
392,2022-01-07-12:20:14,1,3,2.229172
393,2022-01-07-12:20:16,3,6,2.059560
394,2022-01-07-12:20:19,6,4,2.671641
395,2022-01-07-12:20:21,4,5,1.825588
396,2022-01-07-12:20:24,5,6,3.101093
397,2022-01-07-12:20:28,6,3,3.657814
398,2022-01-07-12:20:31,3,7,3.267797
399,2022-01-07-12:20:34,7,4,3.291030
400,2022-01-07-12:20:38,4,5,3.463986
401,2022-01-07-12:20:40,5,6,2.722732
402,2022-01-07-12:20:43,6,4,2.735066
403,2022-01-07-12:20:45,4,1,1.341217
404,2022-01-07-12:20:47,1,5,2.059572
405,2022-01-07-12:20:49,5,3,2.352658
406,2022-01-07-12:20:51,3,6,1.934248
407,2022-01-07-12:20:54,6,1,2.934778
408,2022-01-07-12:20:55,1,0,1.085110
409,2022-01-07-12:20:56,0,1,1.112148
410,2022-01-07-12:20:58,1,3,2.232383
411,2022-01-07-12:21:01,3,1,2.414892
412,2022-01-07-12:21:03,1,2,2.007099
413,2022-01-07-12:21:04,2,4,1.788580
414,2022-01-07-12:21:06,4,1,1.281122
415,2022-01-07-12:21:09,1,3,3.512518
416,2022-01-07-12:21:12,3,2,2.649220
417,2022-01-07-12:21:16,2,0,3.940654
418,2022-01-07-12:21:18,0,5,2.194071
419,2022-01-07-12:21:20,5,4,1.960901
420,2022-01-07-12:21:23,4,6,3.436402
421,2022-01-07-12:21:26,6,7,2.648321
422,2022-01-07-12:21:29,7,0,3.155647
423,2022-01-07-12:21:31,0,5,1.887238
424,2022-01-07-12:21:33,5,3,2.283379
425,2022-01-07-12:21:35,3,6,1.967962
426,2022-01-07-12:21:38,6,0,2.808591
427,2022-01-07-12:21:42,0,6,3.442729
428,2022-01-07-12:21:45,6,3,3.707659
429,2022-01-07-12:21:48,3,0,2.368457
430,2022-01-07-12:21:51,0,3,3.296215
431,2022-01-07-12:21:55,3,7,3.837233
432,2022-01-07-12:21:57,7,0,2.158855
433,2022-01-07-12:21:59,0,3,2.423357
434,2022-01-07-12:22:02,3,0,2.463596
435,2022-01-07-12:22:05,0,6,3.445909
436,2022-01-07-12:22:08,6,4,3.096643
437,2022-01-07-12:22:12,4,7,3.199559
438,2022-01-07-12:22:15,7,0,3.154591
439,2022-01-07-12:22:17,0,7,2.036018
440,2022-01-07-12:22:21,7,6,4.046916
441,2022-01-07-12:22:25,6,3,3.815769
442,2022-01-07-12:22:27,3,0,2.322234
443,2022-01-07-12:22:29,0,7,1.975748
444,2022-01-07-12:22:32,7,5,2.572130
445,2022-01-07-12:22:33,5,2,1.512461
446,2022-01-07-12:22:35,2,5,1.526008
447,2022-01-07-12:22:38,5,3,3.223833
448,2022-01-07-12:22:41,3,1,3.461266
449,2022-01-07-12:22:44,1,3,2.334108
450,2022-01-07-12:22:48,3,2,4.344731
451,2022-01-07-12:22:52,2,5,3.770437
452,2022-01-07-12:22:54,5,7,2.542284
453,2022-01-07-12:22:58,7,4,3.234461
454,2022-01-07-12:23:01,4,0,3.616290
455,2022-01-07-12:23:03,0,4,1.524495
456,2022-01-07-12:23:04,4,5,1.737708
457,2022-01-07-12:23:08,5,6,3.156970
458,2022-01-07-12:23:11,6,2,3.345850
459,2022-01-07-12:23:13,2,1,2.000142
460,2022-01-07-12:23:15,1,2,2.002922
461,2022-01-07-12:23:17,2,1,2.033190
462,2022-01-07-12:23:21,1,6,3.625952
463,2022-01-07-12:23:24,6,0,3.476451
464,2022-01-07-12:23:26,0,4,1.558322
465,2022-01-07-12:23:29,4,6,3.462096
466,2022-01-07-12:23:33,6,0,3.585327
467,2022-01-07-12:23:34,0,1,1.025317
468,2022-01-07-12:23:35,1,7,1.723418
469,2022-01-07-12:23:38,7,2,2.563406
470,2022-01-07-12:23:41,2,6,3.212422
471,2022-01-07-12:23:45,6,0,3.514638
472,2022-01-07-12:23:47,0,3,2.518721
473,2022-01-07-12:23:50,3,0,2.390415
474,2022-01-07-12:23:51,0,1,1.038159
475,2022-01-07-12:23:52,1,0,0.985417
476,2022-01-07-12:23:54,0,5,2.028694
477,2022-01-07-12:23:56,5,3,2.261617
478,2022-01-07-12:23:59,3,2,2.748976
479,2022-01-07-12:24:01,2,3,2.740658
480,2022-01-07-12:24:04,3,5,2.453262
481,2022-01-07-12:24:05,5,2,1.604395
482,2022-01-07-12:24:07,2,1,1.967087
483,2022-01-07-12:24:09,1,0,1.079601
484,2022-01-07-12:24:11,0,5,2.028368
485,2022-01-07-12:24:13,5,1,2.081762
486,2022-01-07-12:24:14,1,4,1.339891
487,2022-01-07-12:24:16,4,7,1.887857
488,2022-01-07-12:24:18,7,3,2.221788
489,2022-01-07-12:24:20,3,6,2.067695
490,2022-01-07-12:24:24,6,2,4.085849
491,2022-01-07-12:24:26,2,4,1.831324
492,2022-01-07-12:24:30,4,6,3.756824
493,2022-01-07-12:24:33,6,5,2.774958
494,2022-01-07-12:24:34,5,4,1.786400
495,2022-01-07-12:24:36,4,2,1.939834
496,2022-01-07-12:24:38,2,0,1.737513
497,2022-01-07-12:24:41,0,3,2.696090
498,2022-01-07-12:24:43,3,5,2.287219
499,2022-01-07-12:24:45,5,2,1.536906
500,2022-01-07-12:24:46,2,5,1.529703
501,2022-01-07-12:24:48,5,3,2.334608
502,2022-01-07-12:24:51,3,0,2.390677
503,2022-01-07-12:24:52,0,4,1.517498
504,2022-01-07-12:24:54,4,2,1.786995
505,2022-01-07-12:24:56,2,1,2.000738
506,2022-01-07-12:24:58,1,7,1.663209
507,2022-01-07-12:25:00,7,4,1.938474
508,2022-01-07-12:25:01,4,5,1.725986
509,2022-01-07-12:25:03,5,0,1.890068
510,2022-01-07-12:25:05,0,5,1.905204
511,2022-01-07-12:25:07,5,1,1.931468
512,2022-01-07-12:25:10,1,3,2.353125
513,2022-01-07-12:25:12,3,6,2.060999
514,2022-01-07-12:25:14,6,1,2.828002
515,2022-01-07-12:25:16,1,7,1.684582
516,2022-01-07-12:25:20,7,6,4.239307
517,2022-01-07-12:25:24,6,3,3.837539
518,2022-01-07-12:25:27,3,7,3.243874
519,2022-01-07-12:25:31,7,4,3.118498
520,2022-01-07-12:25:35,4,7,4.013932
521,2022-01-07-12:25:37,7,3,2.147710
522,2022-01-07-12:25:40,3,7,3.267042
523,2022-01-07-12:25:43,7,5,2.879398
524,2022-01-07-12:25:45,5,7,2.563909
525,2022-01-07-12:25:48,7,5,2.630729
526,2022-01-07-12:25:50,5,1,2.093107
527,2022-01-07-12:25:52,1,5,1.996313
528,2022-01-07-12:25:54,5,1,2.035894
529,2022-01-07-12:25:58,1,3,3.532605
530,2022-01-07-12:26:01,3,5,3.031727
531,2022-01-07-12:26:03,5,1,1.977594
532,2022-01-07-12:26:05,1,3,2.294796
533,2022-01-07-12:26:07,3,1,2.291709
534,2022-01-07-12:26:11,1,3,3.427506
535,2022-01-07-12:26:14,3,1,3.486087
536,2022-01-07-12:26:16,1,5,1.892797
537,2022-01-07-12:26:19,5,6,3.088095
538,2022-01-07-12:26:23,6,3,3.745817
539,2022-01-07-12:26:25,3,5,2.217029
540,2022-01-07-12:26:28,5,6,3.075344
541,2022-01-07-12:26:31,6,5,3.234824
542,2022-01-07-12:26:35,5,4,3.319168
543,2022-01-07-12:26:39,4,6,3.836900
544,2022-01-07-12:26:41,6,1,2.661524
545,2022-01-07-12:26:43,1,5,1.916638
546,2022-01-07-12:26:47,5,4,3.460193
547,2022-01-07-12:26:51,4,7,4.131899
548,2022-01-07-12:26:55,7,6,4.223356
549,2022-01-07-12:26:58,6,5,3.211537
550,2022-01-07-12:27:01,5,7,2.612482
551,2022-01-07-12:27:03,7,6,2.604465
552,2022-01-07-12:27:07,6,2,3.138745
553,2022-01-07-12:27:10,2,6,3.101348
554,2022-01-07-12:27:14,6,7,4.064197
555,2022-01-07-12:27:18,7,4,3.945506
556,2022-01-07-12:27:22,4,7,4.082101
557,2022-01-07-12:27:24,7,1,1.725466
558,2022-01-07-12:27:26,1,6,2.637345
559,2022-01-07-12:27:29,6,1,2.959142
560,2022-01-07-12:27:31,1,3,2.287423
561,2022-01-07-12:27:34,3,4,2.215558
562,2022-01-07-12:27:36,4,3,2.135656
563,2022-01-07-12:27:38,3,4,2.118918
564,2022-01-07-12:27:39,4,0,1.520740
565,2022-01-07-12:27:41,0,5,1.921450
566,2022-01-07-12:27:43,5,2,1.535727
567,2022-01-07-12:27:44,2,5,1.533393
568,2022-01-07-12:27:47,5,6,3.073330
569,2022-01-07-12:27:51,6,4,3.202903
570,2022-01-07-12:27:54,4,6,3.742970
571,2022-01-07-12:27:59,6,2,4.275267
572,2022-01-07-12:28:03,2,7,4.341530
573,2022-01-07-12:28:06,7,5,2.759338
574,2022-01-07-12:28:09,5,6,3.138978
575,2022-01-07-12:28:12,6,5,3.238562
576,2022-01-07-12:28:15,5,7,2.631872
577,2022-01-07-12:28:17,7,6,2.590246
578,2022-01-07-12:28:21,6,3,3.311010
579,2022-01-07-12:28:24,3,0,3.434550
580,2022-01-07-12:28:27,0,3,3.355318
581,2022-01-07-12:28:31,3,4,3.497301
582,2022-01-07-12:28:33,4,0,1.518857
583,2022-01-07-12:28:34,0,4,1.525212
584,2022-01-07-12:28:36,4,3,2.098381
585,2022-01-07-12:28:39,3,0,2.473937
586,2022-01-07-12:28:40,0,5,1.885275
587,2022-01-07-12:28:44,5,2,3.653441
588,2022-01-07-12:28:48,2,1,4.152727
589,2022-01-07-12:28:51,1,6,2.633293
590,2022-01-07-12:28:54,6,0,2.936637
591,2022-01-07-12:28:56,0,5,1.930145
592,2022-01-07-12:28:59,5,6,3.139900
593,2022-01-07-12:29:02,6,7,2.651761
594,2022-01-07-12:29:04,7,5,2.780001
595,2022-01-07-12:29:06,5,0,2.025993
596,2022-01-07-12:29:09,0,3,2.439315
597,2022-01-07-12:29:11,3,6,2.017978
598,2022-01-07-12:29:13,6,3,1.978229
599,2022-01-07-12:29:15,3,4,2.026620
600,2022-01-07-12:29:17,4,5,1.767106
601,2022-01-07-12:29:20,5,4,3.382942
602,2022-01-07-12:29:22,4,2,2.107961
603,2022-01-07-12:29:24,2,4,1.826584
604,2022-01-07-12:29:26,4,3,2.089378
605,2022-01-07-12:29:29,3,2,2.655895
606,2022-01-07-12:29:33,2,0,3.998843
607,2022-01-07-12:29:34,0,2,1.722733
608,2022-01-07-12:29:37,2,7,2.556604
609,2022-01-07-12:29:40,7,2,2.660953
610,2022-01-07-12:29:42,2,7,2.589496
611,2022-01-07-12:29:45,7,0,3.064979
612,2022-01-07-12:29:47,0,2,1.715810
613,2022-01-07-12:29:50,2,3,2.789317
614,2022-01-07-12:29:52,3,2,2.632964
615,2022-01-07-12:29:54,2,1,1.995720
616,2022-01-07-12:29:56,1,4,1.325038
617,2022-01-07-12:29:57,4,1,1.289595
618,2022-01-07-12:29:58,1,0,1.056457
619,2022-01-07-12:30:02,0,6,3.572388
620,2022-01-07-12:30:05,6,2,3.160722
621,2022-01-07-12:30:07,2,7,2.568499
622,2022-01-07-12:30:09,7,1,1.719451
623,2022-01-07-12:30:11,1,7,1.734154
624,2022-01-07-12:30:13,7,5,2.644815
625,2022-01-07-12:30:15,5,0,1.923050
626,2022-01-07-12:30:18,0,6,2.855696
627,2022-01-07-12:30:21,6,1,2.943561
628,2022-01-07-12:30:23,1,4,1.319229
629,2022-01-07-12:30:24,4,0,1.516405
630,2022-01-07-12:30:26,0,2,1.723607
631,2022-01-07-12:30:28,2,7,2.558125
632,2022-01-07-12:30:31,7,6,2.596431
633,2022-01-07-12:30:34,6,2,3.348028
634,2022-01-07-12:30:39,2,7,4.374675
635,2022-01-07-12:30:41,7,0,1.982788
636,2022-01-07-12:30:43,0,5,2.203776
637,2022-01-07-12:30:46,5,6,3.129633
638,2022-01-07-12:30:49,6,5,3.146575
639,2022-01-07-12:30:51,5,1,2.144261
640,2022-01-07-12:30:55,1,6,3.529434
641,2022-01-07-12:30:58,6,5,3.105190
642,2022-01-07-12:31:00,5,4,2.080488
643,2022-01-07-12:31:02,4,2,1.837455
644,2022-01-07-12:31:03,2,5,1.516446
645,2022-01-07-12:31:06,5,0,2.397124
646,2022-01-07-12:31:07,0,4,1.537749
647,2022-01-07-12:31:09,4,5,1.748031
648,2022-01-07-12:31:13,5,2,3.637314
649,2022-01-07-12:31:14,2,4,1.838454
650,2022-01-07-12:31:18,4,0,3.691303
651,2022-01-07-12:31:20,0,2,1.778847
652,2022-01-07-12:31:23,2,3,2.764403
653,2022-01-07-12:31:25,3,6,2.086810
654,2022-01-07-12:31:27,6,4,2.592251
655,2022-01-07-12:31:29,4,7,1.897320
656,2022-01-07-12:31:32,7,2,2.639026
657,2022-01-07-12:31:34,2,7,2.554189
658,2022-01-07-12:31:38,7,4,3.070972
659,2022-01-07-12:31:40,4,3,2.073072
660,2022-01-07-12:31:42,3,1,2.357444
661,2022-01-07-12:31:46,1,6,3.535940
662,2022-01-07-12:31:49,6,3,3.651348
663,2022-01-07-12:31:52,3,2,2.777915
664,2022-01-07-12:31:54,2,0,1.724829
665,2022-01-07-12:31:57,0,6,3.519101
666,2022-01-07-12:32:01,6,3,3.645560
667,2022-01-07-12:32:03,3,1,2.289122
668,2022-01-07-12:32:05,1,5,1.958199
669,2022-01-07-12:32:07,5,1,2.026687
670,2022-01-07-12:32:09,1,7,1.676318
671,2022-01-07-12:32:11,7,0,1.944598
672,2022-01-07-12:32:12,0,4,1.522949
673,2022-01-07-12:32:14,4,5,1.766459
674,2022-01-07-12:32:18,5,2,3.660625
675,2022-01-07-12:32:22,2,1,4.403665
676,2022-01-07-12:32:24,1,7,1.748403
677,2022-01-07-12:32:26,7,4,1.886580
678,2022-01-07-12:32:28,4,5,1.818396
679,2022-01-07-12:32:29,5,1,1.934500
680,2022-01-07-12:32:31,1,0,1.135992
681,2022-01-07-12:32:33,0,7,1.930047
682,2022-01-07-12:32:34,7,1,1.692675
683,2022-01-07-12:32:35,1,0,1.122172
684,2022-01-07-12:32:39,0,6,3.715790
685,2022-01-07-12:32:42,6,4,3.302773
686,2022-01-07-12:32:47,4,0,4.148951
687,2022-01-07-12:32:48,0,4,1.524176
688,2022-01-07-12:32:50,4,7,1.929090
689,2022-01-07-12:32:52,7,4,1.922596
690,2022-01-07-12:32:53,4,1,1.336775
691,2022-01-07-12:32:56,1,5,2.256442
692,2022-01-07-12:32:59,5,6,3.145495
693,2022-01-07-12:33:03,6,7,4.020707
694,2022-01-07-12:33:05,7,2,2.597632
695,2022-01-07-12:33:07,2,4,1.823630
696,2022-01-07-12:33:09,4,0,1.522265
697,2022-01-07-12:33:11,0,7,1.926173
698,2022-01-07-12:33:12,7,1,1.650903
699,2022-01-07-12:33:14,1,5,1.925225
700,2022-01-07-12:33:17,5,6,3.135179
701,2022-01-07-12:33:20,6,3,3.126824
702,2022-01-07-12:33:24,3,7,3.840058
703,2022-01-07-12:33:26,7,3,2.193527
704,2022-01-07-12:33:28,3,4,2.059722
705,2022-01-07-12:33:32,4,6,3.450613
706,2022-01-07-12:33:35,6,0,3.456217
707,2022-01-07-12:33:39,0,6,3.436872
708,2022-01-07-12:33:42,6,1,3.636510
709,2022-01-07-12:33:44,1,5,1.928061
710,2022-01-07-12:33:46,5,2,1.700992
711,2022-01-07-12:33:48,2,1,1.976039
712,2022-01-07-12:33:49,1,4,1.316689
713,2022-01-07-12:33:51,4,5,1.843726
714,2022-01-07-12:33:54,5,3,3.028417
715,2022-01-07-12:33:57,3,2,3.028211
716,2022-01-07-12:33:59,2,1,1.958256
717,2022-01-07-12:34:01,1,4,1.323593
718,2022-01-07-12:34:04,4,6,3.488060
719,2022-01-07-12:34:08,6,0,3.572423
720,2022-01-07-12:34:09,0,1,1.054851
721,2022-01-07-12:34:11,1,2,1.952859
722,2022-01-07-12:34:12,2,5,1.568603
723,2022-01-07-12:34:15,5,3,2.443599
724,2022-01-07-12:34:17,3,5,2.256285
725,2022-01-07-12:34:20,5,6,3.071409
726,2022-01-07-12:34:23,6,2,3.168045
727,2022-01-07-12:34:25,2,0,1.759603
728,2022-01-07-12:34:26,0,1,1.082753
729,2022-01-07-12:34:27,1,4,1.366698
730,2022-01-07-12:34:29,4,1,1.330358
731,2022-01-07-12:34:31,1,6,2.702435
732,2022-01-07-12:34:34,6,0,2.737401
733,2022-01-07-12:34:35,0,1,1.096723
734,2022-01-07-12:34:37,1,4,1.288512
735,2022-01-07-12:34:38,4,7,1.928753
736,2022-01-07-12:34:41,7,3,2.392488
737,2022-01-07-12:34:43,3,6,2.023941
738,2022-01-07-12:34:45,6,3,2.036714
739,2022-01-07-12:34:48,3,2,2.631780
740,2022-01-07-12:34:50,2,7,2.546611
741,2022-01-07-12:34:53,7,3,3.219366
742,2022-01-07-12:34:56,3,5,2.264972
743,2022-01-07-12:34:59,5,2,3.694008
744,2022-01-07-12:35:04,2,7,4.475882
745,2022-01-07-12:35:08,7,3,3.833668
746,2022-01-07-12:35:11,3,0,3.288357
747,2022-01-07-12:35:13,0,2,1.687295
748,2022-01-07-12:35:15,2,3,2.743331
749,2022-01-07-12:35:18,3,0,2.454814
750,2022-01-07-12:35:21,0,6,2.855306
751,2022-01-07-12:35:23,6,4,2.837613
752,2022-01-07-12:35:25,4,7,1.824050
753,2022-01-07-12:35:28,7,5,2.828730
754,2022-01-07-12:35:31,5,6,3.115808
755,2022-01-07-12:35:35,6,1,3.593853
756,2022-01-07-12:35:36,1,0,1.088081
757,2022-01-07-12:35:37,0,1,1.059862
758,2022-01-07-12:35:40,1,3,3.528651
759,2022-01-07-12:35:44,3,0,3.298730
760,2022-01-07-12:35:46,0,7,1.956052
761,2022-01-07-12:35:48,7,2,2.616815
762,2022-01-07-12:35:51,2,6,3.149967
763,2022-01-07-12:35:55,6,0,3.508584
764,2022-01-07-12:35:59,0,6,3.589687
765,2022-01-07-12:36:02,6,2,3.244308
766,2022-01-07-12:36:04,2,4,1.788278
767,2022-01-07-12:36:08,4,2,4.038408
768,2022-01-07-12:36:12,2,3,4.207881
769,2022-01-07-12:36:14,3,4,2.112199
770,2022-01-07-12:36:16,4,0,1.537911
771,2022-01-07-12:36:17,0,1,1.059523
772,2022-01-07-12:36:18,1,0,1.081034
773,2022-01-07-12:36:21,0,6,3.507073
774,2022-01-07-12:36:24,6,5,3.220826
775,2022-01-07-12:36:27,5,6,3.055722
776,2022-01-07-12:36:31,6,5,3.348919
777,2022-01-07-12:36:33,5,0,1.882296
778,2022-01-07-12:36:34,0,2,1.718275
779,2022-01-07-12:36:37,2,7,2.575443
780,2022-01-07-12:36:40,7,3,3.232585
781,2022-01-07-12:36:43,3,2,2.650712
782,2022-01-07-12:36:45,2,1,2.061862
783,2022-01-07-12:36:47,1,7,1.692397
784,2022-01-07-12:36:49,7,0,2.024364
785,2022-01-07-12:36:50,0,2,1.728746
786,2022-01-07-12:36:52,2,5,1.518877
787,2022-01-07-12:36:54,5,7,2.598104
788,2022-01-07-12:36:57,7,5,2.677660
789,2022-01-07-12:37:00,5,7,2.547021
790,2022-01-07-12:37:03,7,2,2.840935
791,2022-01-07-12:37:04,2,5,1.519287
792,2022-01-07-12:37:06,5,0,1.994170
793,2022-01-07-12:37:08,0,4,1.553982
794,2022-01-07-12:37:10,4,7,1.892652
795,2022-01-07-12:37:12,7,0,1.983159
796,2022-01-07-12:37:13,0,1,1.037815
797,2022-01-07-12:37:14,1,4,1.357165
798,2022-01-07-12:37:16,4,7,1.970183
799,2022-01-07-12:37:18,7,3,2.231941
800,2022-01-07-12:37:20,3,5,2.354065
801,2022-01-07-12:37:22,5,4,1.893679
802,2022-01-07-12:37:26,4,6,3.486574
803,2022-01-07-12:37:29,6,3,3.057639
804,2022-01-07-12:37:33,3,7,3.821701
805,2022-01-07-12:37:37,7,6,4.046753
806,2022-01-07-12:37:40,6,5,3.120996
807,2022-01-07-12:37:42,5,7,2.589170
808,2022-01-07-12:37:45,7,5,2.607738
809,2022-01-07-12:37:47,5,2,1.712650
810,2022-01-07-12:37:49,2,7,2.529169
811,2022-01-07-12:37:52,7,2,3.160427
812,2022-01-07-12:37:56,2,5,3.646491
813,2022-01-07-12:37:58,5,4,1.829291
814,2022-01-07-12:38:00,4,7,1.946426
815,2022-01-07-12:38:02,7,3,2.132504
816,2022-01-07-12:38:05,3,7,3.332496
817,2022-01-07-12:38:09,7,3,3.246766
818,2022-01-07-12:38:11,3,1,2.295508
819,2022-01-07-12:38:12,1,4,1.283782
820,2022-01-07-12:38:14,4,5,1.738781
821,2022-01-07-12:38:15,5,2,1.521141
822,2022-01-07-12:38:17,2,4,1.779938
823,2022-01-07-12:38:19,4,3,2.101112
824,2022-01-07-12:38:22,3,0,2.355867
825,2022-01-07-12:38:24,0,3,2.476626
826,2022-01-07-12:38:26,3,5,2.284761
827,2022-01-07-12:38:29,5,1,2.142027
828,2022-01-07-12:38:30,1,7,1.712800
829,2022-01-07-12:38:33,7,2,2.728259
830,2022-01-07-12:38:35,2,0,1.734130
831,2022-01-07-12:38:36,0,1,1.076680
832,2022-01-07-12:38:38,1,7,1.722263
833,2022-01-07-12:38:42,7,6,4.059200
834,2022-01-07-12:38:45,6,5,3.356821
835,2022-01-07-12:38:47,5,0,2.025110
836,2022-01-07-12:38:49,0,5,2.193707
837,2022-01-07-12:38:51,5,0,1.996376
838,2022-01-07-12:38:52,0,1,1.079959
839,2022-01-07-12:38:53,1,0,1.053807
840,2022-01-07-12:38:55,0,5,2.110215
841,2022-01-07-12:38:59,5,6,3.146836
842,2022-01-07-12:39:02,6,2,3.701725
843,2022-01-07-12:39:05,2,7,2.512869
844,2022-01-07-12:39:08,7,4,3.166671
845,2022-01-07-12:39:11,4,6,3.447770
846,2022-01-07-12:39:15,6,1,4.037387
847,2022-01-07-12:39:18,1,6,2.690835
848,2022-01-07-12:39:21,6,5,2.769775
849,2022-01-07-12:39:23,5,0,2.120998
850,2022-01-07-12:39:26,0,6,3.446167
851,2022-01-07-12:39:30,6,3,3.107858
852,2022-01-07-12:39:33,3,2,2.933630
853,2022-01-07-12:39:34,2,0,1.790899
854,2022-01-07-12:39:36,0,4,1.517873
855,2022-01-07-12:39:38,4,2,1.789209
856,2022-01-07-12:39:40,2,1,2.024942
857,2022-01-07-12:39:42,1,3,2.536250
858,2022-01-07-12:39:44,3,1,2.213192
859,2022-01-07-12:39:46,1,5,2.019761
860,2022-01-07-12:39:48,5,2,1.625006
861,2022-01-07-12:39:51,2,3,2.928794
