"iteration,date,init_position,final_position,time"
0,2022-01-27-12:06:20,-1,1,2.50768
1,2022-01-27-12:06:22,1,7,1.67899
2,2022-01-27-12:06:23,7,1,1.68012
3,2022-01-27-12:06:25,1,5,2.13132
4,2022-01-27-12:06:27,5,0,1.99532
5,2022-01-27-12:06:28,0,1,1.05619
6,2022-01-27-12:06:30,1,7,1.75016
7,2022-01-27-12:06:32,7,1,1.73611
8,2022-01-27-12:06:34,1,5,2.09266
9,2022-01-27-12:06:37,5,3,3.16152
10,2022-01-27-12:06:41,3,1,3.52463
11,2022-01-27-12:06:43,1,6,2.68800
12,2022-01-27-12:06:46,6,0,2.84473
13,2022-01-27-12:06:47,0,1,1.09022
14,2022-01-27-12:06:48,1,0,1.07971
15,2022-01-27-12:06:50,0,2,1.74356
16,2022-01-27-12:06:53,2,3,3.06158
17,2022-01-27-12:06:57,3,7,3.79717
18,2022-01-27-12:07:01,7,3,3.98063
19,2022-01-27-12:07:04,3,0,3.34492
20,2022-01-27-12:07:06,0,2,1.72912
21,2022-01-27-12:07:09,2,7,2.54253
22,2022-01-27-12:07:12,7,0,3.06232
23,2022-01-27-12:07:13,0,4,1.53499
24,2022-01-27-12:07:15,4,3,2.05222
25,2022-01-27-12:07:17,3,5,2.25794
26,2022-01-27-12:07:19,5,2,1.63028
27,2022-01-27-12:07:21,2,5,1.53015
28,2022-01-27-12:07:23,5,3,2.43807
29,2022-01-27-12:07:25,3,5,2.38050
30,2022-01-27-12:07:28,5,7,2.54926
31,2022-01-27-12:07:31,7,4,3.13668
32,2022-01-27-12:07:32,4,1,1.33169
33,2022-01-27-12:07:34,1,0,1.05411
34,2022-01-27-12:07:35,0,7,1.92181
35,2022-01-27-12:07:39,7,3,3.80134
36,2022-01-27-12:07:43,3,1,3.56578
37,2022-01-27-12:07:45,1,7,1.71826
38,2022-01-27-12:07:46,7,4,1.91884
39,2022-01-27-12:07:48,4,5,1.79044
40,2022-01-27-12:07:51,5,7,2.58613
41,2022-01-27-12:07:54,7,2,2.75617
42,2022-01-27-12:07:56,2,7,2.62128
43,2022-01-27-12:08:00,7,1,3.32365
44,2022-01-27-12:08:02,1,6,2.63584
45,2022-01-27-12:08:05,6,0,2.89031
46,2022-01-27-12:08:07,0,5,2.18141
47,2022-01-27-12:08:10,5,7,2.58721
48,2022-01-27-12:08:12,7,6,2.56624
49,2022-01-27-12:08:16,6,4,3.49643
50,2022-01-27-12:08:17,4,1,1.31710
51,2022-01-27-12:08:19,1,4,1.31244
52,2022-01-27-12:08:20,4,0,1.53602
53,2022-01-27-12:08:22,0,7,1.93236
54,2022-01-27-12:08:24,7,4,1.99063
55,2022-01-27-12:08:26,4,5,1.75228
56,2022-01-27-12:08:28,5,1,1.99942
57,2022-01-27-12:08:29,1,0,1.05119
58,2022-01-27-12:08:31,0,2,1.71676
59,2022-01-27-12:08:33,2,3,2.64380
60,2022-01-27-12:08:35,3,6,2.02851
61,2022-01-27-12:08:39,6,7,3.32881
62,2022-01-27-12:08:42,7,1,3.25717
63,2022-01-27-12:08:44,1,3,2.33363
64,2022-01-27-12:08:46,3,1,2.27160
65,2022-01-27-12:08:48,1,5,2.07941
66,2022-01-27-12:08:51,5,7,2.58681
67,2022-01-27-12:08:54,7,1,3.33928
68,2022-01-27-12:08:57,1,6,2.73775
69,2022-01-27-12:09:01,6,2,4.06935
70,2022-01-27-12:09:05,2,0,3.99608
71,2022-01-27-12:09:08,0,6,2.83524
72,2022-01-27-12:09:12,6,2,4.12563
73,2022-01-27-12:09:17,2,1,4.56765
74,2022-01-27-12:09:19,1,3,2.29414
75,2022-01-27-12:09:21,3,1,2.32323
76,2022-01-27-12:09:24,1,3,2.32561
77,2022-01-27-12:09:26,3,4,2.05053
78,2022-01-27-12:09:30,4,2,4.09737
79,2022-01-27-12:09:34,2,0,4.03065
80,2022-01-27-12:09:35,0,4,1.52082
81,2022-01-27-12:09:37,4,2,1.88398
82,2022-01-27-12:09:40,2,6,3.08612
83,2022-01-27-12:09:43,6,4,2.82175
84,2022-01-27-12:09:45,4,5,1.77748
85,2022-01-27-12:09:47,5,7,2.55210
86,2022-01-27-12:09:51,7,0,3.04309
87,2022-01-27-12:09:52,0,1,1.12225
88,2022-01-27-12:09:54,1,3,2.22321
89,2022-01-27-12:09:56,3,4,2.06951
90,2022-01-27-12:09:58,4,5,1.78741
91,2022-01-27-12:10:01,5,2,3.68058
92,2022-01-27-12:10:06,2,7,4.38112
93,2022-01-27-12:10:08,7,0,1.93266
94,2022-01-27-12:10:11,0,6,3.45517
95,2022-01-27-12:10:15,6,1,3.71907
96,2022-01-27-12:10:17,1,7,1.65405
97,2022-01-27-12:10:19,7,0,2.01386
98,2022-01-27-12:10:21,0,7,1.97758
99,2022-01-27-12:10:23,7,6,2.63532
100,2022-01-27-12:10:26,6,7,2.55936
101,2022-01-27-12:10:28,7,4,1.92145
102,2022-01-27-12:10:29,4,1,1.32638
103,2022-01-27-12:10:31,1,7,1.65964
104,2022-01-27-12:10:33,7,3,2.27291
105,2022-01-27-12:10:35,3,0,2.36989
106,2022-01-27-12:10:37,0,4,1.49632
107,2022-01-27-12:10:39,4,3,2.05507
108,2022-01-27-12:10:41,3,1,2.24227
109,2022-01-27-12:10:42,1,0,1.05209
110,2022-01-27-12:10:44,0,4,1.52813
111,2022-01-27-12:10:46,4,3,2.06943
112,2022-01-27-12:10:48,3,1,2.29529
113,2022-01-27-12:10:50,1,3,2.33047
114,2022-01-27-12:10:53,3,5,2.36332
115,2022-01-27-12:10:56,5,3,3.12745
116,2022-01-27-12:10:59,3,2,3.03877
117,2022-01-27-12:11:01,2,1,1.96355
118,2022-01-27-12:11:04,1,3,3.44981
119,2022-01-27-12:11:08,3,0,3.27416
120,2022-01-27-12:11:09,0,5,1.85719
121,2022-01-27-12:11:11,5,4,1.81558
122,2022-01-27-12:11:13,4,0,1.55747
123,2022-01-27-12:11:15,0,2,1.72644
124,2022-01-27-12:11:17,2,3,2.62841
125,2022-01-27-12:11:20,3,0,2.35587
126,2022-01-27-12:11:22,0,7,1.99921
127,2022-01-27-12:11:26,7,6,4.00651
128,2022-01-27-12:11:29,6,4,3.49855
129,2022-01-27-12:11:31,4,5,1.74245
130,2022-01-27-12:11:33,5,1,1.93543
131,2022-01-27-12:11:34,1,4,1.32999
132,2022-01-27-12:11:36,4,5,1.79134
133,2022-01-27-12:11:38,5,0,2.12781
134,2022-01-27-12:11:39,0,4,1.51974
135,2022-01-27-12:11:41,4,7,1.92515
136,2022-01-27-12:11:44,7,5,2.69382
137,2022-01-27-12:11:47,5,7,2.58509
138,2022-01-27-12:11:50,7,1,3.49779
139,2022-01-27-12:11:52,1,2,1.99448
140,2022-01-27-12:11:54,2,4,1.78980
141,2022-01-27-12:11:56,4,7,1.88697
142,2022-01-27-12:11:58,7,2,2.59769
143,2022-01-27-12:12:01,2,7,2.55244
144,2022-01-27-12:12:04,7,6,2.56486
145,2022-01-27-12:12:07,6,4,3.50193
146,2022-01-27-12:12:09,4,5,1.78906
147,2022-01-27-12:12:11,5,7,2.58479
148,2022-01-27-12:12:14,7,6,2.58913
149,2022-01-27-12:12:17,6,2,3.32811
150,2022-01-27-12:12:21,2,6,3.26125
151,2022-01-27-12:12:24,6,1,3.64410
152,2022-01-27-12:12:26,1,2,1.98592
153,2022-01-27-12:12:29,2,7,2.59155
154,2022-01-27-12:12:33,7,6,4.14136
155,2022-01-27-12:12:36,6,2,3.27028
156,2022-01-27-12:12:38,2,4,1.81971
157,2022-01-27-12:12:41,4,6,3.25935
158,2022-01-27-12:12:44,6,5,3.13127
159,2022-01-27-12:12:47,5,7,2.58614
160,2022-01-27-12:12:50,7,5,2.85286
161,2022-01-27-12:12:53,5,6,3.06229
162,2022-01-27-12:12:57,6,4,3.67364
163,2022-01-27-12:12:58,4,2,1.79849
164,2022-01-27-12:13:01,2,3,2.57005
165,2022-01-27-12:13:03,3,4,2.13161
166,2022-01-27-12:13:07,4,6,3.46005
167,2022-01-27-12:13:10,6,2,3.09439
168,2022-01-27-12:13:11,2,0,1.72198
169,2022-01-27-12:13:13,0,5,2.02769
170,2022-01-27-12:13:17,5,2,3.80674
171,2022-01-27-12:13:22,2,3,4.41965
172,2022-01-27-12:13:24,3,0,2.45911
173,2022-01-27-12:13:28,0,6,3.55179
174,2022-01-27-12:13:31,6,2,3.13739
175,2022-01-27-12:13:34,2,6,3.06540
176,2022-01-27-12:13:37,6,4,3.09546
177,2022-01-27-12:13:41,4,2,4.16587
178,2022-01-27-12:13:44,2,7,3.04365
179,2022-01-27-12:13:47,7,3,3.29681
180,2022-01-27-12:13:52,3,2,4.26533
181,2022-01-27-12:13:55,2,7,3.26311
182,2022-01-27-12:13:58,7,6,2.58525
183,2022-01-27-12:14:01,6,5,3.30487
184,2022-01-27-12:14:03,5,1,1.92668
185,2022-01-27-12:14:06,1,6,3.64668
186,2022-01-27-12:14:10,6,4,3.15928
187,2022-01-27-12:14:13,4,6,3.24042
188,2022-01-27-12:14:16,6,2,3.19984
189,2022-01-27-12:14:19,2,6,3.12757
190,2022-01-27-12:14:22,6,3,3.22667
191,2022-01-27-12:14:25,3,5,2.98970
192,2022-01-27-12:14:29,5,6,3.13631
193,2022-01-27-12:14:31,6,7,2.62044
194,2022-01-27-12:14:34,7,6,2.63988
195,2022-01-27-12:14:37,6,1,3.62434
196,2022-01-27-12:14:39,1,4,1.28800
197,2022-01-27-12:14:41,4,5,1.84683
198,2022-01-27-12:14:42,5,0,1.89178
199,2022-01-27-12:14:45,0,3,2.38795
200,2022-01-27-12:14:47,3,6,1.95401
201,2022-01-27-12:14:50,6,7,3.32382
202,2022-01-27-12:14:53,7,0,3.07249
203,2022-01-27-12:14:55,0,4,1.51840
204,2022-01-27-12:14:58,4,6,3.48662
205,2022-01-27-12:15:01,6,5,3.26330
206,2022-01-27-12:15:03,5,2,1.51953
207,2022-01-27-12:15:05,2,0,1.78808
208,2022-01-27-12:15:07,0,7,1.99035
209,2022-01-27-12:15:11,7,6,4.00162
210,2022-01-27-12:15:14,6,5,3.20800
211,2022-01-27-12:15:16,5,2,1.58106
212,2022-01-27-12:15:19,2,6,3.20323
213,2022-01-27-12:15:22,6,5,3.13409
214,2022-01-27-12:15:25,5,4,3.42972
215,2022-01-27-12:15:29,4,2,3.31688
216,2022-01-27-12:15:30,2,4,1.78400
217,2022-01-27-12:15:32,4,0,1.52247
218,2022-01-27-12:15:34,0,5,1.93932
219,2022-01-27-12:15:38,5,2,3.63052
220,2022-01-27-12:15:42,2,1,4.14800
221,2022-01-27-12:15:44,1,2,2.02111
222,2022-01-27-12:15:47,2,3,3.13435
223,2022-01-27-12:15:50,3,6,3.16560
224,2022-01-27-12:15:53,6,0,3.45153
225,2022-01-27-12:15:55,0,1,1.08554
226,2022-01-27-12:15:57,1,2,1.99785
227,2022-01-27-12:15:59,2,1,1.96157
228,2022-01-27-12:16:00,1,5,1.92560
229,2022-01-27-12:16:02,5,0,1.95098
230,2022-01-27-12:16:04,0,4,1.52803
231,2022-01-27-12:16:06,4,5,1.73751
232,2022-01-27-12:16:09,5,6,3.13639
233,2022-01-27-12:16:12,6,4,3.46516
234,2022-01-27-12:16:14,4,2,1.83625
235,2022-01-27-12:16:17,2,7,2.59328
236,2022-01-27-12:16:19,7,5,2.62482
237,2022-01-27-12:16:22,5,3,2.22470
238,2022-01-27-12:16:24,3,4,2.12073
239,2022-01-27-12:16:26,4,7,1.90782
240,2022-01-27-12:16:27,7,1,1.67865
241,2022-01-27-12:16:29,1,2,1.98881
242,2022-01-27-12:16:32,2,3,2.80767
243,2022-01-27-12:16:34,3,1,2.32650
244,2022-01-27-12:16:37,1,6,2.65714
245,2022-01-27-12:16:40,6,0,2.78852
246,2022-01-27-12:16:42,0,7,1.91788
247,2022-01-27-12:16:44,7,4,1.93254
248,2022-01-27-12:16:46,4,3,2.16846
249,2022-01-27-12:16:49,3,7,3.26031
250,2022-01-27-12:16:52,7,4,3.33748
251,2022-01-27-12:16:54,4,7,1.85387
252,2022-01-27-12:16:57,7,5,2.65191
253,2022-01-27-12:17:00,5,7,2.65024
254,2022-01-27-12:17:03,7,3,3.25559
255,2022-01-27-12:17:05,3,2,2.66350
256,2022-01-27-12:17:09,2,6,3.20519
257,2022-01-27-12:17:12,6,4,3.53024
258,2022-01-27-12:17:14,4,2,1.88313
259,2022-01-27-12:17:16,2,5,1.52396
260,2022-01-27-12:17:18,5,3,2.24141
261,2022-01-27-12:17:20,3,1,2.32950
262,2022-01-27-12:17:24,1,6,3.63310
263,2022-01-27-12:17:28,6,3,3.73477
264,2022-01-27-12:17:31,3,7,3.30061
265,2022-01-27-12:17:34,7,4,3.23888
266,2022-01-27-12:17:37,4,7,3.17028
267,2022-01-27-12:17:40,7,2,3.03390
268,2022-01-27-12:17:45,2,1,4.19773
269,2022-01-27-12:17:46,1,4,1.29644
270,2022-01-27-12:17:49,4,6,3.45908
271,2022-01-27-12:17:52,6,5,3.20967
272,2022-01-27-12:17:54,5,0,1.92900
273,2022-01-27-12:17:57,0,3,2.46622
274,2022-01-27-12:17:59,3,0,2.38603
275,2022-01-27-12:18:01,0,2,1.72414
276,2022-01-27-12:18:04,2,7,2.58509
277,2022-01-27-12:18:06,7,2,2.60063
278,2022-01-27-12:18:08,2,5,1.51628
279,2022-01-27-12:18:10,5,4,1.83363
280,2022-01-27-12:18:11,4,1,1.32851
281,2022-01-27-12:18:13,1,5,1.94890
282,2022-01-27-12:18:15,5,0,1.94307
283,2022-01-27-12:18:16,0,1,1.04511
284,2022-01-27-12:18:17,1,4,1.28576
285,2022-01-27-12:18:18,4,1,1.31578
286,2022-01-27-12:18:20,1,7,1.68933
287,2022-01-27-12:18:22,7,3,2.24442
288,2022-01-27-12:18:25,3,5,2.44418
289,2022-01-27-12:18:27,5,7,2.56549
290,2022-01-27-12:18:30,7,0,3.06084
291,2022-01-27-12:18:32,0,7,1.94789
292,2022-01-27-12:18:35,7,0,2.15455
293,2022-01-27-12:18:36,0,4,1.52032
294,2022-01-27-12:18:38,4,5,1.78428
295,2022-01-27-12:18:40,5,7,2.56385
296,2022-01-27-12:18:43,7,2,2.53932
297,2022-01-27-12:18:45,2,7,2.52595
298,2022-01-27-12:18:48,7,5,2.59568
299,2022-01-27-12:18:51,5,3,3.07062
300,2022-01-27-12:18:55,3,1,3.45996
301,2022-01-27-12:18:57,1,2,2.02309
302,2022-01-27-12:19:00,2,6,3.03449
303,2022-01-27-12:19:04,6,2,4.17836
304,2022-01-27-12:19:08,2,5,3.73826
305,2022-01-27-12:19:10,5,0,2.12907
306,2022-01-27-12:19:11,0,1,1.06310
307,2022-01-27-12:19:13,1,5,1.93002
308,2022-01-27-12:19:15,5,7,2.59544
309,2022-01-27-12:19:19,7,2,3.33474
310,2022-01-27-12:19:23,2,0,3.93600
311,2022-01-27-12:19:24,0,1,1.04711
312,2022-01-27-12:19:26,1,2,1.96182
313,2022-01-27-12:19:27,2,4,1.79230
314,2022-01-27-12:19:29,4,2,1.91774
315,2022-01-27-12:19:31,2,5,1.52649
316,2022-01-27-12:19:34,5,6,3.09608
317,2022-01-27-12:19:37,6,5,3.13034
318,2022-01-27-12:19:40,5,4,3.24917
319,2022-01-27-12:19:44,4,2,3.33750
320,2022-01-27-12:19:47,2,6,3.18783
321,2022-01-27-12:19:50,6,2,3.10110
322,2022-01-27-12:19:53,2,6,3.20768
323,2022-01-27-12:19:57,6,3,3.91632
324,2022-01-27-12:19:59,3,5,2.18585
325,2022-01-27-12:20:01,5,3,2.21927
326,2022-01-27-12:20:04,3,5,2.31996
327,2022-01-27-12:20:05,5,2,1.53160
328,2022-01-27-12:20:07,2,4,1.75311
329,2022-01-27-12:20:09,4,5,1.72787
330,2022-01-27-12:20:10,5,2,1.53295
331,2022-01-27-12:20:12,2,4,1.76381
332,2022-01-27-12:20:14,4,3,2.10435
333,2022-01-27-12:20:16,3,4,2.13242
334,2022-01-27-12:20:18,4,5,1.74753
335,2022-01-27-12:20:20,5,1,1.92888
336,2022-01-27-12:20:23,1,6,2.83144
337,2022-01-27-12:20:26,6,0,2.89960
338,2022-01-27-12:20:29,0,6,2.87722
339,2022-01-27-12:20:31,6,1,2.68820
340,2022-01-27-12:20:33,1,5,2.22049
341,2022-01-27-12:20:37,5,2,3.65406
342,2022-01-27-12:20:40,2,7,2.95773
343,2022-01-27-12:20:43,7,1,3.31646
344,2022-01-27-12:20:44,1,0,1.07980
345,2022-01-27-12:20:46,0,5,1.88295
346,2022-01-27-12:20:49,5,1,2.16226
347,2022-01-27-12:20:51,1,2,2.03112
348,2022-01-27-12:20:53,2,7,2.63678
349,2022-01-27-12:20:56,7,5,2.62372
350,2022-01-27-12:20:58,5,4,2.18391
351,2022-01-27-12:21:00,4,5,1.81954
352,2022-01-27-12:21:02,5,0,1.91627
353,2022-01-27-12:21:05,0,6,3.45200
354,2022-01-27-12:21:08,6,2,3.15256
355,2022-01-27-12:21:12,2,6,3.22407
356,2022-01-27-12:21:16,6,3,3.92816
357,2022-01-27-12:21:19,3,7,3.29814
358,2022-01-27-12:21:22,7,0,3.06088
359,2022-01-27-12:21:24,0,7,1.96593
360,2022-01-27-12:21:26,7,0,1.92208
361,2022-01-27-12:21:27,0,4,1.55199
362,2022-01-27-12:21:29,4,3,2.12225
363,2022-01-27-12:21:33,3,7,3.25695
364,2022-01-27-12:21:35,7,5,2.62126
365,2022-01-27-12:21:38,5,7,2.52824
366,2022-01-27-12:21:41,7,3,3.33391
367,2022-01-27-12:21:43,3,1,2.26113
368,2022-01-27-12:21:45,1,5,1.93674
369,2022-01-27-12:21:48,5,7,2.57017
370,2022-01-27-12:21:51,7,5,2.69106
371,2022-01-27-12:21:52,5,2,1.62250
372,2022-01-27-12:21:54,2,4,1.78294
373,2022-01-27-12:21:56,4,5,1.78302
374,2022-01-27-12:21:57,5,2,1.62177
375,2022-01-27-12:21:59,2,5,1.53185
376,2022-01-27-12:22:01,5,1,1.99523
377,2022-01-27-12:22:02,1,0,1.12771
378,2022-01-27-12:22:05,0,3,3.32657
379,2022-01-27-12:22:08,3,5,3.04604
380,2022-01-27-12:22:10,5,1,1.96489
381,2022-01-27-12:22:13,1,3,2.23643
382,2022-01-27-12:22:15,3,5,2.47629
383,2022-01-27-12:22:17,5,2,1.59124
384,2022-01-27-12:22:19,2,4,1.78846
385,2022-01-27-12:22:21,4,3,2.08627
386,2022-01-27-12:22:23,3,1,2.73214
387,2022-01-27-12:22:25,1,5,2.02306
388,2022-01-27-12:22:27,5,1,2.10085
389,2022-01-27-12:22:31,1,6,3.56270
390,2022-01-27-12:22:34,6,5,3.19908
391,2022-01-27-12:22:37,5,6,3.09213
392,2022-01-27-12:22:40,6,3,3.13668
393,2022-01-27-12:22:44,3,5,3.09355
394,2022-01-27-12:22:45,5,2,1.65149
395,2022-01-27-12:22:47,2,5,1.53988
396,2022-01-27-12:22:49,5,0,1.95446
397,2022-01-27-12:22:50,0,2,1.72911
398,2022-01-27-12:22:52,2,4,1.78547
399,2022-01-27-12:22:54,4,7,1.88419
400,2022-01-27-12:22:57,7,5,2.86870
401,2022-01-27-12:23:00,5,7,2.58344
402,2022-01-27-12:23:02,7,6,2.63521
403,2022-01-27-12:23:06,6,7,3.94867
404,2022-01-27-12:23:08,7,4,1.86171
405,2022-01-27-12:23:10,4,3,2.10541
406,2022-01-27-12:23:13,3,1,2.55609
407,2022-01-27-12:23:16,1,6,3.66680
408,2022-01-27-12:23:20,6,4,3.49570
409,2022-01-27-12:23:21,4,1,1.31343
410,2022-01-27-12:23:23,1,5,1.98328
411,2022-01-27-12:23:26,5,4,3.24285
412,2022-01-27-12:23:30,4,1,3.77790
413,2022-01-27-12:23:32,1,5,2.01307
414,2022-01-27-12:23:34,5,4,1.82257
415,2022-01-27-12:23:36,4,2,1.77927
416,2022-01-27-12:23:39,2,3,3.02951
417,2022-01-27-12:23:43,3,7,3.89032
418,2022-01-27-12:23:44,7,1,1.73062
419,2022-01-27-12:23:46,1,4,1.32096
420,2022-01-27-12:23:49,4,6,3.44217
421,2022-01-27-12:23:52,6,7,2.61032
422,2022-01-27-12:23:55,7,3,3.26489
423,2022-01-27-12:23:57,3,6,2.01703
424,2022-01-27-12:24:00,6,0,2.87499
425,2022-01-27-12:24:03,0,3,3.44651
426,2022-01-27-12:24:07,3,6,3.18106
427,2022-01-27-12:24:10,6,5,3.19058
428,2022-01-27-12:24:12,5,3,2.21037
429,2022-01-27-12:24:16,3,4,3.84072
430,2022-01-27-12:24:18,4,3,2.12856
431,2022-01-27-12:24:21,3,4,3.52608
432,2022-01-27-12:24:23,4,7,1.91778
433,2022-01-27-12:24:25,7,1,1.68543
434,2022-01-27-12:24:29,1,6,3.64415
435,2022-01-27-12:24:31,6,7,2.59839
436,2022-01-27-12:24:35,7,4,3.33038
437,2022-01-27-12:24:39,4,2,4.16240
438,2022-01-27-12:24:43,2,3,4.24038
439,2022-01-27-12:24:47,3,4,3.83528
440,2022-01-27-12:24:51,4,0,3.66714
441,2022-01-27-12:24:52,0,7,1.92172
442,2022-01-27-12:24:55,7,2,2.64856
443,2022-01-27-12:24:57,2,4,1.80029
444,2022-01-27-12:24:58,4,1,1.32468
445,2022-01-27-12:25:00,1,5,2.03622
446,2022-01-27-12:25:02,5,0,1.89909
447,2022-01-27-12:25:04,0,2,1.83248
448,2022-01-27-12:25:07,2,3,2.79276
449,2022-01-27-12:25:09,3,2,2.55947
450,2022-01-27-12:25:12,2,3,3.05296
451,2022-01-27-12:25:16,3,1,3.52685
452,2022-01-27-12:25:18,1,3,2.35941
453,2022-01-27-12:25:20,3,6,2.02344
454,2022-01-27-12:25:23,6,5,2.74101
455,2022-01-27-12:25:26,5,7,2.57683
456,2022-01-27-12:25:29,7,3,3.35270
457,2022-01-27-12:25:31,3,6,2.01758
458,2022-01-27-12:25:34,6,7,3.42833
459,2022-01-27-12:25:38,7,4,3.10701
460,2022-01-27-12:25:39,4,5,1.79244
461,2022-01-27-12:25:41,5,4,1.78222
462,2022-01-27-12:25:43,4,3,2.08866
463,2022-01-27-12:25:45,3,6,1.99033
464,2022-01-27-12:25:48,6,1,2.66376
465,2022-01-27-12:25:49,1,0,1.12558
466,2022-01-27-12:25:51,0,7,1.92264
467,2022-01-27-12:25:53,7,4,1.88936
468,2022-01-27-12:25:55,4,5,1.77997
469,2022-01-27-12:25:57,5,7,2.59004
470,2022-01-27-12:26:00,7,5,2.74545
471,2022-01-27-12:26:04,5,4,3.59475
472,2022-01-27-12:26:08,4,7,4.04017
473,2022-01-27-12:26:09,7,4,1.92620
474,2022-01-27-12:26:12,4,3,2.09662
475,2022-01-27-12:26:14,3,1,2.63983
476,2022-01-27-12:26:18,1,6,3.58154
477,2022-01-27-12:26:22,6,7,4.04526
478,2022-01-27-12:26:24,7,2,2.56147
479,2022-01-27-12:26:26,2,4,1.78996
480,2022-01-27-12:26:28,4,5,1.82232
481,2022-01-27-12:26:30,5,4,1.84567
482,2022-01-27-12:26:32,4,2,1.84442
483,2022-01-27-12:26:34,2,7,2.60798
484,2022-01-27-12:26:38,7,4,4.00018
485,2022-01-27-12:26:42,4,5,3.51554
486,2022-01-27-12:26:44,5,3,2.41897
487,2022-01-27-12:26:47,3,5,2.42679
488,2022-01-27-12:26:49,5,1,2.03680
489,2022-01-27-12:26:50,1,4,1.34849
490,2022-01-27-12:26:52,4,5,1.79415
491,2022-01-27-12:26:55,5,2,3.62754
492,2022-01-27-12:27:00,2,1,4.13780
493,2022-01-27-12:27:01,1,0,1.16870
494,2022-01-27-12:27:02,0,1,1.07939
495,2022-01-27-12:27:04,1,3,2.24940
496,2022-01-27-12:27:06,3,4,2.10676
497,2022-01-27-12:27:08,4,5,1.79853
498,2022-01-27-12:27:10,5,3,2.19577
499,2022-01-27-12:27:12,3,6,1.99264
500,2022-01-27-12:27:15,6,0,2.92557
501,2022-01-27-12:27:17,0,2,1.86046
502,2022-01-27-12:27:19,2,0,1.72773
503,2022-01-27-12:27:20,0,4,1.51605
504,2022-01-27-12:27:22,4,3,2.09240
505,2022-01-27-12:27:25,3,2,2.58373
506,2022-01-27-12:27:27,2,0,1.71793
507,2022-01-27-12:27:28,0,1,1.11619
508,2022-01-27-12:27:30,1,3,2.36381
509,2022-01-27-12:27:32,3,4,2.12428
510,2022-01-27-12:27:34,4,0,1.54201
511,2022-01-27-12:27:37,0,6,2.93889
512,2022-01-27-12:27:40,6,0,2.82717
513,2022-01-27-12:27:41,0,1,1.07584
514,2022-01-27-12:27:43,1,3,2.44448
515,2022-01-27-12:27:46,3,2,2.64299
516,2022-01-27-12:27:48,2,4,1.85314
517,2022-01-27-12:27:49,4,5,1.79712
518,2022-01-27-12:27:53,5,4,3.45683
519,2022-01-27-12:27:56,4,6,3.32565
520,2022-01-27-12:28:00,6,3,3.69453
521,2022-01-27-12:28:02,3,5,2.23908
522,2022-01-27-12:28:04,5,3,2.23226
523,2022-01-27-12:28:07,3,1,2.43312
524,2022-01-27-12:28:08,1,0,1.10535
525,2022-01-27-12:28:09,0,1,1.04990
526,2022-01-27-12:28:11,1,3,2.26335
527,2022-01-27-12:28:14,3,2,2.59969
528,2022-01-27-12:28:16,2,4,1.76930
529,2022-01-27-12:28:17,4,5,1.78769
530,2022-01-27-12:28:20,5,7,2.62380
531,2022-01-27-12:28:23,7,1,3.52673
532,2022-01-27-12:28:25,1,7,1.66475
533,2022-01-27-12:28:27,7,0,1.92403
534,2022-01-27-12:28:29,0,7,1.90909
535,2022-01-27-12:28:32,7,2,2.56852
536,2022-01-27-12:28:35,2,6,3.11091
537,2022-01-27-12:28:37,6,4,2.68839
538,2022-01-27-12:28:41,4,6,3.46883
539,2022-01-27-12:28:45,6,7,4.00896
540,2022-01-27-12:28:47,7,2,2.58037
541,2022-01-27-12:28:49,2,1,1.94844
542,2022-01-27-12:28:51,1,7,1.68137
543,2022-01-27-12:28:55,7,4,4.10802
544,2022-01-27-12:28:58,4,7,3.32895
545,2022-01-27-12:29:02,7,1,3.29785
546,2022-01-27-12:29:05,1,6,3.61044
547,2022-01-27-12:29:09,6,1,3.66956
548,2022-01-27-12:29:11,1,2,1.92686
549,2022-01-27-12:29:14,2,7,2.54864
550,2022-01-27-12:29:17,7,3,3.24497
551,2022-01-27-12:29:19,3,2,2.60342
552,2022-01-27-12:29:21,2,0,1.72598
553,2022-01-27-12:29:24,0,3,2.72768
554,2022-01-27-12:29:28,3,2,4.23097
555,2022-01-27-12:29:32,2,5,3.70917
556,2022-01-27-12:29:33,5,2,1.59266
557,2022-01-27-12:29:36,2,7,2.52421
558,2022-01-27-12:29:39,7,4,3.10213
559,2022-01-27-12:29:41,4,0,1.54132
560,2022-01-27-12:29:42,0,4,1.51689
561,2022-01-27-12:29:44,4,5,1.78956
562,2022-01-27-12:29:46,5,3,2.39241
563,2022-01-27-12:29:49,3,5,2.35399
564,2022-01-27-12:29:51,5,7,2.64164
565,2022-01-27-12:29:54,7,5,2.69115
566,2022-01-27-12:29:56,5,0,2.03470
567,2022-01-27-12:29:58,0,5,1.94378
568,2022-01-27-12:30:00,5,4,1.96760
569,2022-01-27-12:30:02,4,7,1.93005
570,2022-01-27-12:30:04,7,0,2.02028
571,2022-01-27-12:30:06,0,5,2.12453
572,2022-01-27-12:30:08,5,0,2.13735
573,2022-01-27-12:30:09,0,1,1.07554
574,2022-01-27-12:30:13,1,6,3.56892
575,2022-01-27-12:30:16,6,2,3.21234
576,2022-01-27-12:30:20,2,7,4.50366
577,2022-01-27-12:30:25,7,6,4.09589
578,2022-01-27-12:30:28,6,5,3.25968
579,2022-01-27-12:30:32,5,2,3.72137
580,2022-01-27-12:30:36,2,0,4.07294
581,2022-01-27-12:30:38,0,7,1.96714
582,2022-01-27-12:30:40,7,6,2.63219
583,2022-01-27-12:30:43,6,7,2.59635
584,2022-01-27-12:30:45,7,4,1.93952
585,2022-01-27-12:30:47,4,2,1.82031
586,2022-01-27-12:30:48,2,5,1.51411
587,2022-01-27-12:30:50,5,3,2.27047
588,2022-01-27-12:30:53,3,1,2.30519
589,2022-01-27-12:30:54,1,0,1.08158
590,2022-01-27-12:30:56,0,3,2.72517
591,2022-01-27-12:30:59,3,1,2.29160
592,2022-01-27-12:31:01,1,2,1.98274
593,2022-01-27-12:31:03,2,7,2.55186
594,2022-01-27-12:31:06,7,4,3.04426
595,2022-01-27-12:31:10,4,6,3.47642
596,2022-01-27-12:31:13,6,1,3.58113
597,2022-01-27-12:31:15,1,4,1.33301
598,2022-01-27-12:31:17,4,7,1.92867
599,2022-01-27-12:31:21,7,6,4.06822
600,2022-01-27-12:31:23,6,7,2.62528
601,2022-01-27-12:31:26,7,5,2.72853
602,2022-01-27-12:31:28,5,2,1.54457
603,2022-01-27-12:31:29,2,0,1.72149
604,2022-01-27-12:31:31,0,2,1.72752
605,2022-01-27-12:31:34,2,6,3.09870
606,2022-01-27-12:31:38,6,4,3.82770
607,2022-01-27-12:31:41,4,6,3.23141
608,2022-01-27-12:31:44,6,2,3.13922
609,2022-01-27-12:31:49,2,1,4.27844
610,2022-01-27-12:31:50,1,7,1.65487
611,2022-01-27-12:31:54,7,4,4.15676
612,2022-01-27-12:31:58,4,0,3.74691
613,2022-01-27-12:32:00,0,5,1.92282
614,2022-01-27-12:32:03,5,6,3.10079
615,2022-01-27-12:32:07,6,1,3.69285
616,2022-01-27-12:32:09,1,2,1.99107
617,2022-01-27-12:32:10,2,5,1.51641
618,2022-01-27-12:32:12,5,2,1.54509
619,2022-01-27-12:32:15,2,7,2.59601
620,2022-01-27-12:32:18,7,2,3.09220
621,2022-01-27-12:32:21,2,7,3.04089
622,2022-01-27-12:32:24,7,1,3.44278
623,2022-01-27-12:32:26,1,3,2.23927
624,2022-01-27-12:32:30,3,7,3.30126
625,2022-01-27-12:32:32,7,5,2.67037
626,2022-01-27-12:32:35,5,6,3.12213
627,2022-01-27-12:32:38,6,7,2.66707
628,2022-01-27-12:32:41,7,5,2.61853
629,2022-01-27-12:32:43,5,4,1.83287
630,2022-01-27-12:32:46,4,6,3.51050
631,2022-01-27-12:32:49,6,4,3.30298
632,2022-01-27-12:32:53,4,7,3.24010
633,2022-01-27-12:32:55,7,6,2.62641
634,2022-01-27-12:32:59,6,0,3.45850
635,2022-01-27-12:33:01,0,2,1.78466
636,2022-01-27-12:33:03,2,7,2.64566
637,2022-01-27-12:33:06,7,0,3.10482
638,2022-01-27-12:33:08,0,4,1.52566
639,2022-01-27-12:33:10,4,5,1.80679
640,2022-01-27-12:33:12,5,7,2.63557
641,2022-01-27-12:33:15,7,5,2.75722
642,2022-01-27-12:33:17,5,4,2.13776
643,2022-01-27-12:33:21,4,6,3.54583
644,2022-01-27-12:33:24,6,5,3.16625
645,2022-01-27-12:33:26,5,1,1.99204
646,2022-01-27-12:33:28,1,5,2.01936
647,2022-01-27-12:33:30,5,0,2.18873
648,2022-01-27-12:33:32,0,2,1.72173
649,2022-01-27-12:33:34,2,7,2.66413
650,2022-01-27-12:33:36,7,1,1.68116
651,2022-01-27-12:33:38,1,3,2.30464
652,2022-01-27-12:33:41,3,4,2.12064
653,2022-01-27-12:33:42,4,1,1.31593
654,2022-01-27-12:33:44,1,3,2.39159
655,2022-01-27-12:33:47,3,2,2.72752
656,2022-01-27-12:33:49,2,5,1.53789
657,2022-01-27-12:33:51,5,6,2.69038
658,2022-01-27-12:33:55,6,4,3.69693
659,2022-01-27-12:33:58,4,6,3.34738
660,2022-01-27-12:34:01,6,3,3.23486
661,2022-01-27-12:34:04,3,5,3.02397
662,2022-01-27-12:34:06,5,0,1.93781
663,2022-01-27-12:34:09,0,3,2.42510
664,2022-01-27-12:34:11,3,2,2.62842
665,2022-01-27-12:34:14,2,7,2.58878
666,2022-01-27-12:34:17,7,3,3.24734
667,2022-01-27-12:34:20,3,5,2.29286
668,2022-01-27-12:34:22,5,7,2.59198
669,2022-01-27-12:34:25,7,6,2.59755
670,2022-01-27-12:34:28,6,5,3.15942
671,2022-01-27-12:34:31,5,6,3.21460
672,2022-01-27-12:34:35,6,4,3.54050
673,2022-01-27-12:34:37,4,3,2.08710
674,2022-01-27-12:34:39,3,2,2.59423
675,2022-01-27-12:34:41,2,4,1.78907
676,2022-01-27-12:34:45,4,6,3.44102
677,2022-01-27-12:34:48,6,1,3.73897
678,2022-01-27-12:34:51,1,3,2.25111
679,2022-01-27-12:34:55,3,2,4.39733
680,2022-01-27-12:34:59,2,3,4.28167
681,2022-01-27-12:35:02,3,0,2.52580
682,2022-01-27-12:35:03,0,4,1.51616
683,2022-01-27-12:35:07,4,6,3.49170
684,2022-01-27-12:35:11,6,7,4.02108
685,2022-01-27-12:35:13,7,2,2.58740
686,2022-01-27-12:35:15,2,1,1.98921
687,2022-01-27-12:35:17,1,5,1.98495
688,2022-01-27-12:35:21,5,6,3.09010
689,2022-01-27-12:35:24,6,1,3.64183
690,2022-01-27-12:35:25,1,0,1.08559
691,2022-01-27-12:35:27,0,5,1.93967
692,2022-01-27-12:35:30,5,3,3.03154
693,2022-01-27-12:35:32,3,4,2.15316
694,2022-01-27-12:35:36,4,7,3.16352
695,2022-01-27-12:35:39,7,1,3.26023
696,2022-01-27-12:35:41,1,2,2.03223
697,2022-01-27-12:35:43,2,0,1.73810
698,2022-01-27-12:35:45,0,5,2.01030
699,2022-01-27-12:35:46,5,0,1.89015
700,2022-01-27-12:35:50,0,6,3.50329
701,2022-01-27-12:35:54,6,4,3.91423
702,2022-01-27-12:35:56,4,2,1.91878
703,2022-01-27-12:35:59,2,6,3.13349
704,2022-01-27-12:36:03,6,0,3.74442
705,2022-01-27-12:36:04,0,4,1.54407
706,2022-01-27-12:36:08,4,6,3.45272
707,2022-01-27-12:36:11,6,5,3.44097
708,2022-01-27-12:36:13,5,0,2.02219
709,2022-01-27-12:36:15,0,2,1.73803
710,2022-01-27-12:36:16,2,5,1.52569
711,2022-01-27-12:36:18,5,1,1.99911
712,2022-01-27-12:36:20,1,7,1.72872
713,2022-01-27-12:36:22,7,4,1.95887
714,2022-01-27-12:36:24,4,7,1.89067
715,2022-01-27-12:36:27,7,5,2.64233
716,2022-01-27-12:36:29,5,1,2.03072
717,2022-01-27-12:36:31,1,3,2.33723
718,2022-01-27-12:36:34,3,0,2.53955
719,2022-01-27-12:36:36,0,3,2.52634
720,2022-01-27-12:36:39,3,7,3.29342
721,2022-01-27-12:36:43,7,3,3.29094
722,2022-01-27-12:36:45,3,5,2.33162
723,2022-01-27-12:36:47,5,2,1.54388
724,2022-01-27-12:36:48,2,5,1.51848
725,2022-01-27-12:36:52,5,2,3.73676
726,2022-01-27-12:36:55,2,7,3.04443
727,2022-01-27-12:36:58,7,3,3.23249
728,2022-01-27-12:37:01,3,2,2.69976
729,2022-01-27-12:37:04,2,3,3.04109
730,2022-01-27-12:37:07,3,0,3.31229
731,2022-01-27-12:37:09,0,2,1.78475
732,2022-01-27-12:37:10,2,5,1.53160
733,2022-01-27-12:37:13,5,3,2.39577
734,2022-01-27-12:37:15,3,1,2.53525
735,2022-01-27-12:37:18,1,6,2.62592
736,2022-01-27-12:37:21,6,7,2.64397
737,2022-01-27-12:37:23,7,3,2.18959
738,2022-01-27-12:37:25,3,0,2.40934
739,2022-01-27-12:37:28,0,3,2.40676
740,2022-01-27-12:37:30,3,6,2.02750
741,2022-01-27-12:37:32,6,5,2.78689
742,2022-01-27-12:37:34,5,1,2.02708
743,2022-01-27-12:37:36,1,0,1.09030
744,2022-01-27-12:37:38,0,7,1.99395
745,2022-01-27-12:37:40,7,0,1.98505
746,2022-01-27-12:37:41,0,4,1.53252
747,2022-01-27-12:37:42,4,1,1.35948
748,2022-01-27-12:37:45,1,3,2.45863
749,2022-01-27-12:37:47,3,6,2.03018
750,2022-01-27-12:37:50,6,7,2.79839
751,2022-01-27-12:37:52,7,0,1.92617
752,2022-01-27-12:37:53,0,2,1.71968
753,2022-01-27-12:37:55,2,0,1.82578
754,2022-01-27-12:37:57,0,7,2.01171
755,2022-01-27-12:37:59,7,0,2.09351
756,2022-01-27-12:38:01,0,2,1.72332
757,2022-01-27-12:38:04,2,6,3.08943
758,2022-01-27-12:38:06,6,3,2.03087
759,2022-01-27-12:38:09,3,1,2.49840
760,2022-01-27-12:38:10,1,0,1.09359
761,2022-01-27-12:38:11,0,1,1.07597
762,2022-01-27-12:38:13,1,2,2.02775
763,2022-01-27-12:38:16,2,6,3.07204
764,2022-01-27-12:38:18,6,3,2.03660
765,2022-01-27-12:38:20,3,4,2.08463
766,2022-01-27-12:38:22,4,2,1.90067
767,2022-01-27-12:38:25,2,3,3.14303
768,2022-01-27-12:38:29,3,7,3.90192
769,2022-01-27-12:38:31,7,0,2.06056
770,2022-01-27-12:38:33,0,5,1.92722
771,2022-01-27-12:38:35,5,2,1.63655
772,2022-01-27-12:38:37,2,3,2.61018
773,2022-01-27-12:38:39,3,5,2.23040
774,2022-01-27-12:38:41,5,2,1.84555
775,2022-01-27-12:38:44,2,3,2.76472
776,2022-01-27-12