"iteration,date,init_position,final_position,time"
0,2022-01-27-13:12:25,-1,3,2.69756
1,2022-01-27-13:12:27,3,7,2.12118
2,2022-01-27-13:12:29,7,0,1.92939
3,2022-01-27-13:12:30,0,2,1.71975
4,2022-01-27-13:12:33,2,7,2.59332
5,2022-01-27-13:12:35,7,5,2.56330
6,2022-01-27-13:12:37,5,1,1.91637
7,2022-01-27-13:12:39,1,2,1.92256
8,2022-01-27-13:12:42,2,7,2.58564
9,2022-01-27-13:12:44,7,3,2.12040
10,2022-01-27-13:12:46,3,0,2.33519
11,2022-01-27-13:12:48,0,7,1.92054
12,2022-01-27-13:12:50,7,1,1.63244
13,2022-01-27-13:12:52,1,5,1.88919
14,2022-01-27-13:12:54,5,4,1.75459
15,2022-01-27-13:12:56,4,3,2.09962
16,2022-01-27-13:12:58,3,7,2.12606
17,2022-01-27-13:12:59,7,1,1.68547
18,2022-01-27-13:13:01,1,4,1.30858
19,2022-01-27-13:13:02,4,0,1.52389
20,2022-01-27-13:13:04,0,7,1.92199
21,2022-01-27-13:13:06,7,1,1.68564
22,2022-01-27-13:13:07,1,4,1.27937
23,2022-01-27-13:13:11,4,6,3.43189
24,2022-01-27-13:13:15,6,7,3.96661
25,2022-01-27-13:13:16,7,0,1.89634
26,2022-01-27-13:13:19,0,7,2.46471
27,2022-01-27-13:13:23,7,6,4.04461
28,2022-01-27-13:13:26,6,2,3.10123
29,2022-01-27-13:13:29,2,6,3.12790
30,2022-01-27-13:13:33,6,1,3.53557
31,2022-01-27-13:13:35,1,2,1.99160
32,2022-01-27-13:13:38,2,6,3.13238
33,2022-01-27-13:13:41,6,3,3.59915
34,2022-01-27-13:13:44,3,7,2.12795
35,2022-01-27-13:13:45,7,1,1.68284
36,2022-01-27-13:13:47,1,3,2.22197
37,2022-01-27-13:13:50,3,0,2.33071
38,2022-01-27-13:13:51,0,4,1.51764
39,2022-01-27-13:13:53,4,0,1.52189
40,2022-01-27-13:13:54,0,4,1.52805
41,2022-01-27-13:13:56,4,0,1.51864
42,2022-01-27-13:13:59,0,6,3.44902
43,2022-01-27-13:14:03,6,3,3.63270
44,2022-01-27-13:14:05,3,0,2.39324
45,2022-01-27-13:14:07,0,7,1.92113
46,2022-01-27-13:14:10,7,2,2.55902
47,2022-01-27-13:14:12,2,7,2.59027
48,2022-01-27-13:14:15,7,2,2.59046
49,2022-01-27-13:14:17,2,4,1.75366
50,2022-01-27-13:14:20,4,6,3.40709
51,2022-01-27-13:14:24,6,0,3.42888
52,2022-01-27-13:14:25,0,1,1.02384
53,2022-01-27-13:14:27,1,3,2.18471
54,2022-01-27-13:14:30,3,6,3.62321
55,2022-01-27-13:14:34,6,5,3.11250
56,2022-01-27-13:14:35,5,0,1.90609
57,2022-01-27-13:14:37,0,5,1.88656
58,2022-01-27-13:14:39,5,1,1.94813
59,2022-01-27-13:14:40,1,0,1.08246
60,2022-01-27-13:14:43,0,3,2.35220
61,2022-01-27-13:14:45,3,7,2.13472
62,2022-01-27-13:14:47,7,3,2.10360
63,2022-01-27-13:14:51,3,6,3.64405
64,2022-01-27-13:14:54,6,1,3.54008
65,2022-01-27-13:14:56,1,7,1.74673
66,2022-01-27-13:14:58,7,5,2.54707
67,2022-01-27-13:15:00,5,1,1.88986
68,2022-01-27-13:15:02,1,2,1.95620
69,2022-01-27-13:15:05,2,6,3.06786
70,2022-01-27-13:15:09,6,0,3.42664
71,2022-01-27-13:15:10,0,1,1.00015
72,2022-01-27-13:15:13,1,6,3.55295
73,2022-01-27-13:15:17,6,1,3.54925
74,2022-01-27-13:15:19,1,3,2.19461
75,2022-01-27-13:15:22,3,2,2.56761
76,2022-01-27-13:15:24,2,1,1.93432
77,2022-01-27-13:15:27,1,6,3.53144
78,2022-01-27-13:15:31,6,7,3.98929
79,2022-01-27-13:15:33,7,0,1.90371
80,2022-01-27-13:15:34,0,1,1.09175
81,2022-01-27-13:15:38,1,6,3.54082
82,2022-01-27-13:15:41,6,2,3.11152
83,2022-01-27-13:15:44,2,6,3.12238
84,2022-01-27-13:15:47,6,2,3.09883
85,2022-01-27-13:15:50,2,3,2.59472
86,2022-01-27-13:15:52,3,5,2.19591
87,2022-01-27-13:15:54,5,3,2.15328
88,2022-01-27-13:15:56,3,4,2.15137
89,2022-01-27-13:15:58,4,0,1.53165
90,2022-01-27-13:16:01,0,6,3.53549
91,2022-01-27-13:16:05,6,4,3.40013
92,2022-01-27-13:16:06,4,2,1.77923
93,2022-01-27-13:16:09,2,3,2.56820
94,2022-01-27-13:16:11,3,5,2.14970
95,2022-01-27-13:16:14,5,7,2.59634
96,2022-01-27-13:16:16,7,0,1.93107
97,2022-01-27-13:16:18,0,7,1.92879
98,2022-01-27-13:16:19,7,4,1.86676
99,2022-01-27-13:16:21,4,0,1.51298
100,2022-01-27-13:16:23,0,2,1.73284
101,2022-01-27-13:16:24,2,5,1.54240
102,2022-01-27-13:16:26,5,0,1.87393
103,2022-01-27-13:16:28,0,4,1.57045
104,2022-01-27-13:16:29,4,0,1.54083
105,2022-01-27-13:16:31,0,7,1.92483
106,2022-01-27-13:16:33,7,1,1.64927
107,2022-01-27-13:16:34,1,4,1.33279
108,2022-01-27-13:16:36,4,0,1.53353
109,2022-01-27-13:16:37,0,5,1.85928
110,2022-01-27-13:16:41,5,6,3.06306
111,2022-01-27-13:16:44,6,2,3.12577
112,2022-01-27-13:16:45,2,4,1.78417
113,2022-01-27-13:16:48,4,3,2.12331
114,2022-01-27-13:16:50,3,5,2.14306
115,2022-01-27-13:16:52,5,1,1.91526
116,2022-01-27-13:16:53,1,0,1.05452
117,2022-01-27-13:16:55,0,7,1.92539
118,2022-01-27-13:16:57,7,2,2.59681
119,2022-01-27-13:16:59,2,5,1.52051
120,2022-01-27-13:17:01,5,1,1.92693
121,2022-01-27-13:17:02,1,4,1.41975
122,2022-01-27-13:17:04,4,3,2.12639
123,2022-01-27-13:17:06,3,4,2.12109
124,2022-01-27-13:17:08,4,7,1.88464
125,2022-01-27-13:17:12,7,6,4.00218
126,2022-01-27-13:17:16,6,7,3.96744
127,2022-01-27-13:17:20,7,6,4.00069
128,2022-01-27-13:17:24,6,3,3.63570
129,2022-01-27-13:17:26,3,1,2.22828
130,2022-01-27-13:17:30,1,6,3.53048
131,2022-01-27-13:17:33,6,5,3.07402
132,2022-01-27-13:17:35,5,1,1.92277
133,2022-01-27-13:17:37,1,3,2.22484
134,2022-01-27-13:17:39,3,0,2.39016
135,2022-01-27-13:17:43,0,6,3.44582
136,2022-01-27-13:17:47,6,7,3.95897
137,2022-01-27-13:17:48,7,0,1.92138
138,2022-01-27-13:17:50,0,5,1.85991
139,2022-01-27-13:17:53,5,7,2.56443
140,2022-01-27-13:17:56,7,5,2.63191
141,2022-01-27-13:17:57,5,0,1.90585
142,2022-01-27-13:17:59,0,4,1.51980
143,2022-01-27-13:18:01,4,2,1.74465
144,2022-01-27-13:18:03,2,4,1.81995
145,2022-01-27-13:18:04,4,2,1.78869
146,2022-01-27-13:18:06,2,1,1.95411
147,2022-01-27-13:18:08,1,4,1.31856
148,2022-01-27-13:18:09,4,0,1.53540
149,2022-01-27-13:18:10,0,1,1.02776
150,2022-01-27-13:18:11,1,4,1.32171
151,2022-01-27-13:18:13,4,5,1.77504
152,2022-01-27-13:18:15,5,0,1.88591
153,2022-01-27-13:18:17,0,3,2.31777
154,2022-01-27-13:18:20,3,0,2.42801
155,2022-01-27-13:18:22,0,7,1.92315
156,2022-01-27-13:18:24,7,2,2.58769
157,2022-01-27-13:18:26,2,0,1.71880
158,2022-01-27-13:18:28,0,3,2.35887
159,2022-01-27-13:18:31,3,4,2.13057
160,2022-01-27-13:18:33,4,3,2.13169
161,2022-01-27-13:18:35,3,4,2.11697
162,2022-01-27-13:18:36,4,0,1.51770
163,2022-01-27-13:18:37,0,1,1.01987
164,2022-01-27-13:18:39,1,4,1.31819
165,2022-01-27-13:18:40,4,0,1.49257
166,2022-01-27-13:18:43,0,3,2.37172
167,2022-01-27-13:18:45,3,1,2.22465
168,2022-01-27-13:18:48,1,6,3.53661
169,2022-01-27-13:18:52,6,4,3.44266
170,2022-01-27-13:18:54,4,2,1.75171
171,2022-01-27-13:18:56,2,3,2.60365
172,2022-01-27-13:18:58,3,4,2.12681
173,2022-01-27-13:19:00,4,3,2.14797
174,2022-01-27-13:19:04,3,6,3.63217
175,2022-01-27-13:19:08,6,3,3.63320
176,2022-01-27-13:19:10,3,1,2.22243
177,2022-01-27-13:19:11,1,0,1.04708
178,2022-01-27-13:19:13,0,5,1.84683
179,2022-01-27-13:19:14,5,2,1.51596
180,2022-01-27-13:19:17,2,6,3.05962
181,2022-01-27-13:19:21,6,1,3.53530
182,2022-01-27-13:19:23,1,3,2.22343
183,2022-01-27-13:19:25,3,5,2.19058
184,2022-01-27-13:19:27,5,1,1.92812
185,2022-01-27-13:19:29,1,3,2.22212
186,2022-01-27-13:19:32,3,2,2.54626
187,2022-01-27-13:19:34,2,5,1.52529
188,2022-01-27-13:19:35,5,1,1.95115
189,2022-01-27-13:19:38,1,3,2.22472
190,2022-01-27-13:19:40,3,5,2.16431
191,2022-01-27-13:19:42,5,7,2.59015
192,2022-01-27-13:19:45,7,3,2.12513
193,2022-01-27-13:19:47,3,4,2.13064
194,2022-01-27-13:19:48,4,1,1.32337
195,2022-01-27-13:19:50,1,2,1.95975
196,2022-01-27-13:19:53,2,6,3.08607
197,2022-01-27-13:19:57,6,7,4.00382
198,2022-01-27-13:19:59,7,3,2.12592
199,2022-01-27-13:20:02,3,0,2.34160
200,2022-01-27-13:20:03,0,5,1.85854
201,2022-01-27-13:20:05,5,0,1.89325
202,2022-01-27-13:20:07,0,2,1.75028
203,2022-01-27-13:20:09,2,0,1.76237
204,2022-01-27-13:20:11,0,5,1.86438
205,2022-01-27-13:20:14,5,6,3.05639
206,2022-01-27-13:20:17,6,1,3.53829
207,2022-01-27-13:20:19,1,5,1.91934
208,2022-01-27-13:20:21,5,2,1.52138
209,2022-01-27-13:20:23,2,3,2.56585
210,2022-01-27-13:20:25,3,4,2.12053
211,2022-01-27-13:20:27,4,2,1.75591
212,2022-01-27-13:20:30,2,3,2.54425
213,2022-01-27-13:20:32,3,7,2.12518
214,2022-01-27-13:20:33,7,1,1.64092
215,2022-01-27-13:20:36,1,3,2.22705
216,2022-01-27-13:20:38,3,1,2.23191
217,2022-01-27-13:20:40,1,2,2.01997
218,2022-01-27-13:20:42,2,1,1.95820
219,2022-01-27-13:20:45,1,6,3.53071
220,2022-01-27-13:20:49,6,3,3.62951
221,2022-01-27-13:20:51,3,0,2.39479
222,2022-01-27-13:20:55,0,6,3.42695
223,2022-01-27-13:20:59,6,3,3.63224
224,2022-01-27-13:21:01,3,1,2.23010
225,2022-01-27-13:21:02,1,4,1.32232
226,2022-01-27-13:21:03,4,1,1.28814
227,2022-01-27-13:21:05,1,4,1.30154
228,2022-01-27-13:21:06,4,5,1.79028
229,2022-01-27-13:21:09,5,3,2.18728
230,2022-01-27-13:21:11,3,2,2.58899
231,2022-01-27-13:21:14,2,3,2.62561
232,2022-01-27-13:21:16,3,1,2.23207
233,2022-01-27-13:21:18,1,5,1.94436
234,2022-01-27-13:21:20,5,2,1.51432
235,2022-01-27-13:21:22,2,1,1.98258
236,2022-01-27-13:21:25,1,6,3.52491
237,2022-01-27-13:21:29,6,1,3.53013
238,2022-01-27-13:21:31,1,5,1.93798
239,2022-01-27-13:21:32,5,1,1.92240
240,2022-01-27-13:21:34,1,2,1.96050
241,2022-01-27-13:21:37,2,3,2.59103
242,2022-01-27-13:21:39,3,0,2.39487
243,2022-01-27-13:21:43,0,6,3.42782
244,2022-01-27-13:21:46,6,2,3.10143
245,2022-01-27-13:21:48,2,1,1.99866
246,2022-01-27-13:21:50,1,7,1.65237
247,2022-01-27-13:21:54,7,6,4.00750
248,2022-01-27-13:21:57,6,0,3.44463
249,2022-01-27-13:21:59,0,7,1.92581
250,2022-01-27-13:22:01,7,1,1.65438
251,2022-01-27-13:22:02,1,0,1.08009
252,2022-01-27-13:22:04,0,3,2.35418
253,2022-01-27-13:22:06,3,5,2.15708
254,2022-01-27-13:22:08,5,0,1.86151
255,2022-01-27-13:22:09,0,1,1.04658
256,2022-01-27-13:22:11,1,3,2.22560
257,2022-01-27-13:22:14,3,1,2.22063
258,2022-01-27-13:22:16,1,5,1.95024
259,2022-01-27-13:22:19,5,6,3.08989
260,2022-01-27-13:22:22,6,0,3.44051
261,2022-01-27-13:22:24,0,4,1.51474
262,2022-01-27-13:22:27,4,6,3.44451
263,2022-01-27-13:22:31,6,3,3.64339
264,2022-01-27-13:22:33,3,4,2.12781
265,2022-01-27-13:22:36,4,6,3.44952
266,2022-01-27-13:22:39,6,5,3.09651
267,2022-01-27-13:22:41,5,1,1.98817
268,2022-01-27-13:22:43,1,7,1.70138
269,2022-01-27-13:22:46,7,2,2.58764
270,2022-01-27-13:22:47,2,4,1.77623
271,2022-01-27-13:22:49,4,5,1.75043
272,2022-01-27-13:22:51,5,2,1.52790
273,2022-01-27-13:22:52,2,4,1.75343
274,2022-01-27-13:22:56,4,6,3.49488
275,2022-01-27-13:22:59,6,4,3.39856
276,2022-01-27-13:23:01,4,3,2.12581
277,2022-01-27-13:23:04,3,1,2.22442
278,2022-01-27-13:23:06,1,5,1.92630
279,2022-01-27-13:23:08,5,1,1.93883
280,2022-01-27-13:23:11,1,6,3.50378
281,2022-01-27-13:23:14,6,4,3.43657
282,2022-01-27-13:23:16,4,7,1.82025
283,2022-01-27-13:23:18,7,1,1.71141
284,2022-01-27-13:23:20,1,7,1.66032
285,2022-01-27-13:23:22,7,5,2.58551
286,2022-01-27-13:23:24,5,0,1.86932
287,2022-01-27-13:23:26,0,2,1.71501
288,2022-01-27-13:23:28,2,1,1.99736
289,2022-01-27-13:23:29,1,4,1.31533
290,2022-01-27-13:23:31,4,3,2.12656
291,2022-01-27-13:23:35,3,6,3.63639
292,2022-01-27-13:23:38,6,4,3.43629
293,2022-01-27-13:23:40,4,3,2.09292
294,2022-01-27-13:23:43,3,1,2.22864
295,2022-01-27-13:23:45,1,5,1.92204
296,2022-01-27-13:23:46,5,4,1.76045
297,2022-01-27-13:23:48,4,0,1.55107
298,2022-01-27-13:23:49,0,1,1.04767
299,2022-01-27-13:23:51,1,7,1.66155
300,2022-01-27-13:23:52,7,4,1.85921
301,2022-01-27-13:23:54,4,2,1.78282
302,2022-01-27-13:23:57,2,3,2.55923
303,2022-01-27-13:23:59,3,2,2.56457
304,2022-01-27-13:24:01,2,1,1.98582
305,2022-01-27-13:24:03,1,7,1.65570
306,2022-01-27-13:24:05,7,4,1.88433
307,2022-01-27-13:24:07,4,7,1.86187
308,2022-01-27-13:24:09,7,5,2.58668
309,2022-01-27-13:24:11,5,0,1.89246
310,2022-01-27-13:24:14,0,3,2.36713
311,2022-01-27-13:24:16,3,5,2.17582
312,2022-01-27-13:24:19,5,6,3.08998
313,2022-01-27-13:24:23,6,3,3.62861
314,2022-01-27-13:24:25,3,7,2.11709
315,2022-01-27-13:24:27,7,4,1.86677
316,2022-01-27-13:24:29,4,3,2.12670
317,2022-01-27-13:24:31,3,0,2.35473
318,2022-01-27-13:24:33,0,7,1.91750
319,2022-01-27-13:24:35,7,3,2.13503
320,2022-01-27-13:24:37,3,5,2.18444
321,2022-01-27-13:24:40,5,6,3.09195
322,2022-01-27-13:24:44,6,1,3.53125
323,2022-01-27-13:24:45,1,0,1.02891
324,2022-01-27-13:24:47,0,5,1.89976
325,2022-01-27-13:24:50,5,6,3.10007
326,2022-01-27-13:24:53,6,4,3.42162
327,2022-01-27-13:24:55,4,1,1.31660
328,2022-01-27-13:24:57,1,2,1.93623
329,2022-01-27-13:24:59,2,1,1.99744
330,2022-01-27-13:25:01,1,3,2.22407
331,2022-01-27-13:25:04,3,6,3.64189
332,2022-01-27-13:25:08,6,3,3.66063
333,2022-01-27-13:25:10,3,1,2.19834
334,2022-01-27-13:25:11,1,0,1.01839
335,2022-01-27-13:25:13,0,2,1.73423
336,2022-01-27-13:25:15,2,4,1.81178
337,2022-01-27-13:25:17,4,3,2.09812
338,2022-01-27-13:25:19,3,4,2.10630
339,2022-01-27-13:25:22,4,6,3.43437
340,2022-01-27-13:25:26,6,1,3.55082
341,2022-01-27-13:25:28,1,5,1.93841
342,2022-01-27-13:25:31,5,7,2.56774
343,2022-01-27-13:25:32,7,1,1.69358
344,2022-01-27-13:25:34,1,3,2.20285
345,2022-01-27-13:25:37,3,5,2.20316
346,2022-01-27-13:25:38,5,4,1.74715
347,2022-01-27-13:25:40,4,1,1.34557
348,2022-01-27-13:25:42,1,5,1.91614
349,2022-01-27-13:25:43,5,2,1.55171
350,2022-01-27-13:25:45,2,5,1.50141
351,2022-01-27-13:25:46,5,2,1.52568
352,2022-01-27-13:25:48,2,4,1.73980
353,2022-01-27-13:25:50,4,3,2.10847
354,2022-01-27-13:25:52,3,4,2.14290
355,2022-01-27-13:25:54,4,2,1.77855
356,2022-01-27-13:25:55,2,5,1.48776
357,2022-01-27-13:25:57,5,1,1.94692
358,2022-01-27-13:25:59,1,5,1.89025
359,2022-01-27-13:26:01,5,2,1.53650
360,2022-01-27-13:26:03,2,1,1.97335
361,2022-01-27-13:26:04,1,4,1.32901
362,2022-01-27-13:26:06,4,2,1.77037
363,2022-01-27-13:26:09,2,6,3.11603
364,2022-01-27-13:26:13,6,3,3.65334
365,2022-01-27-13:26:16,3,6,3.65450
366,2022-01-27-13:26:19,6,2,3.11017
367,2022-01-27-13:26:23,2,6,3.08569
368,2022-01-27-13:26:26,6,3,3.60747
369,2022-01-27-13:26:29,3,2,2.57851
370,2022-01-27-13:26:30,2,5,1.53064
371,2022-01-27-13:26:32,5,1,1.92849
372,2022-01-27-13:26:34,1,3,2.22539
373,2022-01-27-13:26:37,3,1,2.22534
374,2022-01-27-13:26:40,1,6,3.55383
375,2022-01-27-13:26:43,6,5,3.11290
376,2022-01-27-13:26:45,5,4,1.76250
377,2022-01-27-13:26:47,4,3,2.09775
378,2022-01-27-13:26:50,3,2,2.54925
379,2022-01-27-13:26:53,2,6,3.10393
380,2022-01-27-13:26:56,6,0,3.43042
381,2022-01-27-13:26:57,0,1,1.01969
382,2022-01-27-13:26:59,1,3,2.22483
383,2022-01-27-13:27:02,3,7,2.14002
384,2022-01-27-13:27:04,7,0,1.92119
385,2022-01-27-13:27:07,0,6,3.44443
386,2022-01-27-13:27:10,6,0,3.46042
387,2022-01-27-13:27:12,0,4,1.52390
388,2022-01-27-13:27:14,4,0,1.53027
389,2022-01-27-13:27:17,0,6,3.46435
390,2022-01-27-13:27:21,6,0,3.51834
391,2022-01-27-13:27:22,0,5,1.85975
392,2022-01-27-13:27:24,5,0,1.88885
393,2022-01-27-13:27:28,0,6,3.45548
394,2022-01-27-13:27:31,6,0,3.45089
395,2022-01-27-13:27:35,0,6,3.51575
396,2022-01-27-13:27:38,6,4,3.44763
397,2022-01-27-13:27:40,4,2,1.79563
398,2022-01-27-13:27:42,2,4,1.77032
399,2022-01-27-13:27:43,4,0,1.51015
400,2022-01-27-13:27:47,0,6,3.42914
401,2022-01-27-13:27:50,6,3,3.63945
402,2022-01-27-13:27:52,3,4,2.12041
403,2022-01-27-13:27:56,4,6,3.45024
404,2022-01-27-13:27:59,6,4,3.43964
405,2022-01-27-13:28:01,4,0,1.53943
406,2022-01-27-13:28:02,0,1,1.05020
407,2022-01-27-13:28:04,1,2,2.00902
408,2022-01-27-13:28:06,2,1,1.98843
409,2022-01-27-13:28:07,1,0,1.06310
410,2022-01-27-13:28:10,0,6,3.45544
411,2022-01-27-13:28:14,6,7,4.00796
412,2022-01-27-13:28:17,7,3,2.13237
413,2022-01-27-13:28:19,3,5,2.20533
414,2022-01-27-13:28:21,5,4,1.79763
415,2022-01-27-13:28:23,4,3,2.12699
416,2022-01-27-13:28:25,3,0,2.36292
417,2022-01-27-13:28:27,0,5,1.89077
418,2022-01-27-13:28:29,5,4,1.78127
419,2022-01-27-13:28:32,4,6,3.42174
420,2022-01-27-13:28:35,6,5,3.11290
421,2022-01-27-13:28:37,5,1,1.93307
422,2022-01-27-13:28:41,1,6,3.54222
423,2022-01-27-13:28:44,6,3,3.64025
424,2022-01-27-13:28:47,3,5,2.19341
425,2022-01-27-13:28:48,5,2,1.52222
426,2022-01-27-13:28:50,2,5,1.52097
427,2022-01-27-13:28:51,5,1,1.91944
428,2022-01-27-13:28:53,1,0,1.09443
429,2022-01-27-13:28:54,0,4,1.51838
430,2022-01-27-13:28:56,4,5,1.79552
431,2022-01-27-13:28:58,5,4,1.78633
432,2022-01-27-13:28:59,4,1,1.33914
433,2022-01-27-13:29:00,1,0,1.08654
434,2022-01-27-13:29:02,0,7,1.92874
435,2022-01-27-13:29:04,7,3,2.17180
436,2022-01-27-13:29:06,3,4,2.12182
437,2022-01-27-13:29:08,4,0,1.51802
438,2022-01-27-13:29:10,0,2,1.71915
439,2022-01-27-13:29:12,2,7,2.59997
440,2022-01-27-13:29:15,7,5,2.59882
441,2022-01-27-13:29:17,5,0,1.88627
442,2022-01-27-13:29:19,0,7,1.91778
443,2022-01-27-13:29:21,7,0,1.92147
444,2022-01-27-13:29:22,0,5,1.87193
445,2022-01-27-13:29:24,5,1,1.95248
446,2022-01-27-13:29:26,1,4,1.32565
447,2022-01-27-13:29:28,4,7,1.88655
448,2022-01-27-13:29:30,7,5,2.56690
449,2022-01-27-13:29:32,5,4,1.75434
450,2022-01-27-13:29:33,4,0,1.52379
451,2022-01-27-13:29:35,0,7,1.92259
452,2022-01-27-13:29:38,7,2,2.59057
453,2022-01-27-13:29:39,2,5,1.52542
454,2022-01-27-13:29:43,5,6,3.11915
455,2022-01-27-13:29:46,6,1,3.56248
456,2022-01-27-13:29:50,1,6,3.55141
457,2022-01-27-13:29:53,6,4,3.42654
458,2022-01-27-13:29:55,4,0,1.52517
459,2022-01-27-13:29:57,0,7,1.93586
460,2022-01-27-13:29:59,7,2,2.59563
461,2022-01-27-13:30:01,2,0,1.73167
462,2022-01-27-13:30:03,0,2,1.71925
463,2022-01-27-13:30:04,2,5,1.53171
464,2022-01-27-13:30:07,5,7,2.61417
465,2022-01-27-13:30:08,7,1,1.68258
466,2022-01-27-13:30:10,1,5,1.92009
467,2022-01-27-13:30:13,5,3,2.19451
468,2022-01-27-13:30:15,3,0,2.35794
469,2022-01-27-13:30:18,0,6,3.42653
470,2022-01-27-13:30:21,6,5,3.10080
471,2022-01-27-13:30:23,5,4,1.77393
472,2022-01-27-13:30:25,4,1,1.31851
473,2022-01-27-13:30:26,1,4,1.31703
474,2022-01-27-13:30:28,4,7,1.88794
475,2022-01-27-13:30:32,7,6,3.99066
476,2022-01-27-13:30:35,6,3,3.63342
477,2022-01-27-13:30:37,3,7,2.12093
478,2022-01-27-13:30:39,7,4,1.85289
479,2022-01-27-13:30:43,4,6,3.46323
480,2022-01-27-13:30:46,6,5,3.11282
481,2022-01-27-13:30:48,5,4,1.75446
482,2022-01-27-13:30:49,4,0,1.52350
483,2022-01-27-13:30:51,0,5,1.89371
484,2022-01-27-13:30:54,5,6,3.08917
485,2022-01-27-13:30:58,6,4,3.45095
486,2022-01-27-13:31:00,4,3,2.15295
487,2022-01-27-13:31:02,3,7,2.15655
488,2022-01-27-13:31:04,7,0,1.93911
489,2022-01-27-13:31:06,0,7,1.93802
490,2022-01-27-13:31:08,7,4,1.90202
491,2022-01-27-13:31:10,4,3,2.15691
492,2022-01-27-13:31:12,3,7,2.12750
493,2022-01-27-13:31:16,7,6,4.05943
494,2022-01-27-13:31:20,6,4,3.47362
495,2022-01-27-13:31:23,4,6,3.43570
496,2022-01-27-13:31:26,6,4,3.45812
497,2022-01-27-13:31:28,4,0,1.56258
498,2022-01-27-13:31:31,0,6,3.46782
499,2022-01-27-13:31:35,6,7,4.03093
500,2022-01-27-13:31:38,7,0,2.03186
501,2022-01-27-13:31:40,0,3,2.40789
502,2022-01-27-13:31:42,3,4,2.14730
503,2022-01-27-13:31:45,4,6,3.42455
504,2022-01-27-13:31:49,6,4,3.47841
505,2022-01-27-13:31:51,4,5,1.79694
506,2022-01-27-13:31:53,5,0,1.93142
507,2022-01-27-13:31:55,0,7,1.93855
508,2022-01-27-13:31:57,7,5,2.64072
509,2022-01-27-13:32:00,5,6,3.11968
510,2022-01-27-13:32:04,6,3,3.72561
511,2022-01-27-13:32:07,3,2,2.68281
512,2022-01-27-13:32:09,2,3,2.64472
513,2022-01-27-13:32:12,3,2,2.56124
514,2022-01-27-13:32:14,2,0,1.74583
515,2022-01-27-13:32:17,0,6,3.50705
516,2022-01-27-13:32:20,6,5,3.12220
517,2022-01-27-13:32:22,5,2,1.52094
518,2022-01-27-13:32:25,2,6,3.10625
519,2022-01-27-13:32:29,6,3,3.70048
520,2022-01-27-13:32:32,3,6,3.69725
521,2022-01-27-13:32:36,6,7,3.98194
522,2022-01-27-13:32:39,7,2,2.63870
523,2022-01-27-13:32:42,2,6,3.15097
524,2022-01-27-13:32:46,6,7,4.03931
525,2022-01-27-13:32:48,7,0,1.96017
526,2022-01-27-13:32:49,0,1,1.11882
527,2022-01-27-13:32:51,1,5,1.92124
528,2022-01-27-13:32:53,5,0,1.88913
529,2022-01-27-13:32:54,0,1,1.09708
530,2022-01-27-13:32:56,1,5,1.93154
531,2022-01-27-13:32:58,5,3,2.20062
532,2022-01-27-13:33:00,3,7,2.11036
533,2022-01-27-13:33:02,7,0,1.96110
534,2022-01-27-13:33:03,0,1,1.00357
535,2022-01-27-13:33:05,1,4,1.32937
536,2022-01-27-13:33:07,4,7,1.90486
537,2022-01-27-13:33:08,7,1,1.69269
538,2022-01-27-13:33:10,1,5,1.92834
539,2022-01-27-13:33:13,5,3,2.24676
540,2022-01-27-13:33:15,3,0,2.41271
541,2022-01-27-13:33:16,0,1,1.08740
542,2022-01-27-13:33:18,1,5,1.95196
543,2022-01-27-13:33:20,5,2,1.52572
544,2022-01-27-13:33:22,2,7,2.60710
545,2022-01-27-13:33:26,7,6,4.03785
546,2022-01-27-13:33:30,6,7,4.02235
547,2022-01-27-13:33:32,7,1,1.65524
548,2022-01-27-13:33:34,1,5,1.92591
549,2022-01-27-13:33:37,5,6,3.14090
550,2022-01-27-13:33:40,6,4,3.44855
551,2022-01-27-13:33:42,4,7,1.88682
552,2022-01-27-13:33:46,7,6,4.05309
553,2022-01-27-13:33:50,6,7,4.01010
554,2022-01-27-13:33:53,7,2,2.61033
555,2022-01-27-13:33:54,2,5,1.52777
556,2022-01-27-13:33:56,5,1,1.94675
557,2022-01-27-13:33:58,1,5,1.93135
558,2022-01-27-13:34:01,5,6,3.09852
559,2022-01-27-13:34:05,6,4,3.43013
560,2022-01-27-13:34:07,4,5,1.76279
561,2022-01-27-13:34:09,5,3,2.18704
562,2022-01-27-13:34:11,3,5,2.18729
563,2022-01-27-13:34:14,5,6,3.08627
564,2022-01-27-13:34:18,6,0,3.47576
565,2022-01-27-13:34:20,0,3,2.37161
566,2022-01-27-13:34:22,3,2,2.56326
567,2022-01-27-13:34:24,2,5,1.55260
568,2022-01-27-13:34:26,5,1,1.95014
569,2022-01-27-13:34:27,1,0,1.06373
570,2022-01-27-13:34:29,0,5,1.89892
571,2022-01-27-13:34:31,5,4,1.82740
572,2022-01-27-13:34:32,4,1,1.32478
573,2022-01-27-13:34:34,1,3,2.23019
574,2022-01-27-13:34:37,3,0,2.39781
575,2022-01-27-13:34:39,0,3,2.40297
576,2022-01-27-13:34:41,3,7,2.13397
577,2022-01-27-13:34:43,7,4,1.88479
578,2022-01-27-13:34:45,4,0,1.52921
579,2022-01-27-13:34:46,0,4,1.51929
580,2022-01-27-13:34:50,4,6,3.44618
581,2022-01-27-13:34:53,6,2,3.11478
582,2022-01-27-13:34:54,2,5,1.54011
583,2022-01-27-13:34:56,5,4,1.76898
584,2022-01-27-13:34:58,4,7,1.89134
585,2022-01-27-13:35:01,7,5,2.60433
586,2022-01-27-13:35:04,5,6,3.10282
587,2022-01-27-13:35:07,6,3,3.68139
588,2022-01-27-13:35:10,3,5,2.15927
589,2022-01-27-13:35:12,5,3,2.17198
590,2022-01-27-13:35:15,3,6,3.67741
591,2022-01-27-13:35:19,6,0,3.43625
592,2022-01-27-13:35:20,0,4,1.52620
593,2022-01-27-13:35:24,4,6,3.47434
594,2022-01-27-13:35:27,6,0,3.44079
595,2022-01-27-13:35:29,0,4,1.54120
596,2022-01-27-13:35:30,4,1,1.31769
597,2022-01-27-13:35:31,1,0,1.09446
598,2022-01-27-13:35:34,0,3,2.38351
599,2022-01-27-13:35:36,3,0,2.39003
600,2022-01-27-13:35:38,0,5,1.90974
601,2022-01-27-13:35:40,5,7,2.59574
602,2022-01-27-13:35:43,7,5,2.60482
603,2022-01-27-13:35:45,5,4,1.78409
604,2022-01-27-13:35:46,4,0,1.52158
605,2022-01-27-13:35:48,0,2,1.72772
606,2022-01-27-13:35:50,2,5,1.52394
607,2022-01-27-13:35:51,5,2,1.54227
608,2022-01-27-13:35:54,2,6,3.12802
609,2022-01-27-13:35:57,6,5,3.14497
610,2022-01-27-13:35:59,5,1,1.99450
611,2022-01-27-13:36:01,1,7,1.70566
612,2022-01-27-13:36:03,7,0,1.95160
613,2022-01-27-13:36:05,0,2,1.72885
614,2022-01-27-13:36:08,2,6,3.13806
615,2022-01-27-13:36:11,6,5,3.12865
616,2022-01-27-13:36:13,5,0,1.86707
617,2022-01-27-13:36:16,0,6,3.45401
618,2022-01-27-13:36:20,6,4,3.44602
619,2022-01-27-13:36:23,4,6,3.44589
620,2022-01-27-13:36:27,6,7,4.01783
621,2022-01-27-13:36:30,7,2,2.62802
622,2022-01-27-13:36:33,2,3,2.59789
623,2022-01-27-13:36:35,3,4,2.15503
624,2022-01-27-13:36:36,4,0,1.51745
625,2022-01-27-13:36:37,0,1,1.06038
626,2022-01-27-13:36:38,1,0,1.08323
627,2022-01-27-13:36:40,0,4,1.52406
628,2022-01-27-13:36:43,4,6,3.47069
629,2022-01-27-13:36:47,6,0,3.44220
630,2022-01-27-13:36:49,0,5,1.88640
631,2022-01-27-13:36:51,5,7,2.63969
632,2022-01-27-13:36:53,7,0,1.93355
633,2022-01-27-13:36:55,0,4,1.51894
634,2022-01-27-13:36:57,4,7,1.89140
635,2022-01-27-13:36:59,7,0,1.91960
636,2022-01-27-13:37:02,0,6,3.43944
637,2022-01-27-13:37:05,6,0,3.44639
638,2022-01-27-13:37:08,0,3,2.42820
639,2022-01-27-13:37:10,3,1,2.23065
640,2022-01-27-13:37:12,1,2,2.00047
641,2022-01-27-13:37:15,2,3,2.59133
642,2022-01-27-13:37:17,3,2,2.61394
643,2022-01-27-13:37:19,2,5,1.54639
644,2022-01-27-13:37:21,5,4,1.78306
645,2022-01-27-13:37:22,4,2,1.81024
646,2022-01-27-13:37:24,2,0,1.72263
647,2022-01-27-13:37:27,0,3,2.42805
648,2022-01-27-13:37:29,3,0,2.36077
649,2022-01-27-13:37:31,0,2,1.73538
650,2022-01-27-13:37:33,2,3,2.57335
651,2022-01-27-13:37:35,3,7,2.18470
652,2022-01-27-13:37:37,7,1,1.68184
653,2022-01-27-13:37:38,1,0,1.11317
654,2022-01-27-13:37:42,0,6,3.51902
655,2022-01-27-13:37:45,6,5,3.14775
656,2022-01-27-13:37:47,5,3,2.28115
657,2022-01-27-13:37:49,3,7,2.16520
658,2022-01-27-13:37:51,7,1,1.71226
659,2022-01-27-13:37:53,1,3,2.22787
660,2022-01-27-13:37:55,3,4,2.06466
661,2022-01-27-13:37:57,4,2,1.79342
662,2022-01-27-13:37:59,2,4,1.79280
663,2022-01-27-13:38:02,4,6,3.43956
664,2022-01-27-13:38:06,6,2,3.09746
665,2022-01-27-13:38:07,2,0,1.78250
666,2022-01-27-13:38:10,0,3,2.35724
667,2022-01-27-13:38:12,3,7,2.12609
668,2022-01-27-13:38:14,7,2,2.60322
669,2022-01-27-13:38:16,2,0,1.74405
670,2022-01-27-13:38:18,0,4,1.52399
671,2022-01-27-13:38:20,4,7,1.85342
672,2022-01-27-13:38:24,7,6,4.05734
673,2022-01-27-13:38:27,6,1,3.54033
674,2022-01-27-13:38:29,1,3,2.23580
675,2022-01-27-13:38:32,3,1,2.25014
676,2022-01-27-13:38:34,1,5,1.95347
677,2022-01-27-13:38:36,5,1,1.95952
678,2022-01-27-13:38:37,1,7,1.65057
679,2022-01-27-13:38:40,7,2,2.59025
680,2022-01-27-13:38:43,2,6,3.12601
681,2022-01-27-13:38:46,6,2,3.10191
682,2022-01-27-13:38:48,2,5,1.63334
683,2022-01-27-13:38:49,5,2,1.52183
684,2022-01-27-13:38:52,2,6,3.10602
685,2022-01-27-13:38:56,6,4,3.53051
686,2022-01-27-13:38:59,4,6,3.50844
687,2022-01-27-13:39:03,6,4,3.47576
688,2022-01-27-13:39:05,4,2,1.80863
689,2022-01-27-13:39:06,2,5,1.51035
690,2022-01-27-13:39:08,5,3,2.21053
691,2022-01-27-13:39:12,3,6,3.66669
692,2022-01-27-13:39:16,6,1,3.57047
693,2022-01-27-13:39:17,1,0,1.03655
694,2022-01-27-13:39:18,0,5,1.89712
695,2022-01-27-13:39:21,5,7,2.61381
696,2022-01-27-13:39:23,7,4,1.90031
697,2022-01-27-13:39:24,4,1,1.31729
698,2022-01-27-13:39:27,1,3,2.22949
699,2022-01-27-13:39:29,3,5,2.21219
700,2022-01-27-13:39:30,5,2,1.53133
701,2022-01-27-13:39:32,2,5,1.56409
702,2022-01-27-13:39:33,5,2,1.54439
703,2022-01-27-13:39:36,2,3,2.63445
704,2022-01-27-13:39:38,3,5,2.24530
705,2022-01-27-13:39:40,5,3,2.19143
706,2022-01-27-13:39:43,3,2,2.59573
707,2022-01-27-13:39:45,2,1,1.99143
708,2022-01-27-13:39:46,1,4,1.33651
709,2022-01-27-13:39:48,4,5,1.78882
710,2022-01-27-13:39:50,5,4,1.78487
711,2022-01-27-13:39:52,4,5,1.81076
712,2022-01-27-13:39:54,5,3,2.19103
713,2022-01-27-13:39:56,3,4,2.12945
714,2022-01-27-13:39:58,4,7,1.92893
715,2022-01-27-13:40:01,7,2,2.69271
716,2022-01-27-13:40:02,2,0,1.72474
717,2022-01-27-13:40:04,0,2,1.78414
718,2022-01-27-13:40:06,2,1,1.96507
719,2022-01-27-13:40:08,1,2,1.99960
720,2022-01-27-13:40:11,2,3,2.60382
721,2022-01-27-13:40:13,3,5,2.16112
722,2022-01-27-13:40:16,5,7,2.60486
723,2022-01-27-13:40:18,7,2,2.65214
724,2022-01-27-13:40:21,2,6,3.11941
725,2022-01-27-13:40:25,6,1,3.55325
726,2022-01-27-13:40:26,1,4,1.32408
727,2022-01-27-13:40:28,4,0,1.53863
728,2022-01-27-13:40:30,0,3,2.40005
729,2022-01-27-13:40:33,3,0,2.42381
730,2022-01-27-13:40:34,0,4,1.48691
731,2022-01-27-13:40:36,4,7,1.88729
732,2022-01-27-13:40:38,7,4,1.88540
733,2022-01-27-13:40:40,4,5,1.79443
734,2022-01-27-13:40:42,5,1,1.93349
735,2022-01-27-13:40:44,1,3,2.24976
736,2022-01-27-13:40:46,3,0,2.36524
737,2022-01-27-13:40:48,0,7,1.95775
738,2022-01-27-13:40:50,7,1,1.69319
739,2022-01-27-13:40:52,1,3,2.23617
740,2022-01-27-13:40:54,3,0,2.39079
741,2022-01-27-13:40:57,0,3,2.40451
742,2022-01-27-13:40:59,3,5,2.19755
743,2022-01-27-13:41:02,5,7,2.59906
744,2022-01-27-13:41:06,7,6,4.03969
745,2022-01-27-13:41:10,6,7,4.01677
746,2022-01-27-13:41:12,7,3,2.12437
747,2022-01-27-13:41:14,3,4,2.15199
748,2022-01-27-13:41:16,4,0,1.53870
749,2022-01-27-13:41:18,0,7,2.01496
750,2022-01-27-13:41:20,7,5,2.60146
751,2022-01-27-13:41:22,5,0,1.91128
752,2022-01-27-13:41:24,0,5,1.89348
753,2022-01-27-13:41:26,5,1,1.94787
754,2022-01-27-13:41:28,1,2,2.01825
755,2022-01-27-13:41:30,2,0,1.72885
756,2022-01-27-13:41:32,0,5,1.90913
757,2022-01-27-13:41:33,5,2,1.53309
758,2022-01-27-13:41:35,2,4,1.78717
759,2022-01-27-13:41:38,4,6,3.44363
760,2022-01-27-13:41:42,6,4,3.54094
761,2022-01-27-13:41:44,4,2,1.82672
762,2022-01-27-13:41:46,2,3,2.60597
763,2022-01-27-13:41:49,3,2,2.62118
764,2022-01-27-13:41:51,2,0,1.72451
765,2022-01-27-13:41:53,0,5,1.90636
766,2022-01-27-13:41:54,5,0,1.89681
767,2022-01-27-13:41:56,0,5,1.88818
768,2022-01-27-13:41:59,5,7,2.63314
769,2022-01-27-13:42:02,7,2,2.63475
770,2022-01-27-13:42:04,2,7,2.60729
771,2022-01-27-13:42:06,7,3,2.14818
772,2022-01-27-13:42:10,3,6,3.70880
773,2022-01-27-13:42:14,6,3,3.66317
774,2022-01-27-13:42:16,3,4,2.15065
775,2022-01-27-13:42:18,4,5,1.79572
776,2022-01-27-13:42:19,5,2,1.54717
777,2022-01-27-13:42:22,2,7,2.60704
778,2022-01-27-13:42:24,7,4,1.90399
779,2022-01-27-13:42:26,4,3,2.15847
780,2022-01-27-13:42:28,3,0,2.42403
781,2022-01-27-13:42:30,0,5,1.91297
782,2022-01-27-13:42:32,5,4,1.84561
783,2022-01-27-13:42:33,4,1,1.35603
784,2022-01-27-13:42:36,1,3,2.23220
785,2022-01-27-13:42:38,3,5,2.18126
786,2022-01-27-13:42:40,5,1,1.93906
787,2022-01-27-13:42:41,1,7,1.67953
788,2022-01-27-13:42:43,7,4,1.89364
789,2022-01-27-13:42:45,4,5,1.79328
790,2022-01-27-13:42:48,5,6,3.11305
791,2022-01-27-13:42:52,6,0,3.50188
792,2022-01-27-13:42:53,0,1,1.09418
793,2022-01-27-13:42:56,1,6,3.54323
794,2022-01-27-13:43:00,6,5,3.12902
795,2022-01-27-13:43:01,5,4,1.81279
796,2022-01-27-13:43:03,4,1,1.34789
797,2022-01-27-13:43:05,1,2,2.00866
798,2022-01-27-13:43:07,2,1,1.96337
799,2022-01-27-13:43:10,1,6,3.53468
800,2022-01-27-13:43:14,6,1,3.59399
801,2022-01-27-13:43:15,1,7,1.69972
802,2022-01-27-13:43:18,7,5,2.58122
803,2022-01-27-13:43:20,5,2,1.53163
804,2022-01-27-13:43:22,2,1,2.00939
805,2022-01-27-13:43:24,1,5,1.95676
806,2022-01-27-13:43:26,5,1,1.96020
807,2022-01-27-13:43:28,1,3,2.24790
808,2022-01-27-13:43:30,3,0,2.37424
809,2022-01-27-13:43:33,0,3,2.39724
810,2022-01-27-13:43:35,3,2,2.57673
811,2022-01-27-13:43:37,2,1,2.00326
812,2022-01-27-13:43:38,1,0,1.10122
813,2022-01-27-13:43:39,0,1,1.02361
814,2022-01-27-13:43:41,1,4,1.33118
815,2022-01-27-13:43:44,4,6,3.46753
816,2022-01-27-13:43:48,6,3,3.69646
817,2022-01-27-13:43:50,3,5,2.20532
818,2022-01-27-13:43:52,5,3,2.22619
819,2022-01-27-13:43:54,3,5,2.20113
820,2022-01-27-13:43:56,5,0,1.87003
821,2022-01-27-13:43:59,0,3,2.40140
822,2022-01-27-13:44:01,3,1,2.24099
823,2022-01-27-13:44:03,1,2,2.00159
824,2022-01-27-13:44:06,2,3,2.60424
825,2022-01-27-13:44:09,3,6,3.67765
826,2022-01-27-13:44:13,6,1,3.62542
827,2022-01-27-13:44:15,1,5,1.98647
828,2022-01-27-13:44:18,5,6,3.16229
829,2022-01-27-13:44:21,6,5,3.14136
830,2022-01-27-13:44:23,5,4,1.79237
831,2022-01-27-13:44:24,4,0,1.53693
832,2022-01-27-13:44:25,0,1,1.04960
833,2022-01-27-13:44:29,1,6,3.56002
834,2022-01-27-13:44:32,6,2,3.14575
835,2022-01-27-13:44:34,2,1,1.97323
836,2022-01-27-13:44:38,1,6,3.56736
837,2022-01-27-13:44:41,6,4,3.46642
838,2022-01-27-13:44:43,4,2,1.83377
839,2022-01-27-13:44:45,2,0,1.73305
840,2022-01-27-13:44:46,0,4,1.54010
841,2022-01-27-13:44:48,4,3,2.14425
842,2022-01-27-13:44:51,3,0,2.40053
843,2022-01-27-13:44:53,0,3,2.38080
844,2022-01-27-13:44:55,3,4,2.17345
845,2022-01-27-13:44:58,4,3,2.13821
846,2022-01-27-13:45:00,3,5,2.20865
847,2022-01-27-13:45:01,5,2,1.56681
848,2022-01-27-13:45:03,2,4,1.83010
849,2022-01-27-13:45:05,4,7,1.88282
850,2022-01-27-13:45:07,7,4,1.90226
851,2022-01-27-13:45:09,4,3,2.23802
852,2022-01-27-13:45:11,3,1,2.22720
853,2022-01-27-13:45:15,1,6,3.55495
854,2022-01-27-13:45:18,6,2,3.14631
855,2022-01-27-13:45:20,2,0,1.73357
856,2022-01-27-13:45:22,0,3,2.39706
857,2022-01-27-13:45:24,3,1,2.24491
858,2022-01-27-13:45:26,1,0,1.12479
859,2022-01-27-13:45:27,0,2,1.73277
860,2022-01-27-13:45:29,2,0,1.73724
861,2022-01-27-13:45:31,0,4,1.53063
862,2022-01-27-13:45:33,4,7,1.94933
863,2022-01-27-13:45:35,7,5,2.61294
864,2022-01-27-13:45:37,5,3,2.23509
865,2022-01-27-13:45:40,3,0,2.42916
866,2022-01-27-13:45:41,0,1,1.05937
867,2022-01-27-13:45:43,1,3,2.23653
868,2022-01-27-13:45:45,3,1,2.24624
869,2022-01-27-13:45:47,1,2,2.01593
870,2022-01-27-13:45:50,2,3,2.61359
871,2022-01-27-13:45:52,3,0,2.36455
872,2022-01-27-13:45:54,0,4,1.56308
873,2022-01-27-13:45:56,4,3,2.16893
874,2022-01-27-13:46:00,3,6,3.65474
875,2022-01-27-13:46:03,6,0,3.44843
876,2022-01-27-13:46:04,0,1,1.04126
877,2022-01-27-13:46:06,1,4,1.34166
878,2022-01-27-13:46:07,4,1,1.33155
879,2022-01-27-13:46:08,1,0,1.03099
880,2022-01-27-13:46:09,0,4,1.55003
881,2022-01-27-13:46:11,4,0,1.53161
882,2022-01-27-13:46:13,0,5,1.94525
883,2022-01-27-13:46:16,5,6,3.11148
884,2022-01-27-13:46:20,6,7,4.03574
885,2022-01-27-13:46:24,7,6,4.06588
886,2022-01-27-13:46:27,6,2,3.15638
887,20