"iteration,date,init_position,final_position,time"
0,2022-01-27-17:08:25,-1,2,3.76138
1,2022-01-27-17:08:27,2,3,2.57305
2,2022-01-27-17:08:30,3,5,2.20809
3,2022-01-27-17:08:31,5,2,1.52216
4,2022-01-27-17:08:33,2,5,1.56145
5,2022-01-27-17:08:35,5,0,1.84538
6,2022-01-27-17:08:36,0,2,1.74168
7,2022-01-27-17:08:38,2,1,1.95312
8,2022-01-27-17:08:40,1,5,1.90534
9,2022-01-27-17:08:42,5,2,1.53479
10,2022-01-27-17:08:45,2,6,3.09059
11,2022-01-27-17:08:49,6,7,4.00797
12,2022-01-27-17:08:51,7,2,2.56772
13,2022-01-27-17:08:54,2,7,2.60663
14,2022-01-27-17:08:58,7,6,3.97308
15,2022-01-27-17:09:01,6,5,3.16448
16,2022-01-27-17:09:04,5,0,2.92822
17,2022-01-27-17:09:06,0,3,2.47143
18,2022-01-27-17:09:09,3,5,2.21110
19,2022-01-27-17:09:10,5,2,1.54904
20,2022-01-27-17:09:12,2,1,1.99775
21,2022-01-27-17:09:14,1,2,1.95735
22,2022-01-27-17:09:17,2,6,3.14322
23,2022-01-27-17:09:21,6,2,3.14866
24,2022-01-27-17:09:23,2,3,2.61072
25,2022-01-27-17:09:25,3,5,2.19131
26,2022-01-27-17:09:28,5,7,2.60662
27,2022-01-27-17:09:31,7,2,2.67931
28,2022-01-27-17:09:32,2,0,1.77358
29,2022-01-27-17:09:34,0,7,1.94111
30,2022-01-27-17:09:38,7,6,4.03704
31,2022-01-27-17:09:42,6,4,3.43866
32,2022-01-27-17:09:43,4,1,1.32069
33,2022-01-27-17:09:45,1,2,1.98813
34,2022-01-27-17:09:48,2,3,2.58872
35,2022-01-27-17:09:50,3,0,2.39994
36,2022-01-27-17:09:52,0,5,1.94695
37,2022-01-27-17:09:54,5,0,1.88484
38,2022-01-27-17:09:57,0,6,3.45485
39,2022-01-27-17:10:01,6,3,3.64061
40,2022-01-27-17:10:03,3,7,2.12407
41,2022-01-27-17:10:05,7,3,2.15141
42,2022-01-27-17:10:09,3,6,3.63938
43,2022-01-27-17:10:13,6,3,3.71430
44,2022-01-27-17:10:15,3,4,2.15158
45,2022-01-27-17:10:17,4,3,2.14999
46,2022-01-27-17:10:19,3,0,2.37784
47,2022-01-27-17:10:20,0,1,1.06078
48,2022-01-27-17:10:23,1,3,2.23860
49,2022-01-27-17:10:25,3,2,2.58649
50,2022-01-27-17:10:27,2,4,1.80575
51,2022-01-27-17:10:29,4,5,1.77758
52,2022-01-27-17:10:31,5,3,2.20840
53,2022-01-27-17:10:34,3,2,2.57729
54,2022-01-27-17:10:35,2,4,1.80304
55,2022-01-27-17:10:37,4,7,1.89125
56,2022-01-27-17:10:41,7,6,4.00134
57,2022-01-27-17:10:44,6,5,3.12032
58,2022-01-27-17:10:47,5,6,3.08929
59,2022-01-27-17:10:51,6,1,3.65817
60,2022-01-27-17:10:52,1,0,1.09275
61,2022-01-27-17:10:54,0,5,1.90646
62,2022-01-27-17:10:57,5,7,2.59037
63,2022-01-27-17:10:59,7,0,1.92460
64,2022-01-27-17:11:01,0,5,1.93281
65,2022-01-27-17:11:03,5,7,2.57459
66,2022-01-27-17:11:07,7,6,4.04747
67,2022-01-27-17:11:11,6,1,3.55862
68,2022-01-27-17:11:13,1,5,1.92554
69,2022-01-27-17:11:14,5,2,1.58052
70,2022-01-27-17:11:16,2,1,1.99301
71,2022-01-27-17:11:17,1,0,1.02799
72,2022-01-27-17:11:19,0,4,1.53414
73,2022-01-27-17:11:21,4,7,1.87605
74,2022-01-27-17:11:23,7,0,1.91745
75,2022-01-27-17:11:24,0,1,1.03388
76,2022-01-27-17:11:26,1,3,2.24533
77,2022-01-27-17:11:28,3,0,2.39298
78,2022-01-27-17:11:31,0,3,2.40566
79,2022-01-27-17:11:33,3,5,2.21100
80,2022-01-27-17:11:35,5,3,2.18628
81,2022-01-27-17:11:38,3,0,2.41297
82,2022-01-27-17:11:39,0,1,1.08543
83,2022-01-27-17:11:41,1,5,1.92537
84,2022-01-27-17:11:43,5,7,2.59906
85,2022-01-27-17:11:45,7,4,1.83223
86,2022-01-27-17:11:47,4,0,1.53235
87,2022-01-27-17:11:48,0,1,1.09339
88,2022-01-27-17:11:50,1,3,2.23507
89,2022-01-27-17:11:52,3,0,2.39963
90,2022-01-27-17:11:55,0,3,2.36912
91,2022-01-27-17:11:58,3,6,3.66184
92,2022-01-27-17:12:02,6,1,3.54756
93,2022-01-27-17:12:04,1,7,1.70606
94,2022-01-27-17:12:06,7,3,2.14236
95,2022-01-27-17:12:08,3,1,2.22873
96,2022-01-27-17:12:10,1,5,1.95783
97,2022-01-27-17:12:13,5,6,3.14738
98,2022-01-27-17:12:17,6,1,3.54136
99,2022-01-27-17:12:19,1,3,2.23260
100,2022-01-27-17:12:21,3,0,2.42582
101,2022-01-27-17:12:23,0,2,1.73138
102,2022-01-27-17:12:25,2,0,1.75078
103,2022-01-27-17:12:27,0,7,1.94010
104,2022-01-27-17:12:29,7,2,2.61861
105,2022-01-27-17:12:32,2,3,2.59480
106,2022-01-27-17:12:34,3,4,2.13816
107,2022-01-27-17:12:36,4,3,2.15701
108,2022-01-27-17:12:38,3,4,2.14772
109,2022-01-27-17:12:40,4,3,2.16437
110,2022-01-27-17:12:43,3,0,2.39309
111,2022-01-27-17:12:45,0,5,1.90593
112,2022-01-27-17:12:46,5,2,1.55086
113,2022-01-27-17:12:49,2,3,2.58417
114,2022-01-27-17:12:53,3,6,3.66330
115,2022-01-27-17:12:56,6,5,3.10926
116,2022-01-27-17:12:58,5,0,1.87461
117,2022-01-27-17:12:59,0,2,1.70381
118,2022-01-27-17:13:01,2,1,2.02960
119,2022-01-27-17:13:03,1,5,1.91934
120,2022-01-27-17:13:05,5,3,2.20006
121,2022-01-27-17:13:08,3,1,2.26999
122,2022-01-27-17:13:10,1,3,2.23968
123,2022-01-27-17:13:12,3,5,2.19499
124,2022-01-27-17:13:14,5,1,1.96059
125,2022-01-27-17:13:16,1,3,2.25066
126,2022-01-27-17:13:18,3,4,2.14264
127,2022-01-27-17:13:20,4,0,1.55197
128,2022-01-27-17:13:22,0,7,1.94074
129,2022-01-27-17:13:24,7,0,1.94501
130,2022-01-27-17:13:26,0,5,1.92112
131,2022-01-27-17:13:28,5,1,1.93967
132,2022-01-27-17:13:29,1,7,1.68903
133,2022-01-27-17:13:32,7,5,2.61292
134,2022-01-27-17:13:34,5,1,1.95307
135,2022-01-27-17:13:35,1,4,1.34991
136,2022-01-27-17:13:39,4,6,3.55571
137,2022-01-27-17:13:42,6,5,3.09147
138,2022-01-27-17:13:45,5,7,2.57285
139,2022-01-27-17:13:46,7,4,1.83829
140,2022-01-27-17:13:50,4,6,3.45024
141,2022-01-27-17:13:53,6,4,3.46187
142,2022-01-27-17:13:55,4,1,1.38619
143,2022-01-27-17:13:56,1,4,1.32639
144,2022-01-27-17:13:58,4,2,1.82929
145,2022-01-27-17:13:59,2,5,1.54319
146,2022-01-27-17:14:02,5,7,2.59418
147,2022-01-27-17:14:04,7,0,1.92628
148,2022-01-27-17:14:06,0,7,1.94105
149,2022-01-27-17:14:08,7,5,2.59693
150,2022-01-27-17:14:11,5,7,2.57613
151,2022-01-27-17:14:15,7,6,4.03471
152,2022-01-27-17:14:19,6,7,4.05588
153,2022-01-27-17:14:21,7,1,1.66978
154,2022-01-27-17:14:22,1,4,1.33836
155,2022-01-27-17:14:26,4,6,3.46341
156,2022-01-27-17:14:29,6,0,3.46514
157,2022-01-27-17:14:31,0,7,1.94100
158,2022-01-27-17:14:33,7,1,1.69533
159,2022-01-27-17:14:35,1,3,2.32121
160,2022-01-27-17:14:37,3,1,2.23146
161,2022-01-27-17:14:38,1,0,1.05526
162,2022-01-27-17:14:39,0,1,1.02959
163,2022-01-27-17:14:41,1,5,1.94262
164,2022-01-27-17:14:44,5,6,3.10655
165,2022-01-27-17:14:48,6,3,3.68886
166,2022-01-27-17:14:52,3,6,3.67286
167,2022-01-27-17:14:55,6,0,3.49126
168,2022-01-27-17:14:59,0,6,3.46601
169,2022-01-27-17:15:02,6,3,3.69983
170,2022-01-27-17:15:05,3,0,2.35032
171,2022-01-27-17:15:07,0,3,2.39844
172,2022-01-27-17:15:09,3,1,2.24864
173,2022-01-27-17:15:11,1,5,1.94619
174,2022-01-27-17:15:13,5,2,1.54039
175,2022-01-27-17:15:15,2,0,1.74680
176,2022-01-27-17:15:16,0,1,1.09204
177,2022-01-27-17:15:17,1,0,1.04269
178,2022-01-27-17:15:19,0,7,1.95483
179,2022-01-27-17:15:21,7,3,2.13441
180,2022-01-27-17:15:25,3,6,3.72615
181,2022-01-27-17:15:28,6,4,3.45802
182,2022-01-27-17:15:30,4,3,2.15294
183,2022-01-27-17:15:32,3,5,2.21418
184,2022-01-27-17:15:34,5,4,1.79961
185,2022-01-27-17:15:36,4,0,1.53012
186,2022-01-27-17:15:38,0,7,1.93394
187,2022-01-27-17:15:40,7,2,2.61210
188,2022-01-27-17:15:42,2,5,1.58816
189,2022-01-27-17:15:44,5,3,2.19422
190,2022-01-27-17:15:46,3,7,2.14441
191,2022-01-27-17:15:48,7,1,1.67497
192,2022-01-27-17:15:49,1,0,1.10484
193,2022-01-27-17:15:51,0,3,2.43291
194,2022-01-27-17:15:55,3,6,3.66273
195,2022-01-27-17:15:59,6,3,3.66108
196,2022-01-27-17:16:01,3,7,2.15974
197,2022-01-27-17:16:03,7,1,1.68940
198,2022-01-27-17:16:04,1,7,1.67370
199,2022-01-27-17:16:06,7,1,1.72093
200,2022-01-27-17:16:08,1,7,1.66228
201,2022-01-27-17:16:09,7,1,1.74468
202,2022-01-27-17:16:11,1,4,1.34108
203,2022-01-27-17:16:13,4,7,1.91836
204,2022-01-27-17:16:15,7,3,2.15137
205,2022-01-27-17:16:18,3,6,3.66109
206,2022-01-27-17:16:22,6,0,3.51696
207,2022-01-27-17:16:24,0,7,1.95194
208,2022-01-27-17:16:26,7,4,1.90660
209,2022-01-27-17:16:28,4,7,1.89787
210,2022-01-27-17:16:30,7,2,2.64719
211,2022-01-27-17:16:32,2,4,1.80220
212,2022-01-27-17:16:34,4,2,1.80029
213,2022-01-27-17:16:36,2,1,2.01664
214,2022-01-27-17:16:38,1,3,2.25226
215,2022-01-27-17:16:41,3,2,2.63432
216,2022-01-27-17:16:43,2,4,1.79077
217,2022-01-27-17:16:45,4,3,2.15839
218,2022-01-27-17:16:47,3,0,2.41634
219,2022-01-27-17:16:49,0,5,1.85878
220,2022-01-27-17:16:52,5,7,2.58025
221,2022-01-27-17:16:54,7,4,1.90607
222,2022-01-27-17:16:55,4,2,1.79637
223,2022-01-27-17:16:58,2,7,2.62589
224,2022-01-27-17:17:00,7,3,2.13793
225,2022-01-27-17:17:02,3,5,2.21887
226,2022-01-27-17:17:04,5,0,1.91074
227,2022-01-27-17:17:08,0,6,3.50373
228,2022-01-27-17:17:12,6,7,4.03273
229,2022-01-27-17:17:14,7,2,2.63312
230,2022-01-27-17:17:16,2,5,1.56647
231,2022-01-27-17:17:19,5,7,2.62022
232,2022-01-27-17:17:23,7,6,4.01885
233,2022-01-27-17:17:26,6,0,3.50809
234,2022-01-27-17:17:28,0,7,1.93319
235,2022-01-27-17:17:30,7,3,2.14473
236,2022-01-27-17:17:32,3,7,2.13107
237,2022-01-27-17:17:35,7,3,2.13076
238,2022-01-27-17:17:38,3,6,3.61653
239,2022-01-27-17:17:42,6,1,3.54929
240,2022-01-27-17:17:43,1,7,1.70194
241,2022-01-27-17:17:46,7,3,2.15039
242,2022-01-27-17:17:48,3,0,2.37731
243,2022-01-27-17:17:49,0,1,1.12677
244,2022-01-27-17:17:50,1,0,1.09252
245,2022-01-27-17:17:53,0,3,2.37169
246,2022-01-27-17:17:55,3,7,2.11350
247,2022-01-27-17:17:57,7,3,2.12117
248,2022-01-27-17:18:00,3,6,3.67930
249,2022-01-27-17:18:04,6,5,3.14774
250,2022-01-27-17:18:07,5,6,3.10190
251,2022-01-27-17:18:11,6,7,3.99307
252,2022-01-27-17:18:15,7,6,4.00802
253,2022-01-27-17:18:18,6,2,3.07959
254,2022-01-27-17:18:20,2,1,2.01955
255,2022-01-27-17:18:22,1,3,2.27717
256,2022-01-27-17:18:25,3,2,2.62139
257,2022-01-27-17:18:28,2,6,3.12051
258,2022-01-27-17:18:31,6,1,3.59673
259,2022-01-27-17:18:33,1,5,1.94355
260,2022-01-27-17:18:35,5,0,1.93237
261,2022-01-27-17:18:37,0,5,1.95846
262,2022-01-27-17:18:39,5,2,1.55515
263,2022-01-27-17:18:41,2,0,1.73643
264,2022-01-27-17:18:43,0,3,2.39600
265,2022-01-27-17:18:46,3,2,2.58178
266,2022-01-27-17:18:47,2,0,1.80073
267,2022-01-27-17:18:49,0,2,1.76165
268,2022-01-27-17:18:52,2,3,2.61341
269,2022-01-27-17:18:54,3,0,2.39743
270,2022-01-27-17:18:57,0,3,2.43145
271,2022-01-27-17:18:59,3,7,2.13994
272,2022-01-27-17:19:01,7,4,1.86538
273,2022-01-27-17:19:02,4,2,1.89290
274,2022-01-27-17:19:04,2,1,1.97969
275,2022-01-27-17:19:07,1,3,2.23147
276,2022-01-27-17:19:09,3,7,2.20858
277,2022-01-27-17:19:11,7,1,1.72197
278,2022-01-27-17:19:13,1,5,1.95802
279,2022-01-27-17:19:16,5,6,3.15693
280,2022-01-27-17:19:20,6,7,4.04955
281,2022-01-27-17:19:24,7,6,4.05712
282,2022-01-27-17:19:27,6,5,3.13617
283,2022-01-27-17:19:29,5,0,1.94931
284,2022-01-27-17:19:31,0,2,1.74124
285,2022-01-27-17:19:33,2,7,2.57140
286,2022-01-27-17:19:36,7,2,2.66902
287,2022-01-27-17:19:39,2,6,3.10016
288,2022-01-27-17:19:43,6,3,3.74388
289,2022-01-27-17:19:45,3,2,2.69255
290,2022-01-27-17:19:48,2,3,2.63210
291,2022-01-27-17:19:50,3,4,2.18854
292,2022-01-27-17:19:52,4,0,1.54739
293,2022-01-27-17:19:54,0,7,1.93795
294,2022-01-27-17:19:56,7,3,2.19258
295,2022-01-27-17:19:58,3,4,2.16721
296,2022-01-27-17:20:00,4,5,1.76389
297,2022-01-27-17:20:02,5,4,1.84042
298,2022-01-27-17:20:03,4,0,1.56313
299,2022-01-27-17:20:05,0,2,1.83577
300,2022-01-27-17:20:08,2,7,2.61426
301,2022-01-27-17:20:10,7,3,2.18352
302,2022-01-27-17:20:12,3,1,2.24614
303,2022-01-27-17:20:16,1,6,3.59865
304,2022-01-27-17:20:19,6,2,3.11327
305,2022-01-27-17:20:21,2,3,2.66711
306,2022-01-27-17:20:24,3,5,2.20982
307,2022-01-27-17:20:26,5,1,2.00152
308,2022-01-27-17:20:28,1,3,2.27685
309,2022-01-27-17:20:30,3,0,2.41980
310,2022-01-27-17:20:32,0,7,1.94539
311,2022-01-27-17:20:36,7,6,4.07753
312,2022-01-27-17:20:40,6,1,3.59399
313,2022-01-27-17:20:42,1,5,1.94345
314,2022-01-27-17:20:44,5,3,2.21393
315,2022-01-27-17:20:47,3,1,2.50794
316,2022-01-27-17:20:50,1,6,3.62725
317,2022-01-27-17:20:54,6,4,3.46135
318,2022-01-27-17:20:55,4,1,1.36551
319,2022-01-27-17:20:57,1,4,1.38993
320,2022-01-27-17:20:58,4,7,1.89773
321,2022-01-27-17:21:00,7,1,1.74119
322,2022-01-27-17:21:02,1,7,1.77245
323,2022-01-27-17:21:05,7,2,2.62835
324,2022-01-27-17:21:07,2,3,2.67146
325,2022-01-27-17:21:09,3,7,2.13977
326,2022-01-27-17:21:12,7,5,2.63129
327,2022-01-27-17:21:14,5,2,1.55472
328,2022-01-27-17:21:16,2,1,2.07445
329,2022-01-27-17:21:17,1,0,1.04553
330,2022-01-27-17:21:18,0,4,1.57496
331,2022-01-27-17:21:20,4,1,1.36093
332,2022-01-27-17:21:22,1,2,2.09475
333,2022-01-27-17:21:25,2,6,3.16811
334,2022-01-27-17:21:28,6,0,3.49463
335,2022-01-27-17:21:30,0,5,1.91562
336,2022-01-27-17:21:32,5,1,2.01655
337,2022-01-27-17:21:34,1,2,2.01268
338,2022-01-27-17:21:36,2,4,1.81707
339,2022-01-27-17:21:38,4,5,1.86853
340,2022-01-27-17:21:41,5,7,2.62376
341,2022-01-27-17:21:43,7,0,1.96689
342,2022-01-27-17:21:44,0,2,1.79539
343,2022-01-27-17:21:46,2,0,1.76265
344,2022-01-27-17:21:48,0,2,1.77223
345,2022-01-27-17:21:49,2,5,1.53880
346,2022-01-27-17:21:51,5,2,1.58127
347,2022-01-27-17:21:54,2,3,2.62131
348,2022-01-27-17:21:56,3,2,2.66844
349,2022-01-27-17:21:59,2,7,2.59995
350,2022-01-27-17:22:03,7,6,4.06781
351,2022-01-27-17:22:07,6,7,4.04352
352,2022-01-27-17:22:09,7,4,1.92115
353,2022-01-27-17:22:11,4,7,1.89110
354,2022-01-27-17:22:14,7,5,2.67321
355,2022-01-27-17:22:16,5,0,1.95653
356,2022-01-27-17:22:17,0,1,1.13895
357,2022-01-27-17:22:18,1,7,1.71689
358,2022-01-27-17:22:20,7,4,1.92369
359,2022-01-27-17:22:22,4,5,1.83040
360,2022-01-27-17:22:24,5,4,1.86838
361,2022-01-27-17:22:26,4,7,1.89878
362,2022-01-27-17:22:28,7,1,1.72059
363,2022-01-27-17:22:30,1,5,2.03227
364,2022-01-27-17:22:31,5,4,1.80067
365,2022-01-27-17:22:33,4,1,1.33782
366,2022-01-27-17:22:35,1,3,2.26011
367,2022-01-27-17:22:38,3,2,2.60266
368,2022-01-27-17:22:39,2,0,1.83908
369,2022-01-27-17:22:41,0,7,1.98758
370,2022-01-27-17:22:46,7,6,4.13756
371,2022-01-27-17:22:49,6,2,3.12801
372,2022-01-27-17:22:52,2,6,3.22233
373,2022-01-27-17:22:56,6,1,3.69718
374,2022-01-27-17:22:57,1,7,1.75373
375,2022-01-27-17:23:02,7,6,4.12347
376,2022-01-27-17:23:05,6,0,3.49784
377,2022-01-27-17:23:07,0,5,1.96829
378,2022-01-27-17:23:09,5,1,1.95794
379,2022-01-27-17:23:10,1,0,1.04647
380,2022-01-27-17:23:12,0,3,2.41504
381,2022-01-27-17:23:15,3,2,2.64681
382,2022-01-27-17:23:17,2,4,1.85997
383,2022-01-27-17:23:18,4,1,1.35223
384,2022-01-27-17:23:20,1,5,1.94967
385,2022-01-27-17:23:22,5,3,2.23871
386,2022-01-27-17:23:25,3,7,2.13222
387,2022-01-27-17:23:27,7,4,1.91942
388,2022-01-27-17:23:28,4,1,1.43064
389,2022-01-27-17:23:30,1,2,2.05761
390,2022-01-27-17:23:32,2,5,1.56358
391,2022-01-27-17:23:33,5,2,1.63581
392,2022-01-27-17:23:35,2,0,1.78783
393,2022-01-27-17:23:37,0,3,2.44377
394,2022-01-27-17:23:40,3,1,2.25454
395,2022-01-27-17:23:41,1,7,1.74290
396,2022-01-27-17:23:45,7,6,4.03073
397,2022-01-27-17:23:49,6,3,3.69948
398,2022-01-27-17:23:53,3,6,3.69318
399,2022-01-27-17:23:56,6,5,3.13435
400,2022-01-27-17:23:58,5,1,1.98249
401,2022-01-27-17:23:59,1,4,1.34577
402,2022-01-27-17:24:01,4,0,1.61303
403,2022-01-27-17:24:03,0,4,1.61282
404,2022-01-27-17:24:04,4,0,1.58845
405,2022-01-27-17:24:06,0,4,1.60465
406,2022-01-27-17:24:07,4,1,1.40956
407,2022-01-27-17:24:09,1,5,2.02088
408,2022-01-27-17:24:12,5,7,2.67656
409,2022-01-27-17:24:16,7,6,4.08602
410,2022-01-27-17:24:20,6,0,3.61510
411,2022-01-27-17:24:21,0,4,1.56206
412,2022-01-27-17:24:23,4,7,1.95054
413,2022-01-27-17:24:26,7,2,2.61831
414,2022-01-27-17:24:28,2,0,1.88553
415,2022-01-27-17:24:29,0,2,1.78091
416,2022-01-27-17:24:33,2,6,3.13795
417,2022-01-27-17:24:37,6,7,4.11391
418,2022-01-27-17:24:39,7,4,1.92352
419,2022-01-27-17:24:42,4,6,3.50793
420,2022-01-27-17:24:46,6,3,3.85015
421,2022-01-27-17:24:49,3,2,2.66262
422,2022-01-27-17:24:51,2,3,2.66872
423,2022-01-27-17:24:53,3,5,2.20023
424,2022-01-27-17:24:55,5,2,1.56907
425,2022-01-27-17:24:58,2,6,3.14551
426,2022-01-27-17:25:02,6,3,3.71999
427,2022-01-27-17:25:04,3,1,2.31469
428,2022-01-27-17:25:06,1,4,1.41453
429,2022-01-27-17:25:09,4,6,3.60866
430,2022-01-27-17:25:12,6,2,3.22367
431,2022-01-27-17:25:14,2,4,1.85447
432,2022-01-27-17:25:16,4,7,1.91559
433,2022-01-27-17:25:20,7,6,4.09428
434,2022-01-27-17:25:23,6,5,3.15558
435,2022-01-27-17:25:25,5,1,1.95451
436,2022-01-27-17:25:27,1,4,1.38641
437,2022-01-27-17:25:29,4,5,1.89921
438,2022-01-27-17:25:30,5,2,1.60944
439,2022-01-27-17:25:32,2,4,1.90885
440,2022-01-27-17:25:34,4,1,1.37521
441,2022-01-27-17:25:35,1,7,1.72421
442,2022-01-27-17:25:38,7,5,2.64017
443,2022-01-27-17:25:41,5,6,3.27128
444,2022-01-27-17:25:44,6,2,3.26667
445,2022-01-27-17:25:46,2,4,1.87735
446,2022-01-27-17:25:48,4,1,1.44595
447,2022-01-27-17:25:50,1,5,1.97031
448,2022-01-27-17:25:51,5,2,1.56409
449,2022-01-27-17:25:53,2,4,1.82949
450,2022-01-27-17:25:57,4,6,3.48212
451,2022-01-27-17:26:00,6,2,3.19016
452,2022-01-27-17:26:02,2,1,2.03444
453,2022-01-27-17:26:06,1,6,3.63717
454,2022-01-27-17:26:09,6,2,3.14186
455,2022-01-27-17:26:11,2,7,2.62557
456,2022-01-27-17:26:13,7,1,1.79483
457,2022-01-27-17:26:14,1,4,1.37408
458,2022-01-27-17:26:16,4,7,1.97358
459,2022-01-27-17:26:19,7,5,2.62172
460,2022-01-27-17:26:21,5,1,1.97401
461,2022-01-27-17:26:23,1,3,2.32092
462,2022-01-27-17:26:27,3,6,3.69369
463,2022-01-27-17:26:31,6,0,3.53884
464,2022-01-27-17:26:33,0,5,1.92103
465,2022-01-27-17:26:34,5,2,1.55457
466,2022-01-27-17:26:37,2,6,3.20895
467,2022-01-27-17:26:40,6,2,3.21641
468,2022-01-27-17:26:43,2,3,2.63629
469,2022-01-27-17:26:45,3,7,2.23688
470,2022-01-27-17:26:48,7,2,2.64438
471,2022-01-27-17:26:51,2,7,2.65880
472,2022-01-27-17:26:53,7,2,2.65770
473,2022-01-27-17:26:55,2,4,1.87958
474,2022-01-27-17:26:57,4,0,1.65383
475,2022-01-27-17:26:59,0,7,1.98838
476,2022-01-27-17:27:01,7,3,2.22394
477,2022-01-27-17:27:03,3,7,2.16485
478,2022-01-27-17:27:05,7,3,2.21160
479,2022-01-27-17:27:08,3,0,2.42128
480,2022-01-27-17:27:10,0,2,1.77635
481,2022-01-27-17:27:11,2,0,1.75544
482,2022-01-27-17:27:15,0,6,3.56539
483,2022-01-27-17:27:18,6,5,3.23106
484,2022-01-27-17:27:21,5,3,2.30895
485,2022-01-27-17:27:23,3,4,2.31949
486,2022-01-27-17:27:25,4,2,1.93465
487,2022-01-27-17:27:26,2,5,1.63182
488,2022-01-27-17:27:30,5,6,3.19327
489,2022-01-27-17:27:33,6,3,3.75175
490,2022-01-27-17:27:36,3,2,2.64470
491,2022-01-27-17:27:38,2,1,2.05816
492,2022-01-27-17:27:40,1,7,1.75624
493,2022-01-27-17:27:44,7,6,4.14540
494,2022-01-27-17:27:47,6,2,3.21406
495,2022-01-27-17:27:49,2,0,1.87940
496,2022-01-27-17:27:51,0,4,1.64614
497,2022-01-27-17:27:54,4,6,3.54477
498,2022-01-27-17:27:58,6,2,3.31043
499,2022-01-27-17:28:01,2,6,3.22848
500,2022-01-27-17:28:04,6,2,3.23244
501,2022-01-27-17:28:06,2,1,2.16878
502,2022-01-27-17:28:10,1,6,3.67775
503,2022-01-27-17:28:13,6,5,3.12548
504,2022-01-27-17:28:15,5,3,2.24200
505,2022-01-27-17:28:17,3,5,2.24493
506,2022-01-27-17:28:19,5,2,1.54100
507,2022-01-27-17:28:22,2,6,3.16391
508,2022-01-27-17:28:25,6,5,3.19107
509,2022-01-27-17:28:27,5,4,1.81569
510,2022-01-27-17:28:29,4,2,1.88391
511,2022-01-27-17:28:31,2,5,1.65365
512,2022-01-27-17:28:33,5,1,2.16746
513,2022-01-27-17:28:35,1,7,1.83001
514,2022-01-27-17:28:37,7,4,1.99554
515,2022-01-27-17:28:40,4,6,3.51957
516,2022-01-27-17:28:44,6,0,3.58741
517,2022-01-27-17:28:46,0,2,1.89930
518,2022-01-27-17:28:48,2,1,2.08665
519,2022-01-27-17:28:50,1,3,2.35282
520,2022-01-27-17:28:52,3,4,2.23600
521,2022-01-27-17:28:56,4,6,3.64887
522,2022-01-27-17:29:00,6,0,3.55270
523,2022-01-27-17:29:02,0,5,1.91667
524,2022-01-27-17:29:03,5,0,1.96780
525,2022-01-27-17:29:07,0,6,3.61102
526,2022-01-27-17:29:10,6,5,3.20030
527,2022-01-27-17:29:12,5,2,1.63504
528,2022-01-27-17:29:14,2,5,1.59759
529,2022-01-27-17:29:17,5,6,3.35013
530,2022-01-27-17:29:20,6,0,3.58895
531,2022-01-27-17:29:22,0,2,1.93339
532,2022-01-27-17:29:26,2,6,3.16643
533,2022-01-27-17:29:29,6,1,3.64618
534,2022-01-27-17:29:30,1,0,1.14681
535,2022-01-27-17:29:32,0,2,1.82491
536,2022-01-27-17:29:35,2,6,3.22360
537,2022-01-27-17:29:39,6,4,3.71677
538,2022-01-27-17:29:41,4,1,1.51779
539,2022-01-27-17:29:42,1,0,1.19095
540,2022-01-27-17:29:44,0,3,2.39934
541,2022-01-27-17:29:47,3,1,2.31709
542,2022-01-27-17:29:48,1,0,1.10744
543,2022-01-27-17:29:49,0,4,1.68061
544,2022-01-27-17:29:51,4,1,1.47087
545,2022-01-27-17:29:52,1,0,1.13940
546,2022-01-27-17:29:56,0,6,3.54112
547,2022-01-27-17:29:59,6,5,3.25779
548,2022-01-27-17:30:01,5,0,1.96745
549,2022-01-27-17:30:03,0,7,1.98624
550,2022-01-27-17:30:07,7,6,4.12936
551,2022-01-27-17:30:10,6,0,3.50082
552,2022-01-27-17:30:12,0,7,2.06698
553,2022-01-27-17:30:14,7,0,1.99298
554,2022-01-27-17:30:16,0,1,1.14784
555,2022-01-27-17:30:17,1,0,1.28325
556,2022-01-27-17:30:19,0,4,1.78327
557,2022-01-27-17:30:21,4,5,1.85698
558,2022-01-27-17:30:22,5,1,1.99580
559,2022-01-27-17:30:24,1,4,1.35642
560,2022-01-27-17:30:27,4,6,3.59429
561,2022-01-27-17:30:31,6,0,3.49801
562,2022-01-27-17:30:32,0,1,1.09965
563,2022-01-27-17:30:36,1,6,3.61492
564,2022-01-27-17:30:39,6,0,3.56679
565,2022-01-27-17:30:41,0,2,1.85115
566,2022-01-27-17:30:43,2,4,1.89485
567,2022-01-27-17:30:45,4,0,1.67851
568,2022-01-27-17:30:46,0,4,1.66234
569,2022-01-27-17:30:48,4,5,1.88382
570,2022-01-27-17:30:50,5,0,2.05051
571,2022-01-27-17:30:52,0,4,1.61217
572,2022-01-27-17:30:53,4,1,1.50321
573,2022-01-27-17:30:57,1,6,3.69684
574,2022-01-27-17:31:00,6,5,3.20228
575,2022-01-27-17:31:02,5,1,2.07216
576,2022-01-27-17:31:05,1,3,2.33931
577,2022-01-27-17:31:07,3,7,2.21579
578,2022-01-27-17:31:09,7,4,1.96918
579,2022-01-27-17:31:11,4,5,1.88689
580,2022-01-27-17:31:14,5,6,3.28960
581,2022-01-27-17:31:18,6,2,3.45138
582,2022-01-27-17:31:20,2,7,2.88633
583,2022-01-27-17:31:23,7,5,2.89191
584,2022-01-27-17:31:25,5,1,2.20930
585,2022-01-27-17:31:27,1,4,1.58773
586,2022-01-27-17:31:29,4,2,1.93283
587,2022-01-27-17:31:31,2,5,1.62031
588,2022-01-27-17:31:34,5,6,3.34072
589,2022-01-27-17:31:38,6,4,3.56560
590,2022-01-27-17:31:39,4,1,1.44202
591,2022-01-27-17:31:40,1,4,1.45163
592,2022-01-27-17:31:42,4,0,1.70554
593,2022-01-27-17:31:45,0,3,2.48413
594,2022-01-27-17:31:47,3,2,2.74921
595,2022-01-27-17:31:49,2,1,2.08552
596,2022-01-27-17:31:52,1,2,2.07446
597,2022-01-27-17:31:53,2,5,1.61702
598,2022-01-27-17:31:55,5,1,2.16468
599,2022-01-27-17:31:58,1,3,2.36897
600,2022-01-27-17:32:00,3,7,2.36312
601,2022-01-27-17:32:04,7,6,4.20485
602,2022-01-27-17:32:08,6,4,3.63460
603,2022-01-27-17:32:10,4,3,2.22181
604,2022-01-27-17:32:12,3,7,2.29869
605,2022-01-27-17:32:15,7,3,2.21585
606,2022-01-27-17:32:17,3,0,2.48411
607,2022-01-27-17:32:19,0,7,2.24088
608,2022-01-27-17:32:21,7,1,1.77106
609,2022-01-27-17:32:23,1,7,1.80104
610,2022-01-27-17:32:26,7,2,2.64448
611,2022-01-27-17:32:29,2,6,3.19154
612,2022-01-27-17:32:33,6,7,4.13232
613,2022-01-27-17:32:35,7,3,2.23988
614,2022-01-27-17:32:38,3,0,2.38065
615,2022-01-27-17:32:39,0,4,1.70513
616,2022-01-27-17:32:41,4,7,1.95265
617,2022-01-27-17:32:44,7,2,2.83593
618,2022-01-27-17:32:46,2,5,1.74985
619,2022-01-27-17:32:49,5,7,2.79539
620,2022-01-27-17:32:51,7,4,1.93514
621,2022-01-27-17:32:52,4,2,1.86334
622,2022-01-27-17:32:54,2,4,1.93862
623,2022-01-27-17:32:56,4,2,1.87234
624,2022-01-27-17:33:00,2,6,3.33584
625,2022-01-27-17:33:03,6,1,3.67179
626,2022-01-27-17:33:07,1,6,3.68316
627,2022-01-27-17:33:10,6,4,3.50974
628,2022-01-27-17:33:12,4,1,1.49117
629,2022-01-27-17:33:14,1,7,1.74951
630,2022-01-27-17:33:15,7,1,1.81470
631,2022-01-27-17:33:17,1,2,2.06025
632,2022-01-27-17:33:20,2,7,2.69316
633,2022-01-27-17:33:22,7,1,1.76910
634,2022-01-27-17:33:24,1,5,1.98113
635,2022-01-27-17:33:26,5,2,1.58293
636,2022-01-27-17:33:28,2,3,2.75858
637,2022-01-27-17:33:31,3,2,2.77740
638,2022-01-27-17:33:33,2,0,2.10181
639,2022-01-27-17:33:36,0,3,2.57624
640,2022-01-27-17:33:38,3,7,2.26315
641,2022-01-27-17:33:40,7,1,1.87432
642,2022-01-27-17:33:42,1,5,2.12621
643,2022-01-27-17:33:44,5,0,2.10617
644,2022-01-27-17:33:46,0,7,2.08887
645,2022-01-27-17:33:48,7,0,2.07519
646,2022-01-27-17:33:49,0,1,1.14601
647,2022-01-27-17:33:52,1,5,2.13304
648,2022-01-27-17:33:53,5,4,1.92046
649,2022-01-27-17:33:55,4,5,1.94532
650,2022-01-27-17:33:57,5,4,1.95806
651,2022-01-27-17:34:01,4,6,3.70831
652,2022-01-27-17:34:05,6,1,3.79250
653,2022-01-27-17:34:06,1,4,1.49682
654,2022-01-27-17:34:10,4,6,3.63910
655,2022-01-27-17:34:14,6,3,3.78119
656,2022-01-27-17:34:16,3,7,2.27507
657,2022-01-27-17:34:18,7,1,1.88415
658,2022-01-27-17:34:20,1,7,1.85698
659,2022-01-27-17:34:22,7,4,2.00928
660,2022-01-27-17:34:24,4,5,1.93732
661,2022-01-27-17:34:27,5,7,2.74944
662,2022-01-27-17:34:31,7,6,4.22440
663,2022-01-27-17:34:34,6,5,3.21548
664,2022-01-27-17:34:36,5,2,1.58843
665,2022-01-27-17:34:37,2,5,1.71569
666,2022-01-27-17:34:39,5,4,2.02612
667,2022-01-27-17:34:41,4,0,1.70986
668,2022-01-27-17:34:43,0,7,1.99498
669,2022-01-27-17:34:47,7,6,4.16596
670,2022-01-27-17:34:51,6,7,4.15295
671,2022-01-27-17:34:54,7,3,2.31766
672,2022-01-27-17:34:56,3,2,2.75634
673,2022-01-27-17:34:58,2,4,1.86758
674,2022-01-27-17:35:00,4,7,1.91373
675,2022-01-27-17:35:03,7,2,2.90078
676,2022-01-27-17:35:05,2,5,1.88174
677,2022-01-27-17:35:08,5,7,2.77031
678,2022-01-27-17:35:10,7,4,2.22961
679,2022-01-27-17:35:14,4,6,3.56585
680,2022-01-27-17:35:17,6,3,3.72667
681,2022-01-27-17:35:20,3,0,2.47544
682,2022-01-27-17:35:22,0,7,2.13651
683,2022-01-27-17:35:24,7,3,2.28416
684,2022-01-27-17:35:26,3,5,2.33762
685,2022-01-27-17:35:28,5,2,1.67271
686,2022-01-27-17:35:31,2,6,3.29783
687,2022-01-27-17:35:35,6,1,3.58510
688,2022-01-27-17:35:36,1,4,1.43495
689,2022-01-27-17:35:39,4,7,2.08213
690,2022-01-27-17:35:41,7,5,2.81968
691,2022-01-27-17:35:44,5,0,2.13282
692,2022-01-27-17:35:47,0,6,3.73444
693,2022-01-27-17:35:51,6,7,4.13165
694,2022-01-27-17:35:53,7,1,1.78328
695,2022-01-27-17:35:54,1,0,1.19405
696,2022-01-27-17:35:56,0,4,1.68756
697,2022-01-27-17:35:58,4,5,2.00392
698,2022-01-27-17:36:00,5,1,2.04811
699,2022-01-27-17:36:03,1,3,2.41565
700,2022-01-27-17:36:05,3,0,2.60274
701,2022-01-27-17:36:07,0,7,2.14741
702,2022-01-27-17:36:09,7,4,2.01990
703,2022-01-27-17:36:11,4,2,1.98896
704,2022-01-27-17:36:13,2,4,2.14489
705,2022-01-27-17:36:15,4,1,1.59737
706,2022-01-27-17:36:17,1,2,2.07386
707,2022-01-27-17:36:19,2,5,1.64995
708,2022-01-27-17:36:20,5,2,1.66699
709,2022-01-27-17:36:22,2,0,1.98415
710,2022-01-27-17:36:25,0,7,2.13517
711,2022-01-27-17:36:27,7,0,2.04591
712,2022-01-27-17:36:28,0,4,1.66161
713,2022-01-27-17:36:31,4,3,2.32113
714,2022-01-27-17:36:33,3,4,2.48281
715,2022-01-27-17:36:35,4,5,1.99244
716,2022-01-27-17:36:37,5,2,1.79750
717,2022-01-27-17:36:40,2,3,2.77244
718,2022-01-27-17:36:42,3,2,2.71066
719,2022-01-27-17:36:45,2,3,2.85763
720,2022-01-27-17:36:47,3,5,2.31082
721,2022-01-27-17:36:50,5,3,2.37604
722,2022-01-27-17:36:54,3,6,3.79776
723,2022-01-27-17:36:57,6,5,3.34404
724,2022-01-27-17:36:59,5,3,2.40233
725,2022-01-27-17:37:02,3,2,2.79788
726,2022-01-27-17:37:04,2,4,2.07997
727,2022-01-27-17:37:06,4,5,1.91361
728,2022-01-27-17:37:09,5,3,2.32551
729,2022-01-27-17:37:11,3,7,2.50776
730,2022-01-27-17:37:13,7,1,1.91790
731,2022-01-27-17:37:14,1,4,1.38492
732,2022-01-27-17:37:16,4,7,2.12636
733,2022-01-27-17:37:19,7,2,2.81563
734,2022-01-27-17:37:21,2,5,1.85748
735,2022-01-27-17:37:24,5,7,2.81951
736,2022-01-27-17:37:26,7,3,2.26469
737,2022-01-27-17:37:29,3,2,2.77384
738,2022-01-27-17:37:31,2,5,1.82609
739,2022-01-27-17:37:33,5,4,2.10050
740,2022-01-27-17:37:35,4,0,1.71385
741,2022-01-27-17:37:37,0,3,2.53874
742,2022-01-27-17:37:40,3,2,2.77382
743,2022-01-27-17:37:42,2,5,1.68795
744,2022-01-27-17:37:45,5,7,2.91813
745,2022-01-27-17:37:47,7,4,2.08800
746,2022-01-27-17:37:51,4,6,3.81983
747,2022-01-27-17:37:54,6,3,3.85805
748,2022-01-27-17:37:57,3,5,2.55287
749,2022-01-27-17:37:59,5,1,2.19002
750,2022-01-27-17:38:02,1,3,2.38355
751,2022-01-27-17:38:04,3,0,2.49844
752,2022-01-27-17:38:06,0,2,1.97335
753,2022-01-27-17:38:09,2,7,2.84309
754,2022-01-27-17:38:11,7,1,1.96912
755,2022-01-27-17:38:12,1,4,1.50206
756,2022-01-27-17:38:14,4,0,1.75728
757,2022-01-27-17:38:15,0,1,1.34848
758,2022-01-27-17:38:18,1,5,2.10647
759,2022-01-27-17:38:20,5,1,2.23148
760,2022-01-27-17:38:22,1,7,2.11644
761,2022-01-27-17:38:25,7,2,2.88996
762,2022-01-27-17:38:27,2,0,2.11717
763,2022-01-27-17:38:29,0,7,2.17317
764,2022-01-27-17:38:32,7,5,2.73999
765,2022-01-27-17:38:35,5,7,2.76257
766,2022-01-27-17:38:38,7,5,2.91087
767,2022-01-27-17:38:41,5,6,3.46860
768,2022-01-27-17:38:45,6,3,3.89823
769,2022-01-27-17:38:47,3,5,2.30703
770,2022-01-27-17:38:50,5,7,2.83672
771,2022-01-27-17:38:52,7,1,2.21912
772,2022-01-27-17:38:54,1,0,1.40040
773,2022-01-27-17:38:56,0,3,2.83877
774,2022-01-27-17:38:59,3,2,2.85116
775,2022-01-27-17:39:02,2,3,2.83424
776,2022-01-27-17:39:05,3,4,2.41071
777,2022-01-27-17:39:07,4,3,2.41843
778,2022-01-27-17:39:10,3,2,2.83199
779,2022-01-27-17:39:13,2,7,2.96194
780,2022-01-27-17:39:15,7,1,2.07405
781,2022-01-27-17:39:19,1,6,3.89723
782,2022-01-27-17:39:22,6,5,3.33812
783,2022-01-27-17:39:24,5,0,2.24222
784,2022-01-27-17:39:27,0,3,2.62822
785,2022-01-27-17:39:29,3,7,2.49692
786,2022-01-27-17:39:32,7,4,2.21248
787,2022-01-27-17:39:34,4,0,1.86157
788,2022-01-27-17:39:37,0,6,3.79247
789,2022-01-27-17:39:42,6,1,4.23344
790,2022-01-27-17:39:43,1,4,1.65551
791,2022-01-27-17:39:45,4,5,2.16419
792,2022-01-27-17:39:47,5,0,2.00129
793,2022-01-27-17:39:50,0,7,2.11501
794,2022-01-27-17:39:52,7,0,2.43531
795,2022-01-27-17:39:54,0,2,2.30907
796,2022-01-27-17:39:56,2,0,2.10787
797,2022-01-27-17:39:58,0,5,2.13359
798,2022-01-27-17:40:01,5,3,2.52591
799,2022-01-27-17:40:03,3,4,2.31645
800,2022-01-27-17:40:05,4,0,1.76136
801,2022-01-27-17:40:07,0,2,1.98722
802,2022-01-27-17:40:10,2,7,3.04108
803,2022-01-27-17:40:12,7,4,2.10292
804,2022-01-27-17:40:15,4,3,2.34834
805,2022-01-27-17:40:18,3,6,3.84976
806,2022-01-27-17:40:23,6,7,4.24493
807,2022-01-27-17:40:25,7,0,2.29536
808,2022-01-27-17:40:28,0,3,2.69883
809,2022-01-27-17:40:30,3,7,2.26820
810,2022-01-27-17:40:34,7,6,4.22304
811,2022-01-27-17:40:37,6,5,3.33457
812,2022-01-27-17:40:40,5,0,2.12658
813,2022-01-27-17:40:42,0,5,2.16161
814,2022-01-27-17:40:44,5,4,2.26390
815,2022-01-27-17:40:46,4,0,1.78583
816,2022-01-27-17:40:47,0,1,1.35446
817,2022-01-27-17:40:49,1,2,2.22706
818,2022-01-27-17:40:52,2,1,2.15963
819,2022-01-27-17:40:54,1,5,2.19442
820,2022-01-27-17:40:57,5,6,3.34865
821,2022-01-27-17:41:01,6,4,4.01257
822,2022-01-27-17:41:04,4,5,2.43759
823,2022-01-27-17:41:06,5,0,2.23428
824,2022-01-27-17:41:10,0,6,3.74686
825,2022-01-27-17:41:14,6,7,4.34991
826,2022-01-27-17:41:17,7,2,2.89316
827,2022-01-27-17:41:19,2,1,2.57895
828,2022-01-27-17:41:21,1,7,2.09849
829,2022-01-27-17:41:26,7,6,4.37987
830,2022-01-27-17:41:30,6,0,3.69044
831,2022-01-27-17:41:31,0,4,1.80659
832,2022-01-27-17:41:33,4,0,1.73334
833,2022-01-27-17:41:35,0,7,2.16585
834,2022-01-27-17:41:37,7,1,2.09445
835,2022-01-27-17:41:39,1,7,1.96246
836,2022-01-27-17:41:41,7,1,2.15477
837,2022-01-27-17:41:43,1,0,1.40993
838,2022-01-27-17:41:44,0,1,1.23885
839,2022-01-27-17:41:46,1,0,1.47398
840,2022-01-27-17:41:48,0,5,2.15693
841,2022-01-27-17:41:50,5,4,2.01736
842,2022-01-27-17:41:51,4,1,1.54159
843,2022-01-27-17:41:55,1,6,3.82391
844,2022-01-27-17:41:58,6,2,3.30831
845,2022-01-27-17:42:01,2,1,2.23282
846,2022-01-27-17:42:02,1,4,1.65588
847,2022-01-27-17:42:04,4,7,2.10498
848,2022-01-27-17:42:09,7,6,4.33961
849,2022-01-27-17:42:12,6,5,3.33757
850,2022-01-27-17:42:14,5,2,1.84450
851,2022-01-27-17:42:16,2,4,2.14929
852,2022-01-27-17:42:19,4,3,2.60394
853,2022-01-27-17:42:21,3,4,2.45509
854,2022-01-27-17:42:23,4,2,2.02786
855,2022-01-27-17:42:26,2,1,2.33275
856,2022-01-27-17:42:29,1,6,3.78794
857,2022-01-27-17:42:33,6,5,3.49017
858,2022-01-27-17:42:35,5,4,2.12826
859,2022-01-27-17:42:37,4,3,2.37379
860,2022-01-27-17:42:40,3,1,2.54439
861,2022-01-27-17:42:42,1,3,2.59330
862,2022-01-27-17:42:45,3,0,2.68477
863,2022-01-27-17:42:48,0,3,2.62345
864,2022-01-27-17:42:51,3,2,3.00554
865,2022-01-27-17:42:53,2,4,2.22173
866,2022-01-27-17:42:55,4,5,2.20148
867,2022-01-27-17:42:57,5,1,2.23877
868,2022-01-27-17:42:59,1,0,1.37661
869,2022-01-27-17:43:01,0,1,1.68065
870,2022-01-27-17:43:03,1,2,2.33265
871,2022-01-27-17:43:05,2,5,1.83475
872,2022-01-27-17:43:07,5,1,2.41962
873,2022-01-27-17:43:10,1,3,2.56558
874,2022-01-27-17:43:12,3,0,2.79615
875,2022-01-27-17:43:16,0,6,3.80205
876,2022-01-27-17:43:21,6,7,4.25524
877,2022-01-27-17:43:25,7,6,4.44002
878,2022-01-27-17:43:29,6,0,3.75202
879,2022-01-27-17:43:32,0,3,2.78848
880,2022-01-27-17:43:35,3,2,3.03654
881,2022-01-27-17:43:37,2,4,2.54671
882,2022-01-27-17:43:39,4,7,2.36872
883,2022-01-27-17:43:44,7,6,4.27298
884,2022-01-27-17:43:48,6,1,3.87838
885,2022-01-27-17:43:50,1,5,2.12657
886,2022-01-27-17:43:53,5,7,2.91762
887,20