"iteration,date,init_position,final_position,time"
0,2022-01-27-15:58:39,-1,3,3.29691
1,2022-01-27-15:58:43,3,7,3.32787
2,2022-01-27-15:58:46,7,0,3.09307
3,2022-01-27-15:58:48,0,2,1.68677
4,2022-01-27-15:58:50,2,7,2.59463
5,2022-01-27-15:58:53,7,5,2.69815
6,2022-01-27-15:58:55,5,1,2.15491
7,2022-01-27-15:58:57,1,2,1.94536
8,2022-01-27-15:59:00,2,7,2.59482
9,2022-01-27-15:59:02,7,3,2.22713
10,2022-01-27-15:59:04,3,0,2.39111
11,2022-01-27-15:59:06,0,7,1.91679
12,2022-01-27-15:59:08,7,1,1.65571
13,2022-01-27-15:59:10,1,5,1.92383
14,2022-01-27-15:59:12,5,4,1.82239
15,2022-01-27-15:59:14,4,3,2.10415
16,2022-01-27-15:59:16,3,7,2.14124
17,2022-01-27-15:59:17,7,1,1.71248
18,2022-01-27-15:59:19,1,4,1.32042
19,2022-01-27-15:59:20,4,0,1.49088
20,2022-01-27-15:59:22,0,7,1.92942
21,2022-01-27-15:59:24,7,1,1.65993
22,2022-01-27-15:59:25,1,4,1.29664
23,2022-01-27-15:59:29,4,6,3.45445
24,2022-01-27-15:59:31,6,7,2.62147
25,2022-01-27-15:59:34,7,0,3.09852
26,2022-01-27-15:59:36,0,7,1.99066
27,2022-01-27-15:59:39,7,6,2.56866
28,2022-01-27-15:59:43,6,2,4.09110
29,2022-01-27-15:59:46,2,6,3.10410
30,2022-01-27-15:59:50,6,1,3.54732
31,2022-01-27-15:59:52,1,2,2.00618
32,2022-01-27-15:59:55,2,6,3.17367
33,2022-01-27-15:59:59,6,3,3.75412
34,2022-01-27-16:00:01,3,7,2.12463
35,2022-01-27-16:00:02,7,1,1.70082
36,2022-01-27-16:00:06,1,3,3.67911
37,2022-01-27-16:00:09,3,0,3.30558
38,2022-01-27-16:00:11,0,4,1.52858
39,2022-01-27-16:00:12,4,0,1.52380
40,2022-01-27-16:00:14,0,4,1.51973
41,2022-01-27-16:00:15,4,0,1.51805
42,2022-01-27-16:00:18,0,6,2.76450
43,2022-01-27-16:00:20,6,3,2.03030
44,2022-01-27-16:00:23,3,0,2.36265
45,2022-01-27-16:00:25,0,7,1.92301
46,2022-01-27-16:00:27,7,2,2.56864
47,2022-01-27-16:00:30,2,7,2.56384
48,2022-01-27-16:00:32,7,2,2.59189
49,2022-01-27-16:00:34,2,4,1.79930
50,2022-01-27-16:00:38,4,6,3.44030
51,2022-01-27-16:00:41,6,0,3.42892
52,2022-01-27-16:00:42,0,1,1.04882
53,2022-01-27-16:00:44,1,3,2.36160
54,2022-01-27-16:00:46,3,6,2.04214
55,2022-01-27-16:00:49,6,5,2.80355
56,2022-01-27-16:00:51,5,0,1.95399
57,2022-01-27-16:00:53,0,5,1.94165
58,2022-01-27-16:00:55,5,1,1.92763
59,2022-01-27-16:00:56,1,0,1.08117
60,2022-01-27-16:00:59,0,3,2.44131
61,2022-01-27-16:01:02,3,7,3.25719
62,2022-01-27-16:01:05,7,3,3.21983
63,2022-01-27-16:01:07,3,6,2.03303
64,2022-01-27-16:01:10,6,1,2.80264
65,2022-01-27-16:01:12,1,7,1.66586
66,2022-01-27-16:01:14,7,5,2.68580
67,2022-01-27-16:01:16,5,1,1.96881
68,2022-01-27-16:01:18,1,2,1.94427
69,2022-01-27-16:01:21,2,6,3.10345
70,2022-01-27-16:01:24,6,0,2.87121
71,2022-01-27-16:01:25,0,1,1.05503
72,2022-01-27-16:01:28,1,6,2.66164
73,2022-01-27-16:01:30,6,1,2.63246
74,2022-01-27-16:01:34,1,3,3.42944
75,2022-01-27-16:01:37,3,2,3.09189
76,2022-01-27-16:01:39,2,1,1.96002
77,2022-01-27-16:01:42,1,6,2.97178
78,2022-01-27-16:01:45,6,7,3.29190
79,2022-01-27-16:01:48,7,0,3.06743
80,2022-01-27-16:01:49,0,1,1.04230
81,2022-01-27-16:01:52,1,6,2.71432
82,2022-01-27-16:01:56,6,2,4.22674
83,2022-01-27-16:01:59,2,6,3.11086
84,2022-01-27-16:02:03,6,2,3.12484
85,2022-01-27-16:02:06,2,3,3.14566
86,2022-01-27-16:02:09,3,5,3.09364
87,2022-01-27-16:02:11,5,3,2.29575
88,2022-01-27-16:02:13,3,4,2.04268
89,2022-01-27-16:02:15,4,0,1.50254
90,2022-01-27-16:02:17,0,6,2.79551
91,2022-01-27-16:02:21,6,4,3.69556
92,2022-01-27-16:02:23,4,2,1.82220
93,2022-01-27-16:02:27,2,3,4.33424
94,2022-01-27-16:02:30,3,5,2.34473
95,2022-01-27-16:02:32,5,7,2.56693
96,2022-01-27-16:02:35,7,0,3.07276
97,2022-01-27-16:02:37,0,7,1.93465
98,2022-01-27-16:02:39,7,4,1.92270
99,2022-01-27-16:02:41,4,0,1.56945
100,2022-01-27-16:02:42,0,2,1.72608
101,2022-01-27-16:02:44,2,5,1.51896
102,2022-01-27-16:02:46,5,0,1.92355
103,2022-01-27-16:02:47,0,4,1.51610
104,2022-01-27-16:02:49,4,0,1.48689
105,2022-01-27-16:02:51,0,7,1.91456
106,2022-01-27-16:02:52,7,1,1.63617
107,2022-01-27-16:02:54,1,4,1.32642
108,2022-01-27-16:02:55,4,0,1.51768
109,2022-01-27-16:02:57,0,5,1.94998
110,2022-01-27-16:03:00,5,6,2.66453
111,2022-01-27-16:03:04,6,2,4.32215
112,2022-01-27-16:03:06,2,4,1.82017
113,2022-01-27-16:03:08,4,3,2.08940
114,2022-01-27-16:03:11,3,5,3.06839
115,2022-01-27-16:03:13,5,1,1.92200
116,2022-01-27-16:03:14,1,0,1.05124
117,2022-01-27-16:03:16,0,7,1.90411
118,2022-01-27-16:03:19,7,2,2.58752
119,2022-01-27-16:03:20,2,5,1.49608
120,2022-01-27-16:03:22,5,1,1.98831
121,2022-01-27-16:03:23,1,4,1.28328
122,2022-01-27-16:03:25,4,3,2.03244
123,2022-01-27-16:03:27,3,4,2.05669
124,2022-01-27-16:03:29,4,7,1.88981
125,2022-01-27-16:03:33,7,6,3.98720
126,2022-01-27-16:03:36,6,7,2.62170
127,2022-01-27-16:03:38,7,6,2.54589
128,2022-01-27-16:03:42,6,3,3.66318
129,2022-01-27-16:03:45,3,1,2.42372
130,2022-01-27-16:03:47,1,6,2.63752
131,2022-01-27-16:03:50,6,5,3.00124
132,2022-01-27-16:03:52,5,1,2.16324
133,2022-01-27-16:03:55,1,3,2.23950
134,2022-01-27-16:03:57,3,0,2.36635
135,2022-01-27-16:04:00,0,6,3.48504
136,2022-01-27-16:04:04,6,7,4.00917
137,2022-01-27-16:04:06,7,0,1.92342
138,2022-01-27-16:04:08,0,5,1.94405
139,2022-01-27-16:04:11,5,7,2.56244
140,2022-01-27-16:04:14,7,5,2.88730
141,2022-01-27-16:04:16,5,0,1.93024
142,2022-01-27-16:04:17,0,4,1.52343
143,2022-01-27-16:04:21,4,2,4.20542
144,2022-01-27-16:04:23,2,4,1.79124
145,2022-01-27-16:04:25,4,2,2.02139
146,2022-01-27-16:04:29,2,1,4.13461
147,2022-01-27-16:04:31,1,4,1.31649
148,2022-01-27-16:04:32,4,0,1.53750
149,2022-01-27-16:04:33,0,1,1.03889
150,2022-01-27-16:04:35,1,4,1.32432
151,2022-01-27-16:04:36,4,5,1.72031
152,2022-01-27-16:04:38,5,0,1.88934
153,2022-01-27-16:04:41,0,3,2.41739
154,2022-01-27-16:04:43,3,0,2.53890
155,2022-01-27-16:04:45,0,7,1.88896
156,2022-01-27-16:04:48,7,2,2.55713
157,2022-01-27-16:04:49,2,0,1.78724
158,2022-01-27-16:04:53,0,3,3.29949
159,2022-01-27-16:04:55,3,4,2.21998
160,2022-01-27-16:04:57,4,3,2.10232
161,2022-01-27-16:05:01,3,4,3.53106
162,2022-01-27-16:05:02,4,0,1.48330
163,2022-01-27-16:05:03,0,1,1.02096
164,2022-01-27-16:05:04,1,4,1.31840
165,2022-01-27-16:05:06,4,0,1.58943
166,2022-01-27-16:05:09,0,3,3.40392
167,2022-01-27-16:05:13,3,1,3.40530
168,2022-01-27-16:05:16,1,6,3.56286
169,2022-01-27-16:05:20,6,4,3.47128
170,2022-01-27-16:05:24,4,2,4.05926
171,2022-01-27-16:05:28,2,3,4.33174
172,2022-01-27-16:05:32,3,4,3.97000
173,2022-01-27-16:05:34,4,3,2.13558
174,2022-01-27-16:05:38,3,6,3.22864
175,2022-01-27-16:05:41,6,3,3.15481
176,2022-01-27-16:05:44,3,1,3.63953
177,2022-01-27-16:05:45,1,0,1.05543
178,2022-01-27-16:05:47,0,5,1.97902
179,2022-01-27-16:05:51,5,2,3.65673
180,2022-01-27-16:05:54,2,6,3.05037
181,2022-01-27-16:05:58,6,1,3.57934
182,2022-01-27-16:06:00,1,3,2.35870
183,2022-01-27-16:06:02,3,5,2.30757
184,2022-01-27-16:06:04,5,1,1.92644
185,2022-01-27-16:06:07,1,3,2.22717
186,2022-01-27-16:06:09,3,2,2.67897
187,2022-01-27-16:06:11,2,5,1.48912
188,2022-01-27-16:06:13,5,1,1.93692
189,2022-01-27-16:06:15,1,3,2.35045
190,2022-01-27-16:06:17,3,5,2.20926
191,2022-01-27-16:06:20,5,7,2.61138
192,2022-01-27-16:06:23,7,3,3.23433
193,2022-01-27-16:06:25,3,4,2.10226
194,2022-01-27-16:06:26,4,1,1.28676
195,2022-01-27-16:06:28,1,2,2.07797
196,2022-01-27-16:06:32,2,6,3.24643
197,2022-01-27-16:06:35,6,7,3.31146
198,2022-01-27-16:06:38,7,3,3.16678
199,2022-01-27-16:06:41,3,0,2.38942
200,2022-01-27-16:06:42,0,5,1.86834
201,2022-01-27-16:06:44,5,0,2.01832
202,2022-01-27-16:06:46,0,2,1.74864
203,2022-01-27-16:06:48,2,0,1.72364
204,2022-01-27-16:06:50,0,5,2.04777
205,2022-01-27-16:06:53,5,6,3.10394
206,2022-01-27-16:06:57,6,1,3.62003
207,2022-01-27-16:06:59,1,5,1.99905
208,2022-01-27-16:07:00,5,2,1.55230
209,2022-01-27-16:07:03,2,3,2.74175
210,2022-01-27-16:07:05,3,4,2.09332
211,2022-01-27-16:07:07,4,2,1.98376
212,2022-01-27-16:07:10,2,3,2.69008
213,2022-01-27-16:07:13,3,7,3.18681
214,2022-01-27-16:07:16,7,1,3.26862
215,2022-01-27-16:07:19,1,3,2.29249
216,2022-01-27-16:07:21,3,1,2.73404
217,2022-01-27-16:07:23,1,2,1.97475
218,2022-01-27-16:07:25,2,1,1.94104
219,2022-01-27-16:07:29,1,6,3.54718
220,2022-01-27-16:07:32,6,3,3.66946
221,2022-01-27-16:07:35,3,0,2.38607
222,2022-01-27-16:07:38,0,6,3.54516
223,2022-01-27-16:07:42,6,3,3.65613
224,2022-01-27-16:07:44,3,1,2.47808
225,2022-01-27-16:07:46,1,4,1.32828
226,2022-01-27-16:07:47,4,1,1.30339
227,2022-01-27-16:07:48,1,4,1.33805
228,2022-01-27-16:07:50,4,5,1.76446
229,2022-01-27-16:07:52,5,3,2.12263
230,2022-01-27-16:07:55,3,2,2.64541
231,2022-01-27-16:07:58,2,3,2.64054
232,2022-01-27-16:08:00,3,1,2.25506
233,2022-01-27-16:08:02,1,5,1.98797
234,2022-01-27-16:08:03,5,2,1.59694
235,2022-01-27-16:08:05,2,1,1.98670
236,2022-01-27-16:08:09,1,6,3.67891
237,2022-01-27-16:08:13,6,1,3.64019
238,2022-01-27-16:08:15,1,5,1.97630
239,2022-01-27-16:08:17,5,1,1.93844
240,2022-01-27-16:08:19,1,2,2.05397
241,2022-01-27-16:08:22,2,3,3.09036
242,2022-01-27-16:08:25,3,0,3.31477
243,2022-01-27-16:08:29,0,6,3.51430
244,2022-01-27-16:08:32,6,2,3.13672
245,2022-01-27-16:08:36,2,1,4.14227
246,2022-01-27-16:08:38,1,7,1.79053
247,2022-01-27-16:08:42,7,6,4.01021
248,2022-01-27-16:08:45,6,0,3.74403
249,2022-01-27-16:08:47,0,7,2.00615
250,2022-01-27-16:08:49,7,1,1.70653
251,2022-01-27-16:08:50,1,0,1.03885
252,2022-01-27-16:08:54,0,3,3.50960
253,2022-01-27-16:08:57,3,5,3.04248
254,2022-01-27-16:08:59,5,0,2.13970
255,2022-01-27-16:09:00,0,1,1.04940
256,2022-01-27-16:09:03,1,3,3.46508
257,2022-01-27-16:09:07,3,1,3.49625
258,2022-01-27-16:09:09,1,5,2.01391
259,2022-01-27-16:09:12,5,6,3.10124
260,2022-01-27-16:09:16,6,0,3.61347
261,2022-01-27-16:09:17,0,4,1.52088
262,2022-01-27-16:09:21,4,6,3.44370
263,2022-01-27-16:09:24,6,3,3.76778
264,2022-01-27-16:09:26,3,4,2.04718
265,2022-01-27-16:09:30,4,6,3.51165
266,2022-01-27-16:09:33,6,5,3.09845
267,2022-01-27-16:09:35,5,1,1.99888
268,2022-01-27-16:09:37,1,7,1.66931
269,2022-01-27-16:09:39,7,2,2.56250
270,2022-01-27-16:09:41,2,4,1.75512
271,2022-01-27-16:09:43,4,5,1.81153
272,2022-01-27-16:09:44,5,2,1.54964
273,2022-01-27-16:09:46,2,4,1.74872
274,2022-01-27-16:09:50,4,6,3.53422
275,2022-01-27-16:09:53,6,4,3.34892
276,2022-01-27-16:09:55,4,3,2.12851
277,2022-01-27-16:09:59,3,1,3.53293
278,2022-01-27-16:10:01,1,5,2.07264
279,2022-01-27-16:10:03,5,1,1.93180
280,2022-01-27-16:10:06,1,6,3.58738
281,2022-01-27-16:10:10,6,4,3.63022
282,2022-01-27-16:10:12,4,7,1.86517
283,2022-01-27-16:10:13,7,1,1.65684
284,2022-01-27-16:10:15,1,7,1.66666
285,2022-01-27-16:10:18,7,5,2.82334
286,2022-01-27-16:10:20,5,0,2.13741
287,2022-01-27-16:10:22,0,2,1.70278
288,2022-01-27-16:10:24,2,1,1.96349
289,2022-01-27-16:10:25,1,4,1.32460
290,2022-01-27-16:10:27,4,3,2.06805
291,2022-01-27-16:10:29,3,6,1.99591
292,2022-01-27-16:10:33,6,4,4.02205
293,2022-01-27-16:10:35,4,3,2.12592
294,2022-01-27-16:10:39,3,1,3.48704
295,2022-01-27-16:10:41,1,5,1.92191
296,2022-01-27-16:10:43,5,4,1.89926
297,2022-01-27-16:10:44,4,0,1.56060
298,2022-01-27-16:10:45,0,1,1.04701
299,2022-01-27-16:10:47,1,7,1.66229
300,2022-01-27-16:10:49,7,4,2.05838
301,2022-01-27-16:10:51,4,2,1.90785
302,2022-01-27-16:10:54,2,3,2.84842
303,2022-01-27-16:10:58,3,2,4.19153
304,2022-01-27-16:11:02,2,1,4.13756
305,2022-01-27-16:11:04,1,7,1.66337
306,2022-01-27-16:11:06,7,4,2.03860
307,2022-01-27-16:11:08,4,7,1.92999
308,2022-01-27-16:11:10,7,5,2.62638
309,2022-01-27-16:11:13,5,0,2.25550
310,2022-01-27-16:11:15,0,3,2.39713
311,2022-01-27-16:11:17,3,5,2.22922
312,2022-01-27-16:11:20,5,6,3.13230
313,2022-01-27-16:11:24,6,3,3.77113
314,2022-01-27-16:11:27,3,7,3.33868
315,2022-01-27-16:11:31,7,4,3.64888
316,2022-01-27-16:11:33,4,3,2.12215
317,2022-01-27-16:11:37,3,0,3.37788
318,2022-01-27-16:11:38,0,7,1.93103
319,2022-01-27-16:11:41,7,3,2.34968
320,2022-01-27-16:11:43,3,5,2.43311
321,2022-01-27-16:11:46,5,6,2.72800
322,2022-01-27-16:11:49,6,1,2.68726
323,2022-01-27-16:11:50,1,0,1.03426
324,2022-01-27-16:11:52,0,5,1.93014
325,2022-01-27-16:11:55,5,6,3.09507
326,2022-01-27-16:11:58,6,4,3.36152
327,2022-01-27-16:12:02,4,1,3.83108
328,2022-01-27-16:12:04,1,2,1.96700
329,2022-01-27-16:12:06,2,1,1.96998
330,2022-01-27-16:12:08,1,3,2.19891
331,2022-01-27-16:12:10,3,6,1.99084
332,2022-01-27-16:12:12,6,3,1.99026
333,2022-01-27-16:12:14,3,1,2.24638
334,2022-01-27-16:12:15,1,0,1.06186
335,2022-01-27-16:12:17,0,2,1.71949
336,2022-01-27-16:12:19,2,4,1.79454
337,2022-01-27-16:12:21,4,3,2.10271
338,2022-01-27-16:12:23,3,4,2.05938
339,2022-01-27-16:12:26,4,6,3.43601
340,2022-01-27-16:12:30,6,1,3.86014
341,2022-01-27-16:12:32,1,5,2.13005
342,2022-01-27-16:12:35,5,7,2.61076
343,2022-01-27-16:12:39,7,1,3.71737
344,2022-01-27-16:12:41,1,3,2.23761
345,2022-01-27-16:12:43,3,5,2.19481
346,2022-01-27-16:12:46,5,4,3.25541
347,2022-01-27-16:12:50,4,1,3.94096
348,2022-01-27-16:12:52,1,5,1.99358
349,2022-01-27-16:12:54,5,2,1.62399
350,2022-01-27-16:12:56,2,5,1.52981
351,2022-01-27-16:12:57,5,2,1.53516
352,2022-01-27-16:12:59,2,4,1.79346
353,2022-01-27-16:13:01,4,3,2.06592
354,2022-01-27-16:13:03,3,4,2.40831
355,2022-01-27-16:13:05,4,2,1.90774
356,2022-01-27-16:13:07,2,5,1.53686
357,2022-01-27-16:13:09,5,1,2.10277
358,2022-01-27-16:13:11,1,5,2.00044
359,2022-01-27-16:13:12,5,2,1.53667
360,2022-01-27-16:13:14,2,1,1.98007
361,2022-01-27-16:13:16,1,4,1.34547
362,2022-01-27-16:13:18,4,2,1.79785
363,2022-01-27-16:13:21,2,6,3.19644
364,2022-01-27-16:13:24,6,3,3.66933
365,2022-01-27-16:13:26,3,6,2.03132
366,2022-01-27-16:13:31,6,2,4.19631
367,2022-01-27-16:13:34,2,6,3.11473
368,2022-01-27-16:13:38,6,3,3.81158
369,2022-01-27-16:13:40,3,2,2.78146
370,2022-01-27-16:13:42,2,5,1.54518
371,2022-01-27-16:13:44,5,1,1.92778
372,2022-01-27-16:13:46,1,3,2.32978
373,2022-01-27-16:13:49,3,1,2.46523
374,2022-01-27-16:13:52,1,6,3.59725
375,2022-01-27-16:13:55,6,5,3.13603
376,2022-01-27-16:13:59,5,4,3.35032
377,2022-01-27-16:14:01,4,3,2.12294
378,2022-01-27-16:14:04,3,2,2.99046
379,2022-01-27-16:14:07,2,6,3.15868
380,2022-01-27-16:14:11,6,0,3.53142
381,2022-01-27-16:14:12,0,1,1.06972
382,2022-01-27-16:14:14,1,3,2.25947
383,2022-01-27-16:14:17,3,7,3.31613
384,2022-01-27-16:14:20,7,0,3.11396
385,2022-01-27-16:14:23,0,6,2.99754
386,2022-01-27-16:14:26,6,0,2.76775
387,2022-01-27-16:14:28,0,4,1.48266
388,2022-01-27-16:14:29,4,0,1.52998
389,2022-01-27-16:14:32,0,6,2.83888
390,2022-01-27-16:14:35,6,0,2.93188
391,2022-01-27-16:14:37,0,5,1.94203
392,2022-01-27-16:14:39,5,0,1.90548
393,2022-01-27-16:14:42,0,6,3.48691
394,2022-01-27-16:14:46,6,0,3.53447
395,2022-01-27-16:14:49,0,6,3.48967
396,2022-01-27-16:14:52,6,4,3.25704
397,2022-01-27-16:14:54,4,2,1.95656
398,2022-01-27-16:14:56,2,4,1.83418
399,2022-01-27-16:15:00,4,0,3.55890
400,2022-01-27-16:15:03,0,6,3.49465
401,2022-01-27-16:15:07,6,3,3.92912
402,2022-01-27-16:15:09,3,4,2.09654
403,2022-01-27-16:15:13,4,6,3.52383
404,2022-01-27-16:15:16,6,4,3.48160
405,2022-01-27-16:15:18,4,0,1.53190
406,2022-01-27-16:15:19,0,1,1.05896
407,2022-01-27-16:15:21,1,2,1.98989
408,2022-01-27-16:15:23,2,1,1.98406
409,2022-01-27-16:15:24,1,0,1.03138
410,2022-01-27-16:15:27,0,6,2.82710
411,2022-01-27-16:15:29,6,7,2.58453
412,2022-01-27-16:15:32,7,3,2.32705
413,2022-01-27-16:15:34,3,5,2.24685
414,2022-01-27-16:15:36,5,4,1.81574
415,2022-01-27-16:15:38,4,3,2.03749
416,2022-01-27-16:15:40,3,0,2.45165
417,2022-01-27-16:15:42,0,5,1.87105
418,2022-01-27-16:15:45,5,4,3.26040
419,2022-01-27-16:15:49,4,6,3.19619
420,2022-01-27-16:15:52,6,5,3.11313
421,2022-01-27-16:15:54,5,1,1.89605
422,2022-01-27-16:15:57,1,6,3.56365
423,2022-01-27-16:16:01,6,3,3.81187
424,2022-01-27-16:16:03,3,5,2.32501
425,2022-01-27-16:16:07,5,2,3.78241
426,2022-01-27-16:16:11,2,5,3.61292
427,2022-01-27-16:16:13,5,1,1.96367
428,2022-01-27-16:16:14,1,0,1.04614
429,2022-01-27-16:16:15,0,4,1.52558
430,2022-01-27-16:16:17,4,5,1.74616
431,2022-01-27-16:16:20,5,4,3.32845
432,2022-01-27-16:16:24,4,1,3.78016
433,2022-01-27-16:16:25,1,0,1.10446
434,2022-01-27-16:16:27,0,7,1.93449
435,2022-01-27-16:16:29,7,3,2.21266
436,2022-01-27-16:16:31,3,4,2.09574
437,2022-01-27-16:16:33,4,0,1.58684
438,2022-01-27-16:16:35,0,2,1.74322
439,2022-01-27-16:16:37,2,7,2.60717
440,2022-01-27-16:16:40,7,5,2.68902
441,2022-01-27-16:16:42,5,0,1.89503
442,2022-01-27-16:16:44,0,7,1.99129
443,2022-01-27-16:16:46,7,0,2.12418
444,2022-01-27-16:16:48,0,5,2.19883
445,2022-01-27-16:16:50,5,1,2.08747
446,2022-01-27-16:16:52,1,4,1.33126
447,2022-01-27-16:16:54,4,7,1.89187
448,2022-01-27-16:16:56,7,5,2.60369
449,2022-01-27-16:16:58,5,4,1.78162
450,2022-01-27-16:16:59,4,0,1.51764
451,2022-01-27-16:17:01,0,7,1.93572
452,2022-01-27-16:17:04,7,2,2.57753
453,2022-01-27-16:17:05,2,5,1.52321
454,2022-01-27-16:17:08,5,6,2.73359
455,2022-01-27-16:17:11,6,1,2.83205
456,2022-01-27-16:17:14,1,6,2.65992
457,2022-01-27-16:17:16,6,4,2.58109
458,2022-01-27-16:17:18,4,0,1.53278
459,2022-01-27-16:17:20,0,7,1.94979
460,2022-01-27-16:17:23,7,2,2.75674
461,2022-01-27-16:17:24,2,0,1.72951
462,2022-01-27-16:17:26,0,2,1.75878
463,2022-01-27-16:17:28,2,5,1.53725
464,2022-01-27-16:17:30,5,7,2.54522
465,2022-01-27-16:17:33,7,1,3.29243
466,2022-01-27-16:17:36,1,5,2.12609
467,2022-01-27-16:17:39,5,3,3.00900
468,2022-01-27-16:17:42,3,0,3.25476
469,2022-01-27-16:17:45,0,6,3.58706
470,2022-01-27-16:17:48,6,5,3.10613
471,2022-01-27-16:17:50,5,4,1.94907
472,2022-01-27-16:17:52,4,1,1.36661
473,2022-01-27-16:17:53,1,4,1.38648
474,2022-01-27-16:17:55,4,7,1.88592
475,2022-01-27-16:17:59,7,6,4.02938
476,2022-01-27-16:18:03,6,3,3.71367
477,2022-01-27-16:18:06,3,7,3.39680
478,2022-01-27-16:18:09,7,4,3.05646
479,2022-01-27-16:18:13,4,6,3.44861
480,2022-01-27-16:18:16,6,5,3.16525
481,2022-01-27-16:18:18,5,4,1.79803
482,2022-01-27-16:18:19,4,0,1.55497
483,2022-01-27-16:18:21,0,5,2.13384
484,2022-01-27-16:18:24,5,6,3.07493
485,2022-01-27-16:18:28,6,4,3.33395
486,2022-01-27-16:18:30,4,3,2.12428
487,2022-01-27-16:18:34,3,7,3.83550
488,2022-01-27-16:18:36,7,0,1.99571
489,2022-01-27-16:18:38,0,7,1.93131
490,2022-01-27-16:18:42,7,4,4.42051
491,2022-01-27-16:18:44,4,3,2.13000
492,2022-01-27-16:18:48,3,7,3.87103
493,2022-01-27-16:18:51,7,6,2.63003
494,2022-01-27-16:18:53,6,4,2.73571
495,2022-01-27-16:18:57,4,6,3.44405
496,2022-01-27-16:19:00,6,4,3.48071
497,2022-01-27-16:19:02,4,0,1.52330
498,2022-01-27-16:19:05,0,6,3.57248
499,2022-01-27-16:19:10,6,7,4.07922
500,2022-01-27-16:19:11,7,0,1.92108
501,2022-01-27-16:19:14,0,3,2.49843
502,2022-01-27-16:19:16,3,4,2.06334
503,2022-01-27-16:19:19,4,6,3.45757
504,2022-01-27-16:19:23,6,4,3.58094
505,2022-01-27-16:19:25,4,5,1.78202
506,2022-01-27-16:19:27,5,0,2.11565
507,2022-01-27-16:19:29,0,7,1.92235
508,2022-01-27-16:19:32,7,5,2.76126
509,2022-01-27-16:19:35,5,6,3.12428
510,2022-01-27-16:19:38,6,3,3.15893
511,2022-01-27-16:19:41,3,2,2.77006
512,2022-01-27-16:19:45,2,3,4.52294
513,2022-01-27-16:19:48,3,2,2.74315
514,2022-01-27-16:19:50,2,0,1.69341
515,2022-01-27-16:19:53,0,6,2.94626
516,2022-01-27-16:19:55,6,5,2.75644
517,2022-01-27-16:19:57,5,2,1.54698
518,2022-01-27-16:20:00,2,6,3.25208
519,2022-01-27-16:20:02,6,3,1.98798
520,2022-01-27-16:20:04,3,6,2.03479
521,2022-01-27-16:20:07,6,7,2.59971
522,2022-01-27-16:20:11,7,2,4.34985
523,2022-01-27-16:20:14,2,6,3.13163
524,2022-01-27-16:20:17,6,7,2.81049
525,2022-01-27-16:20:20,7,0,3.10048
526,2022-01-27-16:20:21,0,1,1.06224
527,2022-01-27-16:20:23,1,5,1.93178
528,2022-01-27-16:20:25,5,0,2.18958
529,2022-01-27-16:20:26,0,1,1.08310
530,2022-01-27-16:20:28,1,5,2.03377
531,2022-01-27-16:20:31,5,3,2.21672
532,2022-01-27-16:20:33,3,7,2.43577
533,2022-01-27-16:20:35,7,0,2.04198
534,2022-01-27-16:20:36,0,1,1.09007
535,2022-01-27-16:20:38,1,4,1.32354
536,2022-01-27-16:20:39,4,7,1.90323
537,2022-01-27-16:20:41,7,1,1.69505
538,2022-01-27-16:20:43,1,5,1.95112
539,2022-01-27-16:20:45,5,3,2.35189
540,2022-01-27-16:20:48,3,0,2.32676
541,2022-01-27-16:20:49,0,1,1.08238
542,2022-01-27-16:20:51,1,5,2.00624
543,2022-01-27-16:20:55,5,2,3.78499
544,2022-01-27-16:20:58,2,7,3.03499
545,2022-01-27-16:21:00,7,6,2.60627
546,2022-01-27-16:21:04,6,7,4.13925
547,2022-01-27-16:21:06,7,1,1.68546
548,2022-01-27-16:21:08,1,5,1.92692
549,2022-01-27-16:21:11,5,6,3.15986
550,2022-01-27-16:21:15,6,4,3.43304
551,2022-01-27-16:21:18,4,7,3.30043
552,2022-01-27-16:21:21,7,6,2.53101
553,2022-01-27-16:21:24,6,7,3.95195
554,2022-01-27-16:21:27,7,2,2.92688
555,2022-01-27-16:21:29,2,5,1.50641
556,2022-01-27-16:21:31,5,1,1.95489
557,2022-01-27-16:21:33,1,5,1.94697
558,2022-01-27-16:21:36,5,6,3.19655
559,2022-01-27-16:21:39,6,4,3.45225
560,2022-01-27-16:21:41,4,5,1.85641
561,2022-01-27-16:21:44,5,3,3.02833
562,2022-01-27-16:21:47,3,5,3.04201
563,2022-01-27-16:21:50,5,6,3.06308
564,2022-01-27-16:21:54,6,0,3.57077
565,2022-01-27-16:21:57,0,3,3.38354
566,2022-01-27-16:22:00,3,2,2.97596
567,2022-01-27-16:22:02,2,5,1.52592
568,2022-01-27-16:22:04,5,1,2.16594
569,2022-01-27-16:22:05,1,0,1.06640
570,2022-01-27-16:22:07,0,5,2.01382
571,2022-01-27-16:22:09,5,4,1.86991
572,2022-01-27-16:22:10,4,1,1.35828
573,2022-01-27-16:22:13,1,3,2.31397
574,2022-01-27-16:22:15,3,0,2.43117
575,2022-01-27-16:22:18,0,3,3.25307
576,2022-01-27-16:22:22,3,7,3.80506
577,2022-01-27-16:22:24,7,4,1.88955
578,2022-01-27-16:22:26,4,0,1.54567
579,2022-01-27-16:22:27,0,4,1.53938
580,2022-01-27-16:22:31,4,6,3.46142
581,2022-01-27-16:22:34,6,2,3.18987
582,2022-01-27-16:22:35,2,5,1.54926
583,2022-01-27-16:22:37,5,4,1.75423
584,2022-01-27-16:22:39,4,7,1.85958
585,2022-01-27-16:22:42,7,5,2.79436
586,2022-01-27-16:22:45,5,6,3.13112
587,2022-01-27-16:22:49,6,3,3.63549
588,2022-01-27-16:22:51,3,5,2.29613
589,2022-01-27-16:22:53,5,3,2.30881
590,2022-01-27-16:22:55,3,6,2.02709
591,2022-01-27-16:22:58,6,0,2.97346
592,2022-01-27-16:23:00,0,4,1.55126
593,2022-01-27-16:23:03,4,6,3.46006
594,2022-01-27-16:23:07,6,0,3.66331
595,2022-01-27-16:23:08,0,4,1.54407
596,2022-01-27-16:23:10,4,1,1.30760
597,2022-01-27-16:23:11,1,0,1.07703
598,2022-01-27-16:23:13,0,3,2.49899
599,2022-01-27-16:23:16,3,0,2.51996
600,2022-01-27-16:23:18,0,5,2.25319
601,2022-01-27-16:23:21,5,7,2.63818
602,2022-01-27-16:23:23,7,5,2.65802
603,2022-01-27-16:23:27,5,4,3.33251
604,2022-01-27-16:23:30,4,0,3.59734
605,2022-01-27-16:23:32,0,2,1.76271
606,2022-01-27-16:23:34,2,5,1.55571
607,2022-01-27-16:23:35,5,2,1.60911
608,2022-01-27-16:23:38,2,6,3.08343
609,2022-01-27-16:23:41,6,5,2.79250
610,2022-01-27-16:23:43,5,1,2.00264
611,2022-01-27-16:23:45,1,7,1.68088
612,2022-01-27-16:23:47,7,0,2.06781
613,2022-01-27-16:23:49,0,2,1.72775
614,2022-01-27-16:23:52,2,6,3.04384
615,2022-01-27-16:23:55,6,5,3.28575
616,2022-01-27-16:23:57,5,0,1.98513
617,2022-01-27-16:24:00,0,6,2.86659
618,2022-01-27-16:24:02,6,4,2.67605
619,2022-01-27-16:24:06,4,6,3.48504
620,2022-01-27-16:24:10,6,7,4.05075
621,2022-01-27-16:24:13,7,2,2.61438
622,2022-01-27-16:24:16,2,3,2.98401
623,2022-01-27-16:24:19,3,4,3.56786
624,2022-01-27-16:24:21,4,0,1.48717
625,2022-01-27-16:24:22,0,1,1.10122
626,2022-01-27-16:24:23,1,0,1.04196
627,2022-01-27-16:24:24,0,4,1.55805
628,2022-01-27-16:24:28,4,6,3.45367
629,2022-01-27-16:24:31,6,0,3.51617
630,2022-01-27-16:24:33,0,5,1.94991
631,2022-01-27-16:24:36,5,7,2.66422
632,2022-01-27-16:24:39,7,0,3.13689
633,2022-01-27-16:24:41,0,4,1.55006
634,2022-01-27-16:24:43,4,7,1.95435
635,2022-01-27-16:24:45,7,0,2.14955
636,2022-01-27-16:24:48,0,6,3.56967
637,2022-01-27-16:24:52,6,0,3.52440
638,2022-01-27-16:24:54,0,3,2.45586
639,2022-01-27-16:24:57,3,1,2.75468
640,2022-01-27-16:24:59,1,2,1.97460
641,2022-01-27-16:25:02,2,3,2.66958
642,2022-01-27-16:25:04,3,2,2.63553
643,2022-01-27-16:25:06,2,5,1.54080
644,2022-01-27-16:25:08,5,4,1.79561
645,2022-01-27-16:25:12,4,2,4.19027
646,2022-01-27-16:25:16,2,0,3.88628
647,2022-01-27-16:25:18,0,3,2.41959
648,2022-01-27-16:25:21,3,0,2.43473
649,2022-01-27-16:25:22,0,2,1.72121
650,2022-01-27-16:25:25,2,3,2.78447
651,2022-01-27-16:25:28,3,7,3.27698
652,2022-01-27-16:25:32,7,1,3.24898
653,2022-01-27-16:25:33,1,0,1.04664
654,2022-01-27-16:25:36,0,6,3.52072
655,2022-01-27-16:25:39,6,5,3.30545
656,2022-01-27-16:25:42,5,3,3.04984
657,2022-01-27-16:25:46,3,7,3.74999
658,2022-01-27-16:25:48,7,1,1.74336
659,2022-01-27-16:25:50,1,3,2.36425
660,2022-01-27-16:25:53,3,4,2.28854
661,2022-01-27-16:25:55,4,2,2.13765
662,2022-01-27-16:25:57,2,4,1.83701
663,2022-01-27-16:26:00,4,6,3.49037
664,2022-01-27-16:26:03,6,2,3.11978
665,2022-01-27-16:26:05,2,0,1.72109
666,2022-01-27-16:26:08,0,3,2.56931
667,2022-01-27-16:26:10,3,7,2.14830
668,2022-01-27-16:26:12,7,2,2.65484
669,2022-01-27-16:26:14,2,0,1.71813
670,2022-01-27-16:26:16,0,4,1.53429
671,2022-01-27-16:26:17,4,7,1.91021
672,2022-01-27-16:26:22,7,6,4.03892
673,2022-01-27-16:26:25,6,1,3.86000
674,2022-01-27-16:26:28,1,3,2.28134
675,2022-01-27-16:26:30,3,1,2.23641
676,2022-01-27-16:26:32,1,5,1.99385
677,2022-01-27-16:26:34,5,1,1.93947
678,2022-01-27-16:26:35,1,7,1.66359
679,2022-01-27-16:26:38,7,2,2.61767
680,2022-01-27-16:26:41,2,6,3.13980
681,2022-01-27-16:26:44,6,2,3.07668
682,2022-01-27-16:26:48,2,5,3.64122
683,2022-01-27-16:26:52,5,2,3.72893
684,2022-01-27-16:26:56,2,6,4.08966
685,2022-01-27-16:27:00,6,4,3.79042
686,2022-01-27-16:27:03,4,6,3.37158
687,2022-01-27-16:27:07,6,4,3.93095
688,2022-01-27-16:27:09,4,2,1.96916
689,2022-01-27-16:27:10,2,5,1.50147
690,2022-01-27-16:27:13,5,3,2.22465
691,2022-01-27-16:27:15,3,6,2.02677
692,2022-01-27-16:27:17,6,1,2.72212
693,2022-01-27-16:27:18,1,0,1.06769
694,2022-01-27-16:27:20,0,5,2.02834
695,2022-01-27-16:27:23,5,7,2.58747
696,2022-01-27-16:27:26,7,4,3.36333
697,2022-01-27-16:27:30,4,1,4.13389
698,2022-01-27-16:27:33,1,3,2.23134
699,2022-01-27-16:27:35,3,5,2.27311
700,2022-01-27-16:27:37,5,2,1.76878
701,2022-01-27-16:27:38,2,5,1.55767
702,2022-01-27-16:27:42,5,2,3.62513
703,2022-01-27-16:27:46,2,3,4.45599
704,2022-01-27-16:27:49,3,5,2.31211
705,2022-01-27-16:27:51,5,3,2.27026
706,2022-01-27-16:27:55,3,2,4.33619
707,2022-01-27-16:28:00,2,1,4.28162
708,2022-01-27-16:28:01,1,4,1.31993
709,2022-01-27-16:28:03,4,5,1.78545
710,2022-01-27-16:28:05,5,4,1.94988
711,2022-01-27-16:28:06,4,5,1.80595
712,2022-01-27-16:28:09,5,3,2.45282
713,2022-01-27-16:28:11,3,4,2.05144
714,2022-01-27-16:28:13,4,7,1.91353
715,2022-01-27-16:28:16,7,2,2.63770
716,2022-01-27-16:28:17,2,0,1.76479
717,2022-01-27-16:28:19,0,2,1.75710
718,2022-01-27-16:28:21,2,1,1.99828
719,2022-01-27-16:28:23,1,2,1.95502
720,2022-01-27-16:28:26,2,3,2.73590
721,2022-01-27-16:28:28,3,5,2.37895
722,2022-01-27-16:28:31,5,7,2.65696
723,2022-01-27-16:28:34,7,2,3.04414
724,2022-01-27-16:28:37,2,6,3.17855
725,2022-01-27-16:28:41,6,1,3.81059
726,2022-01-27-16:28:42,1,4,1.34842
727,2022-01-27-16:28:44,4,0,1.54590
728,2022-01-27-16:28:47,0,3,3.43555
729,2022-01-27-16:28:51,3,0,3.46214
730,2022-01-27-16:28:52,0,4,1.53452
731,2022-01-27-16:28:54,4,7,1.90816
732,2022-01-27-16:28:56,7,4,1.88970
733,2022-01-27-16:28:58,4,5,1.79436
734,2022-01-27-16:29:00,5,1,2.20758
735,2022-01-27-16:29:02,1,3,2.25969
736,2022-01-27-16:29:05,3,0,2.43208
737,2022-01-27-16:29:07,0,7,1.97400
738,2022-01-27-16:29:08,7,1,1.69715
739,2022-01-27-16:29:11,1,3,2.35554
740,2022-01-27-16:29:13,3,0,2.47346
741,2022-01-27-16:29:16,0,3,2.46330
742,2022-01-27-16:29:18,3,5,2.19130
743,2022-01-27-16:29:20,5,7,2.59293
744,2022-01-27-16:29:23,7,6,2.61028
745,2022-01-27-16:29:26,6,7,2.64303
746,2022-01-27-16:29:29,7,3,3.31696
747,2022-01-27-16:29:31,3,4,2.11955
748,2022-01-27-16:29:33,4,0,1.54741
749,2022-01-27-16:29:35,0,7,1.96918
750,2022-01-27-16:29:38,7,5,3.30741
751,2022-01-27-16:29:40,5,0,1.94456
752,2022-01-27-16:29:42,0,5,1.88915
753,2022-01-27-16:29:44,5,1,2.11739
754,2022-01-27-16:29:46,1,2,2.01251
755,2022-01-27-16:29:48,2,0,1.75243
756,2022-01-27-16:29:50,0,5,2.23949
757,2022-01-27-16:29:54,5,2,3.88807
758,2022-01-27-16:29:56,2,4,1.86120
759,2022-01-27-16:29:59,4,6,3.51880
760,2022-01-27-16:30:03,6,4,3.56057
761,2022-01-27-16:30:05,4,2,1.87179
762,2022-01-27-16:30:07,2,3,2.74876
763,2022-01-27-16:30:10,3,2,2.67862
764,2022-01-27-16:30:12,2,0,1.73366
765,2022-01-27-16:30:14,0,5,1.98647
766,2022-01-27-16:30:16,5,0,2.11883
767,2022-01-27-16:30:18,0,5,1.92776
768,2022-01-27-16:30:20,5,7,2.62046
769,2022-01-27-16:30:23,7,2,2.73877
770,2022-01-27-16:30:26,2,7,2.52036
771,2022-01-27-16:30:29,7,3,3.32698
772,2022-01-27-16:30:31,3,6,2.04462
773,2022-01-27-16:30:33,6,3,2.01844
774,2022-01-27-16:30:37,3,4,3.80339
775,2022-01-27-16:30:40,4,5,3.35830
776,2022-01-27-16