"iteration,date,init_position,final_position,time"
0,2022-01-28-06:14:51,-1,0,7.12330
1,2022-01-28-06:14:52,0,4,1.59214
2,2022-01-28-06:14:54,4,7,1.93068
3,2022-01-28-06:14:57,7,2,3.14828
4,2022-01-28-06:14:59,2,4,1.82342
5,2022-01-28-06:15:06,4,2,6.44315
6,2022-01-28-06:15:12,2,5,6.60700
7,2022-01-28-06:15:25,5,4,9.77252
8,2022-01-28-06:15:33,4,7,7.99487
9,2022-01-28-06:16:08,7,5,32.24969
10,2022-01-28-06:16:28,5,2,12.66915
11,2022-01-28-06:16:33,2,3,4.70166
12,2022-01-28-06:16:35,3,5,2.44487
13,2022-01-28-06:16:38,5,1,2.54953
14,2022-01-28-06:16:43,1,6,4.73883
15,2022-01-28-06:16:49,6,3,6.19999
16,2022-01-28-06:16:52,3,6,2.98660
17,2022-01-28-06:16:56,6,0,3.71062
18,2022-01-28-06:16:58,0,2,2.26343
19,2022-01-28-06:17:00,2,0,1.74268
20,2022-01-28-06:17:03,0,3,3.80332
21,2022-01-28-06:17:06,3,2,2.67827
22,2022-01-28-06:17:10,2,1,4.21614
23,2022-01-28-06:17:14,1,6,4.00643
24,2022-01-28-06:17:18,6,5,3.51505
25,2022-01-28-06:17:20,5,2,1.81603
26,2022-01-28-06:17:23,2,3,3.35058
27,2022-01-28-06:17:27,3,1,3.52710
28,2022-01-28-06:17:28,1,7,1.86749
29,2022-01-28-06:17:30,7,4,2.02063
30,2022-01-28-06:17:32,4,1,1.41482
31,2022-01-28-06:17:34,1,7,1.79030
32,2022-01-28-06:17:35,7,1,1.75623
33,2022-01-28-06:17:37,1,0,1.15170
34,2022-01-28-06:17:40,0,3,3.66154
35,2022-01-28-06:17:43,3,6,3.27559
36,2022-01-28-06:17:48,6,1,4.13526
37,2022-01-28-06:17:49,1,0,1.21015
38,2022-01-28-06:17:53,0,3,4.05973
39,2022-01-28-06:17:57,3,0,3.86392
40,2022-01-28-06:17:59,0,5,2.24099
41,2022-01-28-06:18:01,5,3,2.25020
42,2022-01-28-06:18:03,3,6,2.11274
43,2022-01-28-06:18:07,6,7,3.54597
44,2022-01-28-06:18:10,7,1,3.45220
45,2022-01-28-06:18:14,1,6,3.66464
46,2022-01-28-06:18:18,6,3,3.90736
47,2022-01-28-06:18:20,3,7,2.23232
48,2022-01-28-06:18:23,7,0,2.87712
49,2022-01-28-06:18:28,0,3,5.19670
50,2022-01-28-06:18:32,3,7,4.13445
51,2022-01-28-06:18:35,7,0,2.48453
52,2022-01-28-06:18:37,0,2,1.93209
53,2022-01-28-06:18:40,2,7,2.76466
54,2022-01-28-06:18:44,7,1,3.95704
55,2022-01-28-06:18:47,1,6,2.99058
56,2022-01-28-06:18:50,6,2,3.52271
57,2022-01-28-06:18:54,2,6,4.21582
58,2022-01-28-06:18:57,6,1,3.13781
59,2022-01-28-06:18:59,1,0,1.16064
60,2022-01-28-06:19:01,0,7,2.20919
61,2022-01-28-06:19:04,7,0,3.55233
62,2022-01-28-06:19:07,0,5,2.19501
63,2022-01-28-06:19:09,5,1,2.27832
64,2022-01-28-06:19:10,1,4,1.51193
65,2022-01-28-06:19:19,4,2,8.31666
66,2022-01-28-06:19:30,2,4,10.86312
67,2022-01-28-06:19:33,4,5,2.69750
68,2022-01-28-06:19:36,5,0,3.00049
69,2022-01-28-06:19:40,0,6,3.91884
70,2022-01-28-06:19:45,6,1,5.15927
71,2022-01-28-06:19:47,1,4,1.70664
72,2022-01-28-06:19:51,4,6,4.58216
73,2022-01-28-06:19:56,6,4,4.69678
74,2022-01-28-06:19:58,4,3,2.38303
75,2022-01-28-06:20:02,3,1,3.59887
76,2022-01-28-06:20:04,1,7,2.29948
77,2022-01-28-06:20:09,7,4,4.55473
78,2022-01-28-06:20:16,4,6,6.78897
79,2022-01-28-06:20:32,6,7,10.72423
80,2022-01-28-06:20:42,7,5,9.72031
81,2022-01-28-06:20:50,5,2,5.34328
82,2022-01-28-06:21:02,2,3,11.26111
83,2022-01-28-06:21:08,3,1,6.24578
84,2022-01-28-06:21:12,1,2,3.71357
85,2022-01-28-06:21:16,2,6,3.86322
86,2022-01-28-06:21:27,6,5,10.78233
87,2022-01-28-06:21:40,5,1,8.55842
88,2022-01-28-06:21:50,1,4,7.46263
89,2022-01-28-06:22:01,4,3,9.15773
90,2022-01-28-06:22:24,3,6,19.67064
91,2022-01-28-06:23:04,6,2,35.95404
92,2022-01-28-06:23:07,2,0,1.99417
93,2022-01-28-06:23:08,0,1,1.15624
94,2022-01-28-06:23:09,1,4,1.38112
95,2022-01-28-06:23:11,4,2,2.30625
96,2022-01-28-06:23:13,2,0,1.86898
97,2022-01-28-06:23:17,0,5,3.36554
98,2022-01-28-06:23:20,5,4,3.62053
99,2022-01-28-06:23:23,4,2,2.68398
100,2022-01-28-06:23:28,2,0,4.61115
101,2022-01-28-06:23:30,0,2,1.87129
102,2022-01-28-06:23:31,2,4,1.84625
103,2022-01-28-06:23:33,4,0,1.90294
104,2022-01-28-06:23:35,0,4,1.67946
105,2022-01-28-06:23:37,4,5,1.84724
106,2022-01-28-06:23:39,5,2,1.80625
107,2022-01-28-06:23:41,2,0,1.96815
108,2022-01-28-06:23:45,0,6,4.34810
109,2022-01-28-06:23:49,6,4,4.01588
110,2022-01-28-06:23:50,4,1,1.41283
111,2022-01-28-06:23:52,1,0,1.37677
112,2022-01-28-06:23:54,0,2,2.03510
113,2022-01-28-06:23:57,2,3,3.26902
114,2022-01-28-06:24:01,3,5,3.53072
115,2022-01-28-06:24:04,5,0,3.59327
116,2022-01-28-06:24:07,0,6,3.08663
117,2022-01-28-06:24:10,6,1,3.06391
118,2022-01-28-06:24:12,1,4,1.49984
119,2022-01-28-06:24:13,4,1,1.54436
120,2022-01-28-06:24:15,1,7,1.86737
121,2022-01-28-06:24:18,7,5,3.02193
122,2022-01-28-06:24:21,5,4,2.35009
123,2022-01-28-06:24:23,4,7,2.04351
124,2022-01-28-06:24:27,7,6,4.33589
125,2022-01-28-06:24:31,6,4,3.93533
126,2022-01-28-06:24:32,4,1,1.40113
127,2022-01-28-06:24:34,1,5,2.13996
128,2022-01-28-06:24:37,5,7,2.70167
129,2022-01-28-06:24:41,7,1,3.89281
130,2022-01-28-06:24:44,1,5,2.57481
131,2022-01-28-06:24:46,5,0,2.27244
132,2022-01-28-06:24:51,0,6,4.70086
133,2022-01-28-06:24:54,6,4,3.51740
134,2022-01-28-06:24:58,4,5,3.71405
135,2022-01-28-06:25:00,5,4,2.19837
136,2022-01-28-06:25:04,4,2,4.28207
137,2022-01-28-06:25:08,2,6,3.44533
138,2022-01-28-06:25:12,6,1,3.95151
139,2022-01-28-06:25:14,1,5,2.50926
140,2022-01-28-06:25:17,5,3,2.58147
141,2022-01-28-06:25:20,3,0,2.89683
142,2022-01-28-06:25:22,0,2,1.88146
143,2022-01-28-06:25:25,2,3,2.89559
144,2022-01-28-06:25:27,3,1,2.52584
145,2022-01-28-06:25:29,1,5,2.19640
146,2022-01-28-06:25:32,5,7,2.68241
147,2022-01-28-06:25:35,7,5,2.77432
148,2022-01-28-06:25:39,5,4,4.69917
149,2022-01-28-06:25:42,4,3,2.24302
150,2022-01-28-06:25:46,3,6,4.00864
151,2022-01-28-06:25:49,6,5,3.42530
152,2022-01-28-06:25:53,5,4,4.07139
153,2022-01-28-06:25:57,4,5,3.72020
154,2022-01-28-06:25:59,5,0,2.33823
155,2022-01-28-06:26:01,0,1,1.47644
156,2022-01-28-06:26:03,1,3,2.45885
157,2022-01-28-06:26:06,3,2,2.88152
158,2022-01-28-06:26:08,2,5,1.72714
159,2022-01-28-06:26:12,5,3,3.88549
160,2022-01-28-06:26:15,3,5,3.45489
161,2022-01-28-06:26:18,5,7,3.06482
162,2022-01-28-06:26:22,7,4,3.45961
163,2022-01-28-06:27:09,4,2,47.21063
164,2022-01-28-06:27:14,2,7,4.87321
165,2022-01-28-06:27:17,7,2,2.78769
166,2022-01-28-06:27:18,2,5,1.62668
167,2022-01-28-06:27:20,5,1,2.36116
168,2022-01-28-06:27:25,1,3,4.17054
169,2022-01-28-06:27:28,3,5,3.57568
170,2022-01-28-06:27:31,5,7,2.85007
171,2022-01-28-06:27:36,7,4,4.43422
172,2022-01-28-06:27:38,4,5,2.09611
173,2022-01-28-06:27:40,5,4,2.03350
174,2022-01-28-06:27:42,4,5,2.20920
175,2022-01-28-06:27:45,5,3,2.96741
176,2022-01-28-06:27:50,3,2,4.72980
177,2022-01-28-06:27:55,2,1,5.08736
178,2022-01-28-06:27:57,1,7,1.96407
179,2022-01-28-06:27:59,7,4,2.16174
180,2022-01-28-06:28:01,4,5,1.91587
181,2022-01-28-06:28:02,5,2,1.66455
182,2022-01-28-06:28:04,2,0,2.12242
183,2022-01-28-06:28:07,0,5,2.41535
184,2022-01-28-06:28:11,5,2,4.04821
185,2022-01-28-06:28:16,2,1,5.46391
186,2022-01-28-06:28:18,1,4,1.52364
187,2022-01-28-06:28:20,4,3,2.28939
188,2022-01-28-06:28:24,3,7,3.47901
189,2022-01-28-06:28:27,7,3,3.46672
190,2022-01-28-06:28:31,3,7,3.68315
191,2022-01-28-06:28:34,7,6,3.13142
192,2022-01-28-06:28:37,6,5,3.37952
193,2022-01-28-06:28:41,5,4,3.72215
194,2022-01-28-06:28:46,4,1,4.67765
195,2022-01-28-06:28:49,1,6,3.10106
196,2022-01-28-06:28:52,6,1,3.55029
197,2022-01-28-06:28:55,1,6,2.95116
198,2022-01-28-06:28:58,6,7,3.03974
199,2022-01-28-06:29:02,7,6,3.08994
200,2022-01-28-06:29:04,6,3,2.10739
201,2022-01-28-06:29:06,3,6,2.28855
202,2022-01-28-06:29:09,6,5,3.37760
203,2022-01-28-06:29:14,5,3,4.69961
204,2022-01-28-06:29:16,3,4,2.35819
205,2022-01-28-06:29:19,4,6,3.12209
206,2022-01-28-06:29:23,6,0,3.30080
207,2022-01-28-06:29:25,0,5,2.21075
208,2022-01-28-06:29:28,5,7,2.78035
209,2022-01-28-06:29:31,7,0,3.25381
210,2022-01-28-06:29:33,0,7,2.09201
211,2022-01-28-06:29:36,7,3,2.47259
212,2022-01-28-06:29:38,3,4,2.33693
213,2022-01-28-06:29:40,4,3,2.19861
214,2022-01-28-06:29:43,3,1,2.43189
215,2022-01-28-06:29:45,1,2,2.32711
216,2022-01-28-06:29:48,2,7,3.08518
217,2022-01-28-06:29:51,7,0,2.55811
218,2022-01-28-06:29:54,0,3,2.92123
219,2022-01-28-06:29:57,3,2,3.03945
220,2022-01-28-06:29:58,2,5,1.91507
221,2022-01-28-06:30:01,5,7,2.96954
222,2022-01-28-06:30:05,7,4,3.34911
223,2022-01-28-06:30:09,4,1,4.11915
224,2022-01-28-06:30:11,1,7,1.83564
225,2022-01-28-06:30:13,7,3,2.46353
226,2022-01-28-06:30:16,3,6,2.32852
227,2022-01-28-06:30:18,6,7,2.68901
228,2022-01-28-06:30:21,7,2,2.99939
229,2022-01-28-06:30:23,2,1,2.12719
230,2022-01-28-06:30:26,1,7,2.19847
231,2022-01-28-06:30:29,7,6,3.08637
232,2022-01-28-06:30:33,6,1,3.90264
233,2022-01-28-06:30:34,1,7,1.87679
234,2022-01-28-06:30:37,7,6,2.90398
235,2022-01-28-06:30:41,6,1,3.42144
236,2022-01-28-06:30:42,1,0,1.34186
237,2022-01-28-06:30:44,0,4,1.73072
238,2022-01-28-06:30:46,4,2,2.48872
239,2022-01-28-06:30:49,2,1,2.50365
240,2022-01-28-06:30:50,1,0,1.46705
241,2022-01-28-06:30:52,0,2,2.09485
242,2022-01-28-06:30:54,2,0,1.99892
243,2022-01-28-06:30:56,0,1,1.35870
244,2022-01-28-06:30:58,1,4,2.02528
245,2022-01-28-06:31:00,4,2,2.58186
246,2022-01-28-06:31:03,2,1,2.37646
247,2022-01-28-06:31:04,1,4,1.68271
248,2022-01-28-06:31:07,4,3,2.26196
249,2022-01-28-06:31:09,3,4,2.74786
250,2022-01-28-06:31:12,4,7,2.04897
251,2022-01-28-06:31:14,7,0,2.12654
252,2022-01-28-06:31:18,0,6,4.15971
253,2022-01-28-06:31:20,6,3,2.20727
254,2022-01-28-06:31:23,3,5,2.81460
255,2022-01-28-06:31:26,5,7,2.85484
256,2022-01-28-06:31:29,7,6,2.85088
257,2022-01-28-06:31:32,6,0,3.83897
258,2022-01-28-06:31:34,0,1,1.67935
259,2022-01-28-06:31:36,1,7,1.97215
260,2022-01-28-06:31:38,7,1,1.95493
261,2022-01-28-06:31:41,1,3,2.98865
262,2022-01-28-06:31:43,3,5,2.42546
263,2022-01-28-06:31:47,5,6,3.43711
264,2022-01-28-06:31:51,6,2,4.01607
265,2022-01-28-06:31:55,2,7,3.74160
266,2022-01-28-06:31:58,7,2,3.76263
267,2022-01-28-06:32:03,2,6,4.43908
268,2022-01-28-06:32:06,6,1,3.24581
269,2022-01-28-06:32:08,1,7,2.27117
270,2022-01-28-06:32:11,7,0,2.41318
271,2022-01-28-06:32:13,0,7,2.31811
272,2022-01-28-06:32:18,7,3,4.76928
273,2022-01-28-06:32:22,3,5,3.67363
274,2022-01-28-06:32:25,5,6,3.49141
275,2022-01-28-06:32:28,6,7,3.01581
276,2022-01-28-06:32:31,7,6,2.94139
277,2022-01-28-06:32:35,6,0,3.87984
278,2022-01-28-06:32:37,0,7,2.46121
279,2022-01-28-06:32:40,7,3,2.88716
280,2022-01-28-06:32:43,3,1,3.07895
281,2022-01-28-06:32:46,1,2,2.40525
282,2022-01-28-06:32:48,2,5,2.09880
283,2022-01-28-06:32:51,5,7,3.34924
284,2022-01-28-06:32:55,7,4,3.90821
285,2022-01-28-06:32:57,4,7,2.16194
286,2022-01-28-06:33:00,7,4,2.38488
287,2022-01-28-06:33:02,4,0,2.08902
288,2022-01-28-06:33:04,0,5,2.34315
289,2022-01-28-06:33:07,5,7,3.05595
290,2022-01-28-06:33:11,7,0,3.40571
291,2022-01-28-06:33:12,0,4,1.84089
292,2022-01-28-06:33:14,4,0,1.96660
293,2022-01-28-06:33:17,0,7,2.24974
294,2022-01-28-06:33:20,7,5,3.20799
295,2022-01-28-06:33:22,5,0,2.65685
296,2022-01-28-06:33:25,0,7,2.50700
297,2022-01-28-06:33:27,7,1,2.14042
298,2022-01-28-06:33:29,1,4,1.65148
299,2022-01-28-06:33:31,4,1,1.92682
300,2022-01-28-06:33:33,1,2,2.21392
301,2022-01-28-06:33:36,2,7,2.95532
302,2022-01-28-06:33:39,7,6,2.94853
303,2022-01-28-06:33:43,6,0,4.00705
304,2022-01-28-06:33:47,0,6,4.31909
305,2022-01-28-06:33:51,6,5,4.13401
306,2022-01-28-06:33:54,5,7,3.11299
307,2022-01-28-06:33:58,7,0,3.27395
308,2022-01-28-06:34:00,0,3,2.67648
309,2022-01-28-06:34:03,3,0,3.09455
310,2022-01-28-06:34:05,0,4,2.02732
311,2022-01-28-06:34:07,4,1,1.76356
312,2022-01-28-06:34:10,1,7,2.43518
313,2022-01-28-06:34:12,7,3,2.59450
314,2022-01-28-06:34:16,3,7,3.92876
315,2022-01-28-06:34:19,7,6,2.77041
316,2022-01-28-06:34:23,6,1,4.42372
317,2022-01-28-06:34:26,1,7,2.17050
318,2022-01-28-06:34:30,7,6,4.64532
319,2022-01-28-06:34:34,6,5,3.79725
320,2022-01-28-06:34:37,5,7,3.04979
321,2022-01-28-06:34:41,7,4,3.93196
322,2022-01-28-06:34:44,4,3,2.60418
323,2022-01-28-06:34:46,3,6,2.54539
324,2022-01-28-06:34:48,6,3,2.28372
325,2022-01-28-06:34:51,3,1,2.97331
326,2022-01-28-06:34:54,1,7,2.03616
327,2022-01-28-06:34:57,7,0,3.08855
328,2022-01-28-06:34:59,0,2,2.02451
329,2022-01-28-06:35:01,2,4,2.21017
330,2022-01-28-06:35:03,4,5,2.24613
331,2022-01-28-06:35:08,5,2,4.92826
332,2022-01-28-06:35:11,2,6,3.47106
333,2022-01-28-06:35:16,6,1,4.29611
334,2022-01-28-06:35:19,1,3,2.94338
335,2022-01-28-06:35:21,3,5,2.72777
336,2022-01-28-06:35:25,5,3,3.57491
337,2022-01-28-06:35:29,3,1,3.94636
338,2022-01-28-06:35:31,1,5,2.52229
339,2022-01-28-06:35:34,5,4,2.28055
340,2022-01-28-06:35:36,4,5,2.21898
341,2022-01-28-06:35:39,5,3,2.78228
342,2022-01-28-06:35:42,3,4,2.76536
343,2022-01-28-06:35:45,4,6,3.75000
344,2022-01-28-06:35:49,6,0,3.90123
345,2022-01-28-06:35:52,0,5,2.86902
346,2022-01-28-06:35:54,5,2,1.92112
347,2022-01-28-06:35:56,2,1,2.12846
348,2022-01-28-06:35:59,1,3,2.76921
349,2022-01-28-06:36:03,3,7,3.90448
350,2022-01-28-06:36:07,7,0,3.66823
351,2022-01-28-06:36:09,0,7,2.50106
352,2022-01-28-06:36:12,7,5,3.05230
353,2022-01-28-06:36:16,5,2,4.39273
354,2022-01-28-06:36:22,2,0,5.12017
355,2022-01-28-06:36:24,0,2,2.13655
356,2022-01-28-06:36:27,2,6,3.69431
357,2022-01-28-06:36:32,6,4,4.39129
358,2022-01-28-06:36:36,4,6,3.69315
359,2022-01-28-06:36:39,6,4,3.88883
360,2022-01-28-06:36:41,4,1,1.73937
361,2022-01-28-06:36:43,1,4,1.76072
362,2022-01-28-06:36:45,4,1,1.62974
363,2022-01-28-06:36:46,1,4,1.63744
364,2022-01-28-06:36:49,4,2,2.30608
365,2022-01-28-06:36:51,2,0,2.26467
366,2022-01-28-06:36:54,0,6,3.30646
367,2022-01-28-06:36:57,6,0,3.24255
368,2022-01-28-06:36:59,0,4,1.96577
369,2022-01-28-06:37:01,4,1,1.59567
370,2022-01-28-06:37:03,1,7,2.23838
371,2022-01-28-06:37:05,7,4,2.26121
372,2022-01-28-06:37:08,4,3,2.68296
373,2022-01-28-06:37:11,3,4,2.45010
374,2022-01-28-06:37:13,4,7,2.42109
375,2022-01-28-06:37:16,7,5,3.30080
376,2022-01-28-06:37:18,5,0,2.17312
377,2022-01-28-06:37:21,0,7,2.35253
378,2022-01-28-06:37:23,7,4,2.47823
379,2022-01-28-06:37:27,4,6,4.07552
380,2022-01-28-06:37:32,6,1,4.39663
381,2022-01-28-06:37:34,1,2,2.52720
382,2022-01-28-06:37:38,2,3,3.95834
383,2022-01-28-06:37:43,3,1,4.45973
384,2022-01-28-06:37:47,1,6,4.32036
385,2022-01-28-06:37:51,6,3,4.19027
386,2022-01-28-06:37:54,3,4,2.61385
387,2022-01-28-06:37:58,4,6,4.08794
388,2022-01-28-06:38:02,6,5,3.82064
389,2022-01-28-06:38:04,5,0,2.29773
390,2022-01-28-06:38:06,0,7,2.26974
391,2022-01-28-06:38:09,7,1,2.26456
392,2022-01-28-06:38:11,1,2,2.39442
393,2022-01-28-06:38:15,2,6,3.74650
394,2022-01-28-06:38:19,6,4,4.03605
395,2022-01-28-06:38:22,4,6,3.77176
396,2022-01-28-06:38:26,6,5,3.70778
397,2022-01-28-06:38:30,5,3,3.36434
398,2022-01-28-06:38:32,3,4,2.56164
399,2022-01-28-06:38:34,4,0,2.27775
400,2022-01-28-06:38:37,0,7,2.62502
401,2022-01-28-06:38:40,7,5,3.33840
402,2022-01-28-06:38:44,5,7,3.14518
403,2022-01-28-06:38:47,7,5,3.00961
404,2022-01-28-06:38:49,5,4,2.66029
405,2022-01-28-06:38:51,4,1,2.06161
406,2022-01-28-06:38:54,1,2,2.41739
407,2022-01-28-06:38:56,2,5,1.99722
408,2022-01-28-06:39:00,5,2,4.66299
409,2022-01-28-06:39:05,2,1,4.92595
410,2022-01-28-06:39:07,1,0,1.47628
411,2022-01-28-06:39:09,0,7,2.38774
412,2022-01-28-06:39:13,7,5,3.42600
413,2022-01-28-06:39:15,5,1,2.77905
414,2022-01-28-06:39:17,1,4,1.82162
415,2022-01-28-06:39:21,4,6,4.09472
416,2022-01-28-06:39:26,6,1,4.30981
417,2022-01-28-06:39:27,1,0,1.77084
418,2022-01-28-06:39:30,0,3,3.08631
419,2022-01-28-06:39:34,3,7,4.00885
420,2022-01-28-06:39:38,7,3,3.81233
421,2022-01-28-06:39:42,3,1,3.35144
422,2022-01-28-06:39:46,1,3,4.68298
423,2022-01-28-06:39:51,3,7,4.30925
424,2022-01-28-06:39:54,7,6,3.35301
425,2022-01-28-06:39:57,6,3,2.54333
426,2022-01-28-06:40:00,3,1,3.24858
427,2022-01-28-06:40:02,1,2,2.45838
428,2022-01-28-06:40:06,2,3,3.95852
429,2022-01-28-06:40:11,3,5,4.61744
430,2022-01-28-06:40:13,5,2,2.52686
431,2022-01-28-06:40:16,2,0,2.38863
432,2022-01-28-06:40:17,0,1,1.62748
433,2022-01-28-06:40:19,1,4,1.72610
434,2022-01-28-06:40:22,4,7,2.43438
435,2022-01-28-06:40:26,7,3,4.59863
436,2022-01-28-06:40:30,3,6,3.60145
437,2022-01-28-06:40:34,6,3,4.02276
438,2022-01-28-06:40:37,3,5,2.90206
439,2022-01-28-06:40:41,5,6,3.85213
440,2022-01-28-06:40:45,6,4,4.29265
441,2022-01-28-06:40:47,4,0,2.13170
442,2022-01-28-06:40:52,0,6,4.58555
443,2022-01-28-06:40:56,6,3,4.11559
444,2022-01-28-06:41:00,3,6,4.19323
445,2022-01-28-06:41:04,6,1,3.86268
446,2022-01-28-06:41:06,1,5,2.47405
447,2022-01-28-06:41:10,5,7,3.30921
448,2022-01-28-06:41:14,7,2,4.90950
449,2022-01-28-06:41:20,2,7,5.34203
450,2022-01-28-06:41:22,7,1,2.12763
451,2022-01-28-06:41:24,1,0,1.88988
452,2022-01-28-06:41:26,0,4,2.02205
453,2022-01-28-06:41:28,4,7,2.25651
454,2022-01-28-06:41:31,7,3,2.60675
455,2022-01-28-06:41:34,3,7,3.61560
456,2022-01-28-06:41:38,7,3,3.97652
457,2022-01-28-06:41:43,3,2,5.20251
458,2022-01-28-06:41:48,2,0,4.36365
459,2022-01-28-06:41:51,0,5,3.09503
460,2022-01-28-06:41:56,5,2,4.90234
461,2022-01-28-06:42:00,2,7,3.72303
462,2022-01-28-06:42:04,7,3,4.06025
463,2022-01-28-06:42:07,3,2,3.61842
464,2022-01-28-06:42:10,2,1,2.49918
465,2022-01-28-06:42:12,1,2,2.41929
466,2022-01-28-06:42:15,2,4,2.80253
467,2022-01-28-06:42:18,4,2,2.82468
468,2022-01-28-06:42:20,2,4,2.46463
469,2022-01-28-06:42:25,4,6,4.36028
470,2022-01-28-06:42:29,6,3,4.29381
471,2022-01-28-06:42:32,3,6,2.58586
472,2022-01-28-06:42:35,6,5,3.52713
473,2022-01-28-06:42:38,5,1,3.27668
474,2022-01-28-06:42:41,1,2,2.59428
475,2022-01-28-06:42:44,2,7,3.20358
476,2022-01-28-06:42:47,7,2,3.03755
477,2022-01-28-06:42:50,2,1,2.59967
478,2022-01-28-06:42:53,1,2,2.74955
479,2022-01-28-06:42:56,2,6,3.84009
480,2022-01-28-06:43:01,6,2,4.29089
481,2022-01-28-06:43:06,2,3,5.37959
482,2022-01-28-06:43:11,3,2,4.97800
483,2022-01-28-06:43:16,2,1,4.63231
484,2022-01-28-06:43:19,1,6,3.38769
485,2022-01-28-06:43:24,6,2,5.13178
486,2022-01-28-06:43:30,2,5,5.50094
487,2022-01-28-06:43:34,5,4,4.34497
488,2022-01-28-06:43:38,4,5,3.97727
489,2022-01-28-06:43:41,5,1,3.01624
490,2022-01-28-06:43:44,1,2,2.80476
491,2022-01-28-06:43:46,2,4,2.51505
492,2022-01-28-06:43:51,4,2,4.87286
493,2022-01-28-06:43:55,2,7,3.83746
494,2022-01-28-06:43:59,7,0,3.56665
495,2022-01-28-06:44:03,0,6,4.01943
496,2022-01-28-06:44:07,6,5,4.11713
497,2022-01-28-06:44:11,5,3,4.03560
498,2022-01-28-06:44:14,3,5,2.82083
499,2022-01-28-06:44:17,5,4,3.00841
500,2022-01-28-06:44:19,4,1,1.94351
501,2022-01-28-06:44:23,1,6,4.41213
502,2022-01-28-06:44:28,6,1,5.38635
503,2022-01-28-06:44:31,1,7,2.36252
504,2022-01-28-06:44:33,7,4,2.40939
505,2022-01-28-06:44:35,4,0,2.11577
506,2022-01-28-06:44:40,0,6,4.95857
507,2022-01-28-06:44:44,6,0,3.98072
508,2022-01-28-06:44:48,0,5,3.73125
509,2022-01-28-06:44:51,5,7,3.20452
510,2022-01-28-06:44:57,7,1,5.67856
511,2022-01-28-06:44:59,1,0,1.67772
512,2022-01-28-06:45:00,0,1,1.70058
513,2022-01-28-06:45:02,1,4,2.05554
514,2022-01-28-06:45:07,4,6,4.20905
515,2022-01-28-06:45:12,6,1,5.22541
516,2022-01-28-06:45:17,1,6,4.77360
517,2022-01-28-06:45:21,6,3,4.32384
518,2022-01-28-06:45:24,3,4,2.78577
519,2022-01-28-06:45:29,4,2,4.92651
520,2022-01-28-06:45:31,2,4,2.34446
521,2022-01-28-06:45:36,4,7,4.90874
522,2022-01-28-06:45:39,7,2,3.24895
523,2022-01-28-06:45:41,2,5,2.28863
524,2022-01-28-06:45:44,5,7,2.98041
525,2022-01-28-06:45:48,7,3,4.03405
526,2022-01-28-06:45:51,3,6,2.64876
527,2022-01-28-06:45:55,6,1,3.70661
528,2022-01-28-06:45:57,1,2,2.65140
529,2022-01-28-06:46:02,2,6,4.29161
530,2022-01-28-06:46:05,6,7,3.17209
531,2022-01-28-06:46:09,7,2,4.36020
532,2022-01-28-06:46:14,2,7,4.32658
533,2022-01-28-06:46:17,7,2,3.09503
534,2022-01-28-06:46:19,2,1,2.62450
535,2022-01-28-06:46:22,1,7,2.40694
536,2022-01-28-06:46:25,7,6,3.39997
537,2022-01-28-06:46:30,6,2,5.14275
538,2022-01-28-06:46:35,2,5,4.52519
539,2022-01-28-06:46:39,5,6,4.02968
540,2022-01-28-06:46:43,6,0,4.35620
541,2022-01-28-06:46:45,0,4,2.18131
542,2022-01-28-06:46:48,4,2,2.78824
543,2022-01-28-06:46:51,2,1,2.53550
544,2022-01-28-06:46:55,1,6,4.52673
545,2022-01-28-06:46:59,6,2,3.78759
546,2022-01-28-06:47:02,2,3,3.38877
547,2022-01-28-06:47:07,3,6,4.52588
548,2022-01-28-06:47:10,6,4,3.60290
549,2022-01-28-06:47:13,4,5,2.54300
550,2022-01-28-06:47:17,5,6,3.59699
551,2022-01-28-06:47:21,6,1,4.26277
552,2022-01-28-06:47:23,1,0,1.79421
553,2022-01-28-06:47:27,0,6,4.31992
554,2022-01-28-06:47:31,6,2,3.81889
555,2022-01-28-06:47:35,2,6,3.90241
556,2022-01-28-06:47:38,6,3,2.78863
557,2022-01-28-06:47:43,3,2,5.13147
558,2022-01-28-06:47:45,2,4,2.32040
559,2022-01-28-06:47:50,4,7,4.57551
560,2022-01-28-06:47:53,7,0,3.75970
561,2022-01-28-06:47:55,0,1,1.82152
562,2022-01-28-06:47:58,1,5,3.06614
563,2022-01-28-06:48:02,5,6,3.50747
564,2022-01-28-06:48:06,6,7,4.07994
565,2022-01-28-06:48:10,7,4,4.59507
566,2022-01-28-06:48:13,4,7,2.47436
567,2022-01-28-06:48:17,7,5,3.65737
568,2022-01-28-06:48:19,5,2,2.58351
569,2022-01-28-06:48:23,2,7,3.51648
570,2022-01-28-06:48:25,7,0,2.49872
571,2022-01-28-06:48:27,0,1,2.06438
572,2022-01-28-06:48:30,1,7,2.70343
573,2022-01-28-06:48:34,7,5,3.97262
574,2022-01-28-06:48:38,5,3,4.18622
575,2022-01-28-06:48:42,3,5,3.64865
576,2022-01-28-06:48:45,5,7,3.47074
577,2022-01-28-06:48:56,7,2,10.76653
578,2022-01-28-06:49:01,2,0,5.29627
579,2022-01-28-06:49:08,0,7,6.42339
580,2022-01-28-06:49:13,7,5,4.29259
581,2022-01-28-06:49:15,5,0,2.52890
582,2022-01-28-06:49:18,0,2,2.47193
583,2022-01-28-06:49:22,2,6,4.16221
584,2022-01-28-06:49:26,6,3,4.27400
585,2022-01-28-06:49:30,3,5,3.81437
586,2022-01-28-06:49:33,5,7,3.18732
587,2022-01-28-06:49:38,7,4,4.52649
588,2022-01-28-06:49:43,4,2,4.97935
589,2022-01-28-06:49:48,2,3,5.46631
590,2022-01-28-06:49:51,3,6,2.80108
591,2022-01-28-06:49:54,6,7,3.16476
592,2022-01-28-06:50:00,7,2,5.40135
593,2022-01-28-06:50:05,2,1,5.39089
594,2022-01-28-06:50:08,1,2,2.78871
595,2022-01-28-06:50:12,2,3,4.14980
596,2022-01-28-06:50:16,3,6,3.96439
597,2022-01-28-06:50:20,6,5,3.95765
598,2022-01-28-06:50:23,5,7,3.31319
599,2022-01-28-06:50:27,7,0,3.55473
600,2022-01-28-06:50:30,0,5,2.64223
601,2022-01-28-06:50:33,5,3,3.82514
602,2022-01-28-06:50:39,3,2,5.31967
603,2022-01-28-06:50:41,2,0,2.67537
604,2022-01-28-06:50:43,0,1,1.91866
605,2022-01-28-06:50:48,1,6,4.75734
606,2022-01-28-06:50:52,6,2,4.28646
607,2022-01-28-06:50:55,2,0,2.54874
608,2022-01-28-06:51:00,0,5,4.84464
609,2022-01-28-06:51:04,5,7,3.67686
610,2022-01-28-06:51:09,7,1,4.82171
611,2022-01-28-06:51:14,1,6,5.75959
612,2022-01-28-06:51:23,6,4,8.18123
613,2022-01-28-06:51:26,4,5,3.36895
614,2022-01-28-06:51:31,5,4,4.96176
615,2022-01-28-06:51:37,4,3,5.66512
616,2022-01-28-06:51:42,3,2,4.77791
617,2022-01-28-06:51:45,2,7,3.12638
618,2022-01-28-06:51:50,7,1,5.03157
619,2022-01-28-06:51:53,1,7,2.79268
620,2022-01-28-06:51:57,7,6,4.61019
621,2022-01-28-06:52:03,6,0,5.70113
622,2022-01-28-06:52:06,0,3,3.56914
623,2022-01-28-06:52:11,3,7,4.66225
624,2022-01-28-06:52:15,7,5,3.54413
625,2022-01-28-06:52:17,5,4,2.61392
626,2022-01-28-06:52:21,4,1,4.24493
627,2022-01-28-06:52:25,1,5,3.29308
628,2022-01-28-06:52:27,5,2,2.19718
629,2022-01-28-06:52:29,2,5,2.13475
630,2022-01-28-06:52:32,5,4,2.49127
631,2022-01-28-06:52:35,4,2,2.99155
632,2022-01-28-06:52:37,2,5,2.47967
633,2022-01-28-06:52:40,5,0,2.48367
634,2022-01-28-06:52:42,0,2,2.48995
635,2022-01-28-06:52:46,2,7,3.40289
636,2022-01-28-06:52:50,7,1,4.16296
637,2022-01-28-06:52:52,1,7,2.39876
638,2022-01-28-06:52:56,7,2,3.53677
639,2022-01-28-06:52:58,2,5,2.38646
640,2022-01-28-06:53:02,5,3,3.56195
641,2022-01-28-06:53:07,3,1,5.37605
642,2022-01-28-06:53:10,1,3,3.13744
643,2022-01-28-06:53:13,3,4,3.19853
644,2022-01-28-06:53:20,4,2,6.78484
645,2022-01-28-06:53:34,2,6,9.91248
646,2022-01-28-06:53:42,6,2,8.63099
647,2022-01-28-06:53:50,2,6,7.45753
648,2022-01-28-06:53:57,6,3,6.18794
649,2022-01-28-06:54:02,3,5,4.21508
650,2022-01-28-06:54:05,5,3,2.87665
651,2022-01-28-06:54:08,3,1,3.32679
652,2022-01-28-06:54:09,1,4,1.49506
653,2022-01-28-06:54:11,4,0,1.88490
654,2022-01-28-06:54:14,0,7,2.22276
655,2022-01-28-06:54:16,7,3,2.56697
656,2022-01-28-06:54:19,3,0,2.63016
657,2022-01-28-06:54:21,0,4,2.14760
658,2022-01-28-06:54:22,4,1,1.50665
659,2022-01-28-06:54:25,1,5,2.26852
660,2022-01-28-06:54:27,5,0,2.14567
661,2022-01-28-06:54:29,0,7,2.41933
662,2022-01-28-06:54:32,7,5,2.94853
663,2022-01-28-06:54:36,5,7,3.36627
664,2022-01-28-06:54:40,7,2,4.55738
665,2022-01-28-06:54:47,2,0,6.29860
666,2022-01-28-06:54:49,0,4,1.93145
667,2022-01-28-06:54:50,4,0,1.91776
668,2022-01-28-06:54:54,0,6,3.09525
669,2022-01-28-06:55:01,6,4,7.33515
670,2022-01-28-06:55:18,4,6,8.27691
671,2022-01-28-06:55:28,6,3,6.65012
672,2022-01-28-06:55:32,3,4,4.26673
673,2022-01-28-06:55:36,4,1,4.09075
674,2022-01-28-06:55:38,1,2,2.32887
675,2022-01-28-06:55:41,2,0,2.15123
676,2022-01-28-06:55:43,0,7,2.17738
677,2022-01-28-06:55:46,7,2,3.29505
678,2022-01-28-06:55:50,2,3,3.98309
679,2022-01-28-06:55:53,3,1,2.61967
680,2022-01-28-06:55:55,1,7,1.90117
681,2022-01-28-06:55:57,7,0,2.51363
682,2022-01-28-06:56:00,0,4,2.71999
683,2022-01-28-06:56:02,4,3,2.43065
684,2022-01-28-06:56:06,3,7,3.55691
685,2022-01-28-06:56:10,7,5,4.30358
686,2022-01-28-06:56:13,5,3,2.81804
687,2022-01-28-06:56:17,3,7,3.60297
688,2022-01-28-06:56:20,7,4,3.82530
689,2022-01-28-06:56:25,4,5,4.15650
690,2022-01-28-06:56:28,5,3,3.10272
691,2022-01-28-06:56:34,3,2,5.74655
692,2022-01-28-06:56:39,2,3,5.93526
693,2022-01-28-06:56:43,3,2,3.03393
694,2022-01-28-06:56:46,2,7,2.92298
695,2022-01-28-06:56:52,7,2,6.68326
696,2022-01-28-06:56:57,2,1,4.58656
697,2022-01-28-06:56:58,1,0,1.40061
698,2022-01-28-06:57:00,0,5,2.14699
699,2022-01-28-06:57:02,5,2,1.84610
700,2022-01-28-06:57:04,2,0,2.08165
701,2022-01-28-06:57:06,0,2,2.06492
702,2022-01-28-06:57:10,2,6,3.51561
703,2022-01-28-06:57:14,6,3,4.37668
704,2022-01-28-06:57:17,3,6,2.25039
705,2022-01-28-06:57:20,6,1,2.98345
706,2022-01-28-06:57:22,1,2,2.27649
707,2022-01-28-06:57:25,2,6,3.50152
708,2022-01-28-06:57:30,6,4,4.62603
709,2022-01-28-06:57:34,4,6,3.78377
710,2022-01-28-06:57:37,6,4,3.77962
711,2022-01-28-06:57:42,4,2,4.52928
712,2022-01-28-06:57:45,2,3,3.09239
713,2022-01-28-06:57:49,3,6,3.82284
714,2022-01-28-06:57:53,6,2,4.46212
715,2022-01-28-06:58:02,2,1,8.10316
716,2022-01-28-06:58:04,1,2,2.31665
717,2022-01-28-06:58:07,2,7,2.85096
718,2022-01-28-06:58:10,7,5,2.87819
719,2022-01-28-06:58:12,5,0,2.19055
720,2022-01-28-06:58:13,0,4,1.70768
721,2022-01-28-06:58:16,4,5,2.34850
722,2022-01-28-06:58:19,5,4,3.12719
723,2022-01-28-06:58:21,4,1,1.70700
724,2022-01-28-06:58:24,1,6,3.06214
725,2022-01-28-06:58:28,6,5,3.85352
726,2022-01-28-06:58:30,5,0,2.46341
727,2022-01-28-06:58:33,0,3,2.96772
728,2022-01-28-06:58:35,3,6,2.21257
729,2022-01-28-06:58:37,6,3,2.26522
730,2022-01-28-06:58:40,3,7,2.32365
731,2022-01-28-06:58:44,7,3,4.24194
732,2022-01-28-06:58:48,3,2,3.76081
733,2022-01-28-06:58:51,2,3,3.13397
734,2022-01-28-06:58:53,3,1,2.48536
735,2022-01-28-06:58:56,1,3,2.89397
736,2022-01-28-06:58:59,3,1,2.46045
737,2022-01-28-06:59:00,1,0,1.32902
738,2022-01-28-06:59:03,0,3,2.64786
739,2022-01-28-06:59:06,3,2,2.78883
740,2022-01-28-06:59:08,2,4,2.06699
741,2022-01-28-06:59:10,4,5,2.08642
742,2022-01-28-06:59:12,5,0,2.31605
743,2022-01-28-06:59:13,0,1,1.32697
744,2022-01-28-06:59:16,1,5,2.18874
745,2022-01-28-06:59:18,5,0,2.23096
746,2022-01-28-06:59:19,0,1,1.24533
747,2022-01-28-06:59:20,1,0,1.35954
748,2022-01-28-06:59:22,0,2,1.90985
749,2022-01-28-06:59:24,2,5,1.85535
750,2022-01-28-06:59:27,5,4,2.35362
751,2022-01-28-06:59:29,4,5,2.03021
752,2022-01-28-06:59:31,5,0,2.01073
753,2022-01-28-06:59:33,0,2,2.20640
754,2022-01-28-06:59:36,2,7,3.05324
755,2022-01-28-06:59:38,7,1,1.94684
756,2022-01-28-06:59:40,1,7,1.84153
757,2022-01-28-06:59:42,7,0,2.38679
758,2022-01-28-06:59:44,0,4,1.90831
759,2022-01-28-06:59:47,4,3,2.63382
760,2022-01-28-06:59:49,3,5,2.45809
761,2022-01-28-06:59:53,5,4,3.60835
762,2022-01-28-06:59:57,4,1,4.20765
763,2022-01-28-06:59:59,1,5,2.35795
764,2022-01-28-07:00:03,5,6,3.36648
765,2022-01-28-07:00:08,6,3,5.37827
766,2022-01-28-07:00:11,3,6,3.44084
767,2022-01-28-07:00:15,6,5,3.71887
768,2022-01-28-07:00:18,5,6,3.36873
769,2022-01-28-07:00:23,6,7,4.33150
770,2022-01-28-07:00:26,7,6,2.76592
771,2022-01-28-07:00:29,6,7,3.04100
772,2022-01-28-07:00:34,7,6,5.33856
773,2022-01-28-07:00:38,6,3,3.63531
774,2022-01-28-07:00:41,3,2,3.43809
775,2022-01-28-07:00:44,2,3,3.36135
776,2022-01-28-07:00:47,3,5,2.29633
777,2022-01-28-07:00:50,5,6,3.33148
778,2022-01-28-07:00:54,6,1,3.79746
779,2022-01-28-07:00:56,1,5,2.34153
780,2022-01-28-07:00:58,5,4,1.96653
781,2022-01-28-07:01:00,4,5,1.87725
782,2022-01-28-07:01:04,5,2,3.80645
783,2022-01-28-07:01:08,2,0,4.22473
784,2022-01-28-07:01:10,0,2,2.17028
785,2022-01-28-07:01:12,2,5,1.57885
786,2022-01-28-07:01:15,5,6,3.21259
787,2022-01-28-07:01:19,6,7,4.16841
788,2022-01-28-07:01:21,7,4,1.97001
789,2022-01-28-07:01:23,4,3,2.28195
790,2022-01-28-07:01:26,3,4,2.38115
791,2022-01-28-07:01:28,4,7,2.04347
792,2022-01-28-07:01:31,7,5,3.01000
793,2022-01-28-07:01:35,5,6,3.66328
794,2022-01-28-07:01:39,6,0,4.15845
795,2022-01-28-07:01:40,0,1,1.20543
796,2022-01-28-07:01:43,1,3,2.82799
797,2022-01-28-07:01:46,3,4,2.89031
798,2022-01-28-07:01:47,4,1,1.54048
799,2022-01-28-07:01:50,1,6,3.01607
800,2022-01-28-07:01:53,6,5,3.19542
801,2022-01-28-07:01:56,5,6,2.95196
802,2022-01-28-07:02:00,6,7,3.72938
803,2022-01-28-07:02:03,7,2,3.32035
