date,init_position,final_position,time
1,2022-01-24-22:35:33,-1,3,2.789153
2,2022-01-24-22:35:36,3,7,3.295149
3,2022-01-24-22:35:39,7,0,3.095656
4,2022-01-24-22:35:41,0,2,1.723945
5,2022-01-24-22:35:43,2,7,2.592702
6,2022-01-24-22:35:46,7,5,2.628483
7,2022-01-24-22:35:48,5,1,1.985600
8,2022-01-24-22:35:50,1,2,1.962831
9,2022-01-24-22:35:53,2,7,2.530300
10,2022-01-24-22:35:56,7,3,3.230013
11,2022-01-24-22:35:58,3,0,2.561598
12,2022-01-24-22:36:00,0,7,1.922618
13,2022-01-24-22:36:02,7,1,1.715122
14,2022-01-24-22:36:04,1,5,1.996119
15,2022-01-24-22:36:06,5,4,2.070105
16,2022-01-24-22:36:08,4,3,2.062564
17,2022-01-24-22:36:10,3,7,2.232111
18,2022-01-24-22:36:12,7,1,1.696099
19,2022-01-24-22:36:13,1,4,1.297476
20,2022-01-24-22:36:15,4,0,1.526421
21,2022-01-24-22:36:17,0,7,1.949474
22,2022-01-24-22:36:19,7,1,1.703700
23,2022-01-24-22:36:20,1,4,1.344486
24,2022-01-24-22:36:23,4,6,3.489571
25,2022-01-24-22:36:26,6,7,2.592582
26,2022-01-24-22:36:29,7,0,3.131158
27,2022-01-24-22:36:33,0,7,3.555297
28,2022-01-24-22:36:37,7,6,4.351766
29,2022-01-24-22:36:40,6,2,3.299483
30,2022-01-24-22:36:44,2,6,3.225758
31,2022-01-24-22:36:46,6,1,2.736304
32,2022-01-24-22:36:48,1,2,1.992075
33,2022-01-24-22:36:52,2,6,3.263949
34,2022-01-24-22:36:53,6,3,1.951968
35,2022-01-24-22:36:57,3,7,3.311363
36,2022-01-24-22:37:00,7,1,3.591100
37,2022-01-24-22:37:03,1,3,2.301128
38,2022-01-24-22:37:05,3,0,2.364944
39,2022-01-24-22:37:07,0,4,1.532153
40,2022-01-24-22:37:08,4,0,1.483605
41,2022-01-24-22:37:10,0,4,1.529472
42,2022-01-24-22:37:11,4,0,1.556131
43,2022-01-24-22:37:15,0,6,3.453282
44,2022-01-24-22:37:18,6,3,3.148325
45,2022-01-24-22:37:21,3,0,3.299037
46,2022-01-24-22:37:23,0,7,1.927891
47,2022-01-24-22:37:26,7,2,2.596832
48,2022-01-24-22:37:28,2,7,2.600257
49,2022-01-24-22:37:31,7,2,2.700437
50,2022-01-24-22:37:33,2,4,1.788418
51,2022-01-24-22:37:36,4,6,3.561018
52,2022-01-24-22:37:40,6,0,3.555276
53,2022-01-24-22:37:41,0,1,1.088360
54,2022-01-24-22:37:43,1,3,2.402599
55,2022-01-24-22:37:45,3,6,1.996806
56,2022-01-24-22:37:48,6,5,2.726621
57,2022-01-24-22:37:50,5,0,2.039629
58,2022-01-24-22:37:52,0,5,1.957073
59,2022-01-24-22:37:54,5,1,1.927830
60,2022-01-24-22:37:55,1,0,1.104208
61,2022-01-24-22:37:57,0,3,2.443837
62,2022-01-24-22:38:01,3,7,3.421755
63,2022-01-24-22:38:04,7,3,3.249808
64,2022-01-24-22:38:06,3,6,2.045748
65,2022-01-24-22:38:09,6,1,2.901419
66,2022-01-24-22:38:11,1,7,1.688504
67,2022-01-24-22:38:14,7,5,2.828485
68,2022-01-24-22:38:16,5,1,2.038163
69,2022-01-24-22:38:18,1,2,1.996934
70,2022-01-24-22:38:21,2,6,3.145413
71,2022-01-24-22:38:24,6,0,3.060553
72,2022-01-24-22:38:25,0,1,1.041149
73,2022-01-24-22:38:28,1,6,2.714112
74,2022-01-24-22:38:30,6,1,2.688821
75,2022-01-24-22:38:33,1,3,2.377756
76,2022-01-24-22:38:37,3,2,4.238588
77,2022-01-24-22:38:41,2,1,4.373846
78,2022-01-24-22:38:45,1,6,3.612372
79,2022-01-24-22:38:49,6,7,4.063168
80,2022-01-24-22:38:51,7,0,2.016892
81,2022-01-24-22:38:52,0,1,1.061978
82,2022-01-24-22:38:55,1,6,2.665208
83,2022-01-24-22:38:58,6,2,3.384515
84,2022-01-24-22:39:01,2,6,3.296954
85,2022-01-24-22:39:06,6,2,4.637634
86,2022-01-24-22:39:10,2,3,4.435385
87,2022-01-24-22:39:13,3,5,2.403494
88,2022-01-24-22:39:16,5,3,3.039347
89,2022-01-24-22:39:19,3,4,3.542030
90,2022-01-24-22:39:21,4,0,1.518347
91,2022-01-24-22:39:24,0,6,2.850161
92,2022-01-24-22:39:28,6,4,4.158135
93,2022-01-24-22:39:30,4,2,2.047947
94,2022-01-24-22:39:34,2,3,4.311552
95,2022-01-24-22:39:37,3,5,2.335395
96,2022-01-24-22:39:39,5,7,2.596535
97,2022-01-24-22:39:42,7,0,3.108852
98,2022-01-24-22:39:44,0,7,2.029113
99,2022-01-24-22:39:46,7,4,1.889166
100,2022-01-24-22:39:48,4,0,1.566354
101,2022-01-24-22:39:50,0,2,1.782032
102,2022-01-24-22:39:51,2,5,1.545124
103,2022-01-24-22:39:53,5,0,1.993303
104,2022-01-24-22:39:55,0,4,1.519536
105,2022-01-24-22:39:56,4,0,1.532947
106,2022-01-24-22:39:58,0,7,1.982513
107,2022-01-24-22:40:00,7,1,1.699945
108,2022-01-24-22:40:01,1,4,1.330539
109,2022-01-24-22:40:03,4,0,1.556853
110,2022-01-24-22:40:05,0,5,2.178671
111,2022-01-24-22:40:08,5,6,3.118503
112,2022-01-24-22:40:11,6,2,3.305528
113,2022-01-24-22:40:13,2,4,1.828620
114,2022-01-24-22:40:15,4,3,2.140415
115,2022-01-24-22:40:19,3,5,3.238219
116,2022-01-24-22:40:21,5,1,1.964048
117,2022-01-24-22:40:22,1,0,1.087599
118,2022-01-24-22:40:24,0,7,1.929548
119,2022-01-24-22:40:26,7,2,2.634466
120,2022-01-24-22:40:28,2,5,1.569707
121,2022-01-24-22:40:30,5,1,1.995875
122,2022-01-24-22:40:31,1,4,1.323523
123,2022-01-24-22:40:33,4,3,2.061236
124,2022-01-24-22:40:35,3,4,2.107700
125,2022-01-24-22:40:37,4,7,1.901750
126,2022-01-24-22:40:41,7,6,4.077206
127,2022-01-24-22:40:45,6,7,4.017927
128,2022-01-24-22:40:49,7,6,4.164242
129,2022-01-24-22:40:53,6,3,4.002081
130,2022-01-24-22:40:56,3,1,2.439488
131,2022-01-24-22:41:00,1,6,3.603752
132,2022-01-24-22:41:03,6,5,3.204156
133,2022-01-24-22:41:05,5,1,2.035559
134,2022-01-24-22:41:07,1,3,2.471634
135,2022-01-24-22:41:10,3,0,2.411193
136,2022-01-24-22:41:13,0,6,3.590037
137,2022-01-24-22:41:16,6,7,2.644329
138,2022-01-24-22:41:19,7,0,3.115941
139,2022-01-24-22:41:21,0,5,1.976153
140,2022-01-24-22:41:24,5,7,2.574055
141,2022-01-24-22:41:26,7,5,2.617464
142,2022-01-24-22:41:28,5,0,1.967591
143,2022-01-24-22:41:30,0,4,1.564738
144,2022-01-24-22:41:32,4,2,1.932463
145,2022-01-24-22:41:33,2,4,1.754569
146,2022-01-24-22:41:35,4,2,1.812697
147,2022-01-24-22:41:37,2,1,2.003757
148,2022-01-24-22:41:39,1,4,1.335521
149,2022-01-24-22:41:40,4,0,1.506808
150,2022-01-24-22:41:41,0,1,1.070403
151,2022-01-24-22:41:42,1,4,1.325365
152,2022-01-24-22:41:44,4,5,1.805465
153,2022-01-24-22:41:46,5,0,2.055752
154,2022-01-24-22:41:49,0,3,2.506946
155,2022-01-24-22:41:51,3,0,2.404492
156,2022-01-24-22:41:53,0,7,1.996025
157,2022-01-24-22:41:56,7,2,2.705591
158,2022-01-24-22:41:58,2,0,1.739660
159,2022-01-24-22:42:00,0,3,2.402632
160,2022-01-24-22:42:02,3,4,2.091658
161,2022-01-24-22:42:04,4,3,2.145780
162,2022-01-24-22:42:06,3,4,2.061352
163,2022-01-24-22:42:08,4,0,1.538762
164,2022-01-24-22:42:09,0,1,1.070108
165,2022-01-24-22:42:10,1,4,1.332629
166,2022-01-24-22:42:12,4,0,1.542471
167,2022-01-24-22:42:15,0,3,3.353790
168,2022-01-24-22:42:19,3,1,3.511628
169,2022-01-24-22:42:22,1,6,3.755970
170,2022-01-24-22:42:26,6,4,3.228395
171,2022-01-24-22:42:28,4,2,2.601603
172,2022-01-24-22:42:33,2,3,4.254695
173,2022-01-24-22:42:35,3,4,2.101034
174,2022-01-24-22:42:37,4,3,2.149002
175,2022-01-24-22:42:40,3,6,3.681062
176,2022-01-24-22:42:44,6,3,3.657279
177,2022-01-24-22:42:47,3,1,2.454900
178,2022-01-24-22:42:48,1,0,1.056026
179,2022-01-24-22:42:50,0,5,2.072666
180,2022-01-24-22:42:51,5,2,1.589528
181,2022-01-24-22:42:54,2,6,3.129258
182,2022-01-24-22:42:58,6,1,3.636728
183,2022-01-24-22:43:00,1,3,2.289355
184,2022-01-24-22:43:03,3,5,2.440405
185,2022-01-24-22:43:05,5,1,1.930813
186,2022-01-24-22:43:07,1,3,2.305623
187,2022-01-24-22:43:11,3,2,4.440350
188,2022-01-24-22:43:15,2,5,3.734149
189,2022-01-24-22:43:17,5,1,2.079166
190,2022-01-24-22:43:21,1,3,3.507625
191,2022-01-24-22:43:24,3,5,3.112980
192,2022-01-24-22:43:27,5,7,2.738459
193,2022-01-24-22:43:30,7,3,3.237424
194,2022-01-24-22:43:32,3,4,2.077645
195,2022-01-24-22:43:33,4,1,1.327031
196,2022-01-24-22:43:35,1,2,1.985215
197,2022-01-24-22:43:38,2,6,3.192196
198,2022-01-24-22:43:43,6,7,4.164665
199,2022-01-24-22:43:45,7,3,2.331414
200,2022-01-24-22:43:47,3,0,2.470819
201,2022-01-24-22:43:50,0,5,2.063595
202,2022-01-24-22:43:52,5,0,2.026165
203,2022-01-24-22:43:53,0,2,1.766268
204,2022-01-24-22:43:55,2,0,1.765328
205,2022-01-24-22:43:57,0,5,2.204316
206,2022-01-24-22:44:00,5,6,3.123701
207,2022-01-24-22:44:04,6,1,3.686189
208,2022-01-24-22:44:06,1,5,2.023990
209,2022-01-24-22:44:08,5,2,1.543366
210,2022-01-24-22:44:10,2,3,2.677476
211,2022-01-24-22:44:12,3,4,2.085861
212,2022-01-24-22:44:17,4,2,4.088180
213,2022-01-24-22:44:21,2,3,4.219881
214,2022-01-24-22:44:23,3,7,2.138491
215,2022-01-24-22:44:25,7,1,1.698149
216,2022-01-24-22:44:27,1,3,2.259944
217,2022-01-24-22:44:29,3,1,2.332396
218,2022-01-24-22:44:31,1,2,2.025290
219,2022-01-24-22:44:33,2,1,1.988857
220,2022-01-24-22:44:37,1,6,3.624599
221,2022-01-24-22:44:41,6,3,3.711410
222,2022-01-24-22:44:43,3,0,2.345001
223,2022-01-24-22:44:46,0,6,3.509781
224,2022-01-24-22:44:50,6,3,3.172166
225,2022-01-24-22:44:53,3,1,3.513510
226,2022-01-24-22:44:54,1,4,1.340176
227,2022-01-24-22:44:56,4,1,1.352165
228,2022-01-24-22:44:57,1,4,1.362806
229,2022-01-24-22:44:59,4,5,1.815882
230,2022-01-24-22:45:01,5,3,2.453974
231,2022-01-24-22:45:04,3,2,2.773422
232,2022-01-24-22:45:08,2,3,3.513635
233,2022-01-24-22:45:11,3,1,3.604180
234,2022-01-24-22:45:13,1,5,2.187480
235,2022-01-24-22:45:15,5,2,1.540536
236,2022-01-24-22:45:17,2,1,1.995665
237,2022-01-24-22:45:21,1,6,3.632184
238,2022-01-24-22:45:24,6,1,3.655932
239,2022-01-24-22:45:26,1,5,1.969962
240,2022-01-24-22:45:28,5,1,1.984241
241,2022-01-24-22:45:30,1,2,1.980985
242,2022-01-24-22:45:33,2,3,2.695398
243,2022-01-24-22:45:35,3,0,2.359252
244,2022-01-24-22:45:39,0,6,3.610560
245,2022-01-24-22:45:42,6,2,3.256961
246,2022-01-24-22:45:44,2,1,1.966526
247,2022-01-24-22:45:46,1,7,1.683889
248,2022-01-24-22:45:48,7,6,2.647265
249,2022-01-24-22:45:51,6,0,2.919004
250,2022-01-24-22:45:53,0,7,2.003892
251,2022-01-24-22:45:55,7,1,1.663271
252,2022-01-24-22:45:56,1,0,1.179230
253,2022-01-24-22:45:59,0,3,2.477290
254,2022-01-24-22:46:01,3,5,2.229995
255,2022-01-24-22:46:03,5,0,1.963692
256,2022-01-24-22:46:04,0,1,1.107861
257,2022-01-24-22:46:06,1,3,2.245615
258,2022-01-24-22:46:09,3,1,3.213249
259,2022-01-24-22:46:12,1,5,2.176706
260,2022-01-24-22:46:15,5,6,3.140658
261,2022-01-24-22:46:18,6,0,3.633476
262,2022-01-24-22:46:20,0,4,1.546008
263,2022-01-24-22:46:23,4,6,3.487458
264,2022-01-24-22:46:27,6,3,3.787836
265,2022-01-24-22:46:29,3,4,2.160129
266,2022-01-24-22:46:33,4,6,3.582192
267,2022-01-24-22:46:36,6,5,3.278257
268,2022-01-24-22:46:38,5,1,1.935426
269,2022-01-24-22:46:40,1,7,1.702834
270,2022-01-24-22:46:44,7,2,4.569751
271,2022-01-24-22:46:46,2,4,1.829203
272,2022-01-24-22:46:50,4,5,3.429091
273,2022-01-24-22:46:54,5,2,3.791777
274,2022-01-24-22:46:55,2,4,1.834347
275,2022-01-24-22:46:59,4,6,3.241659
276,2022-01-24-22:47:02,6,4,3.463919
277,2022-01-24-22:47:04,4,3,2.082490
278,2022-01-24-22:47:06,3,1,2.308408
279,2022-01-24-22:47:09,1,5,2.208718
280,2022-01-24-22:47:11,5,1,2.407340
281,2022-01-24-22:47:15,1,6,3.818213
282,2022-01-24-22:47:19,6,4,3.860770
283,2022-01-24-22:47:23,4,7,4.219990
284,2022-01-24-22:47:25,7,1,1.736804
285,2022-01-24-22:47:26,1,7,1.664045
286,2022-01-24-22:47:29,7,5,2.923248
287,2022-01-24-22:47:31,5,0,1.991121
288,2022-01-24-22:47:33,0,2,1.750840
289,2022-01-24-22:47:35,2,1,2.015352
290,2022-01-24-22:47:36,1,4,1.337892
291,2022-01-24-22:47:39,4,3,2.153475
292,2022-01-24-22:47:41,3,6,2.055848
293,2022-01-24-22:47:43,6,4,2.735072
294,2022-01-24-22:47:45,4,3,2.077395
295,2022-01-24-22:47:48,3,1,2.282361
296,2022-01-24-22:47:50,1,5,2.047854
297,2022-01-24-22:47:52,5,4,2.698976
298,2022-01-24-22:47:54,4,0,1.651383
299,2022-01-24-22:47:55,0,1,1.118632
300,2022-01-24-22:47:57,1,7,1.720137
301,2022-01-24-22:47:59,7,4,1.994293
302,2022-01-24-22:48:03,4,2,4.589707
303,2022-01-24-22:48:08,2,3,4.237749
304,2022-01-24-22:48:10,3,2,2.635707
305,2022-01-24-22:48:12,2,1,2.017580
306,2022-01-24-22:48:14,1,7,1.719375
307,2022-01-24-22:48:16,7,4,2.085839
308,2022-01-24-22:48:18,4,7,1.950646
309,2022-01-24-22:48:21,7,5,2.586530
310,2022-01-24-22:48:23,5,0,1.975076
311,2022-01-24-22:48:27,0,3,4.304764
312,2022-01-24-22:48:30,3,5,3.118534
313,2022-01-24-22:48:33,5,6,2.738616
314,2022-01-24-22:48:35,6,3,1.987377
315,2022-01-24-22:48:38,3,7,3.349339
316,2022-01-24-22:48:41,7,4,3.240091
317,2022-01-24-22:48:44,4,3,2.189375
318,2022-01-24-22:48:46,3,0,2.663704
319,2022-01-24-22:48:48,0,7,1.946045
320,2022-01-24-22:48:51,7,3,2.368868
321,2022-01-24-22:48:54,3,5,3.327806
322,2022-01-24-22:48:57,5,6,3.139781
323,2022-01-24-22:49:01,6,1,3.791539
324,2022-01-24-22:49:02,1,0,1.105026
325,2022-01-24-22:49:04,0,5,1.939328
326,2022-01-24-22:49:07,5,6,2.765400
327,2022-01-24-22:49:10,6,4,3.793564
328,2022-01-24-22:49:15,4,1,4.165505
329,2022-01-24-22:49:17,1,2,2.010277
330,2022-01-24-22:49:19,2,1,1.959910
331,2022-01-24-22:49:21,1,3,2.290017
332,2022-01-24-22:49:23,3,6,2.049728
333,2022-01-24-22:49:25,6,3,2.070814
334,2022-01-24-22:49:28,3,1,2.561560
335,2022-01-24-22:49:29,1,0,1.119540
336,2022-01-24-22:49:30,0,2,1.768744
337,2022-01-24-22:49:32,2,4,1.765705
338,2022-01-24-22:49:34,4,3,2.064636
339,2022-01-24-22:49:36,3,4,2.172206
340,2022-01-24-22:49:39,4,6,2.925394
341,2022-01-24-22:49:43,6,1,3.154256
342,2022-01-24-22:49:45,1,5,1.967470
343,2022-01-24-22:49:47,5,7,2.645373
344,2022-01-24-22:49:51,7,1,3.846136
345,2022-01-24-22:49:55,1,3,3.524084
346,2022-01-24-22:49:58,3,5,3.205225
347,2022-01-24-22:50:01,5,4,3.447963
348,2022-01-24-22:50:05,4,1,4.177651
349,2022-01-24-22:50:07,1,5,2.032827
350,2022-01-24-22:50:09,5,2,1.804777
351,2022-01-24-22:50:11,2,5,1.630404
352,2022-01-24-22:50:13,5,2,1.737902
353,2022-01-24-22:50:14,2,4,1.854237
354,2022-01-24-22:50:17,4,3,2.137449
355,2022-01-24-22:50:19,3,4,2.184849
356,2022-01-24-22:50:23,4,2,4.274434
357,2022-01-24-22:50:27,2,5,3.762201
358,2022-01-24-22:50:29,5,1,2.115301
359,2022-01-24-22:50:31,1,5,2.131454
360,2022-01-24-22:50:33,5,2,1.897661
361,2022-01-24-22:50:35,2,1,2.041209
362,2022-01-24-22:50:36,1,4,1.359113
363,2022-01-24-22:50:38,4,2,1.874644
364,2022-01-24-22:50:42,2,6,3.331187
365,2022-01-24-22:50:46,6,3,4.058877
366,2022-01-24-22:50:48,3,6,2.048380
367,2022-01-24-22:50:51,6,2,3.135436
368,2022-01-24-22:50:54,2,6,3.316574
369,2022-01-24-22:50:58,6,3,3.802629
370,2022-01-24-22:51:02,3,2,4.520976
371,2022-01-24-22:51:06,2,5,3.906948
372,2022-01-24-22:51:09,5,1,2.237827
373,2022-01-24-22:51:11,1,3,2.414364
374,2022-01-24-22:51:14,3,1,2.838275
375,2022-01-24-22:51:17,1,6,3.637212
376,2022-01-24-22:51:21,6,5,3.331417
377,2022-01-24-22:51:23,5,4,2.430662
378,2022-01-24-22:51:25,4,3,2.117288
379,2022-01-24-22:51:28,3,2,2.662605
380,2022-01-24-22:51:31,2,6,3.159540
381,2022-01-24-22:51:34,6,0,2.916686
382,2022-01-24-22:51:35,0,1,1.092439
383,2022-01-24-22:51:38,1,3,2.385691
384,2022-01-24-22:51:41,3,7,3.249795
385,2022-01-24-22:51:44,7,0,3.165559
386,2022-01-24-22:51:48,0,6,3.557600
387,2022-01-24-22:51:51,6,0,3.636522
388,2022-01-24-22:51:53,0,4,1.528214
389,2022-01-24-22:51:54,4,0,1.546797
390,2022-01-24-22:51:57,0,6,2.873070
391,2022-01-24-22:52:00,6,0,2.910801
392,2022-01-24-22:52:02,0,5,1.928373
393,2022-01-24-22:52:04,5,0,2.351455
394,2022-01-24-22:52:07,0,6,2.999285
395,2022-01-24-22:52:10,6,0,2.993559
396,2022-01-24-22:52:14,0,6,3.622590
397,2022-01-24-22:52:17,6,4,3.287318
398,2022-01-24-22:52:19,4,2,2.167404
399,2022-01-24-22:52:21,2,4,1.910733
400,2022-01-24-22:52:25,4,0,3.722749
401,2022-01-24-22:52:29,0,6,3.540273
402,2022-01-24-22:52:33,6,3,4.274646
403,2022-01-24-22:52:35,3,4,2.459162
404,2022-01-24-22:52:39,4,6,3.532894
405,2022-01-24-22:52:43,6,4,3.846937
406,2022-01-24-22:52:46,4,0,3.656032
407,2022-01-24-22:52:48,0,1,1.173924
408,2022-01-24-22:52:50,1,2,2.021328
409,2022-01-24-22:52:52,2,1,1.999754
410,2022-01-24-22:52:53,1,0,1.112007
411,2022-01-24-22:52:56,0,6,3.535350
412,2022-01-24-22:52:59,6,7,2.704938
413,2022-01-24-22:53:02,7,3,3.277074
414,2022-01-24-22:53:05,3,5,2.419337
415,2022-01-24-22:53:08,5,4,3.406801
416,2022-01-24-22:53:10,4,3,2.129244
417,2022-01-24-22:53:13,3,0,3.355310
418,2022-01-24-22:53:16,0,5,2.126664
419,2022-01-24-22:53:19,5,4,3.495559
420,2022-01-24-22:53:22,4,6,3.334340
421,2022-01-24-22:53:26,6,5,3.467282
422,2022-01-24-22:53:28,5,1,2.093106
423,2022-01-24-22:53:31,1,6,2.774479
424,2022-01-24-22:53:33,6,3,2.117385
425,2022-01-24-22:53:35,3,5,2.557921
426,2022-01-24-22:53:37,5,2,1.652342
427,2022-01-24-22:53:39,2,5,1.585379
428,2022-01-24-22:53:41,5,1,2.591234
429,2022-01-24-22:53:42,1,0,1.118967
430,2022-01-24-22:53:44,0,4,1.674040
431,2022-01-24-22:53:46,4,5,1.895615
432,2022-01-24-22:53:50,5,4,3.603425
433,2022-01-24-22:53:54,4,1,3.946606
434,2022-01-24-22:53:55,1,0,1.118140
435,2022-01-24-22:53:57,0,7,2.024789
436,2022-01-24-22:53:59,7,3,2.449751
437,2022-01-24-22:54:01,3,4,2.218338
438,2022-01-24-22:54:03,4,0,1.585459
439,2022-01-24-22:54:05,0,2,1.781738
440,2022-01-24-22:54:07,2,7,2.653610
441,2022-01-24-22:54:10,7,5,2.800351
442,2022-01-24-22:54:12,5,0,1.956686
443,2022-01-24-22:54:14,0,7,2.071726
444,2022-01-24-22:54:16,7,0,2.191190
445,2022-01-24-22:54:19,0,5,2.391660
446,2022-01-24-22:54:21,5,1,2.112498
447,2022-01-24-22:54:22,1,4,1.408477
448,2022-01-24-22:54:24,4,7,1.861150
449,2022-01-24-22:54:27,7,5,2.818144
450,2022-01-24-22:54:30,5,4,3.258706
451,2022-01-24-22:54:34,4,0,3.630123
452,2022-01-24-22:54:36,0,7,2.066332
453,2022-01-24-22:54:39,7,2,2.665213
454,2022-01-24-22:54:40,2,5,1.599229
455,2022-01-24-22:54:43,5,6,3.190143
456,2022-01-24-22:54:47,6,1,3.704377
457,2022-01-24-22:54:51,1,6,3.631844
458,2022-01-24-22:54:55,6,4,3.861221
459,2022-01-24-22:54:56,4,0,1.591429
460,2022-01-24-22:54:58,0,7,2.000401
461,2022-01-24-22:55:01,7,2,2.807054
462,2022-01-24-22:55:03,2,0,1.804661
463,2022-01-24-22:55:05,0,2,1.901822
464,2022-01-24-22:55:06,2,5,1.519894
465,2022-01-24-22:55:09,5,7,2.687133
466,2022-01-24-22:55:12,7,1,3.364747
467,2022-01-24-22:55:14,1,5,2.018946
468,2022-01-24-22:55:17,5,3,2.426950
469,2022-01-24-22:55:19,3,0,2.469023
470,2022-01-24-22:55:23,0,6,3.532743
471,2022-01-24-22:55:26,6,5,3.194611
472,2022-01-24-22:55:28,5,4,2.518391
473,2022-01-24-22:55:30,4,1,1.371203
474,2022-01-24-22:55:31,1,4,1.425909
475,2022-01-24-22:55:33,4,7,1.953544
476,2022-01-24-22:55:37,7,6,4.274620
477,2022-01-24-22:55:41,6,3,3.712421
478,2022-01-24-22:55:43,3,7,2.244784
479,2022-01-24-22:55:45,7,4,1.945189
480,2022-01-24-22:55:48,4,6,2.721133
481,2022-01-24-22:55:51,6,5,2.944673
482,2022-01-24-22:55:53,5,4,1.936715
483,2022-01-24-22:55:55,4,0,1.642130
484,2022-01-24-22:55:57,0,5,2.231962
485,2022-01-24-22:56:00,5,6,3.384666
486,2022-01-24-22:56:04,6,4,3.475907
487,2022-01-24-22:56:06,4,3,2.198518
488,2022-01-24-22:56:10,3,7,3.919229
489,2022-01-24-22:56:12,7,0,2.170978
490,2022-01-24-22:56:14,0,7,2.051637
491,2022-01-24-22:56:16,7,4,2.075526
492,2022-01-24-22:56:18,4,3,2.173389
493,2022-01-24-22:56:22,3,7,3.400439
494,2022-01-24-22:56:24,7,6,2.609900
495,2022-01-24-22:56:28,6,4,3.691462
496,2022-01-24-22:56:31,4,6,3.301078
497,2022-01-24-22:56:35,6,4,3.597325
498,2022-01-24-22:56:36,4,0,1.584018
499,2022-01-24-22:56:40,0,6,3.575190
500,2022-01-24-22:56:44,6,7,4.088493
501,2022-01-24-22:56:47,7,0,2.476114
502,2022-01-24-22:56:50,0,3,3.846752
503,2022-01-24-22:56:54,3,4,3.599777
504,2022-01-24-22:56:58,4,6,3.468180
505,2022-01-24-22:57:01,6,4,3.632171
506,2022-01-24-22:57:03,4,5,1.815170
507,2022-01-24-22:57:05,5,0,2.203278
508,2022-01-24-22:57:07,0,7,2.000708
509,2022-01-24-22:57:10,7,5,2.650943
510,2022-01-24-22:57:13,5,6,3.266893
511,2022-01-24-22:57:17,6,3,3.878135
512,2022-01-24-22:57:20,3,2,2.782952
513,2022-01-24-22:57:23,2,3,2.725588
514,2022-01-24-22:57:26,3,2,3.048780
515,2022-01-24-22:57:27,2,0,1.863415
516,2022-01-24-22:57:31,0,6,3.629994
517,2022-01-24-22:57:34,6,5,3.288917
518,2022-01-24-22:57:36,5,2,1.702160
519,2022-01-24-22:57:39,2,6,3.199079
520,2022-01-24-22:57:43,6,3,3.763852
521,2022-01-24-22:57:45,3,6,2.067952
522,2022-01-24-22:57:49,6,7,3.488565
523,2022-01-24-22:57:51,7,2,2.684051
524,2022-01-24-22:57:55,2,6,3.276961
525,2022-01-24-22:57:59,6,7,4.421878
526,2022-01-24-22:58:01,7,0,1.984050
527,2022-01-24-22:58:02,0,1,1.124921
528,2022-01-24-22:58:04,1,5,2.069548
529,2022-01-24-22:58:06,5,0,2.039194
530,2022-01-24-22:58:07,0,1,1.147860
531,2022-01-24-22:58:09,1,5,2.002110
532,2022-01-24-22:58:12,5,3,2.588064
533,2022-01-24-22:58:14,3,7,2.267082
534,2022-01-24-22:58:17,7,0,2.553044
535,2022-01-24-22:58:18,0,1,1.180126
536,2022-01-24-22:58:19,1,4,1.421232
537,2022-01-24-22:58:21,4,7,2.033516
538,2022-01-24-22:58:23,7,1,1.737176
539,2022-01-24-22:58:25,1,5,2.046398
540,2022-01-24-22:58:27,5,3,2.296741
541,2022-01-24-22:58:30,3,0,2.675968
542,2022-01-24-22:58:31,0,1,1.274422
543,2022-01-24-22:58:34,1,5,2.159959
544,2022-01-24-22:58:35,5,2,1.684180
545,2022-01-24-22:58:38,2,7,2.720235
546,2022-01-24-22:58:41,7,6,2.779750
547,2022-01-24-22:58:45,6,7,4.207736
548,2022-01-24-22:58:47,7,1,1.811619
549,2022-01-24-22:58:49,1,5,2.039313
550,2022-01-24-22:58:52,5,6,3.263131
551,2022-01-24-22:58:56,6,4,4.176936
552,2022-01-24-22:58:58,4,7,2.013831
553,2022-01-24-22:59:01,7,6,2.709606
554,2022-01-24-22:59:04,6,7,2.665904
555,2022-01-24-22:59:06,7,2,2.576198
556,2022-01-24-22:59:08,2,5,1.587059
557,2022-01-24-22:59:10,5,1,2.393844
558,2022-01-24-22:59:12,1,5,2.033508
559,2022-01-24-22:59:15,5,6,3.199493
560,2022-01-24-22:59:20,6,4,4.131429
561,2022-01-24-22:59:21,4,5,1.849529
562,2022-01-24-22:59:24,5,3,2.352015
563,2022-01-24-22:59:26,3,5,2.490360
564,2022-01-24-22:59:29,5,6,3.214150
565,2022-01-24-22:59:33,6,0,3.649255
566,2022-01-24-22:59:37,0,3,3.516534
567,2022-01-24-22:59:40,3,2,3.216749
568,2022-01-24-22:59:41,2,5,1.635335
569,2022-01-24-22:59:44,5,1,2.342729
570,2022-01-24-22:59:45,1,0,1.188064
571,2022-01-24-22:59:47,0,5,2.106316
572,2022-01-24-22:59:49,5,4,1.833461
573,2022-01-24-22:59:50,4,1,1.357330
574,2022-01-24-22:59:53,1,3,2.384994
575,2022-01-24-22:59:56,3,0,2.827643
576,2022-01-24-22:59:58,0,3,2.446026
577,2022-01-24-23:00:02,3,7,3.557294
578,2022-01-24-23:00:05,7,4,3.500021
579,2022-01-24-23:00:09,4,0,4.119313
580,2022-01-24-23:00:11,0,4,1.671953
581,2022-01-24-23:00:14,4,6,3.568468
582,2022-01-24-23:00:18,6,2,3.329799
583,2022-01-24-23:00:19,2,5,1.653654
584,2022-01-24-23:00:23,5,4,3.431797
585,2022-01-24-23:00:26,4,7,3.299721
586,2022-01-24-23:00:29,7,5,2.946915
587,2022-01-24-23:00:32,5,6,3.151667
588,2022-01-24-23:00:36,6,3,3.776480
589,2022-01-24-23:00:39,3,5,2.769715
590,2022-01-24-23:00:41,5,3,2.319725
591,2022-01-24-23:00:43,3,6,2.143394
592,2022-01-24-23:00:46,6,0,3.191155
593,2022-01-24-23:00:48,0,4,1.596150
594,2022-01-24-23:00:52,4,6,3.610120
595,2022-01-24-23:00:55,6,0,3.542141
596,2022-01-24-23:00:57,0,4,1.545548
597,2022-01-24-23:00:58,4,1,1.402963
598,2022-01-24-23:00:59,1,0,1.301104
599,2022-01-24-23:01:02,0,3,2.721643
600,2022-01-24-23:01:05,3,0,2.488511
601,2022-01-24-23:01:07,0,5,2.301456
602,2022-01-24-23:01:10,5,7,2.674288
603,2022-01-24-23:01:13,7,5,2.989255
604,2022-01-24-23:01:15,5,4,2.070694
605,2022-01-24-23:01:16,4,0,1.768404
606,2022-01-24-23:01:18,0,2,1.802465
607,2022-01-24-23:01:20,2,5,1.546783
608,2022-01-24-23:01:24,5,2,3.723250
609,2022-01-24-23:01:28,2,6,4.218847
610,2022-01-24-23:01:31,6,5,2.876492
611,2022-01-24-23:01:33,5,1,2.009168
612,2022-01-24-23:01:34,1,7,1.780913
613,2022-01-24-23:01:37,7,0,2.162532
614,2022-01-24-23:01:39,0,2,1.992598
615,2022-01-24-23:01:42,2,6,3.675775
616,2022-01-24-23:01:46,6,5,4.208908
617,2022-01-24-23:01:49,5,0,2.136792
618,2022-01-24-23:01:52,0,6,3.630287
619,2022-01-24-23:01:56,6,4,3.506401
620,2022-01-24-23:01:59,4,6,3.383940
621,2022-01-24-23:02:04,6,7,4.430489
622,2022-01-24-23:02:06,7,2,2.679983
623,2022-01-24-23:02:10,2,3,3.308117
624,2022-01-24-23:02:12,3,4,2.262528
625,2022-01-24-23:02:16,4,0,3.925510
626,2022-01-24-23:02:17,0,1,1.303654
627,2022-01-24-23:02:18,1,0,1.053658
628,2022-01-24-23:02:20,0,4,1.651674
629,2022-01-24-23:02:23,4,6,3.563674
630,2022-01-24-23:02:27,6,0,3.494891
631,2022-01-24-23:02:29,0,5,2.073724
632,2022-01-24-23:02:32,5,7,2.848622
633,2022-01-24-23:02:35,7,0,3.223598
634,2022-01-24-23:02:37,0,4,1.774912
635,2022-01-24-23:02:39,4,7,2.075629
636,2022-01-24-23:02:41,7,0,2.047287
637,2022-01-24-23:02:44,0,6,3.005670
638,2022-01-24-23:02:47,6,0,3.063552
639,2022-01-24-23:02:51,0,3,3.654467
640,2022-01-24-23:02:55,3,1,4.213069
641,2022-01-24-23:02:57,1,2,2.215697
642,2022-01-24-23:03:00,2,3,2.940930
643,2022-01-24-23:03:04,3,2,4.364743
644,2022-01-24-23:03:09,2,5,4.192060
645,2022-01-24-23:03:12,5,4,3.608640
646,2022-01-24-23:03:14,4,2,2.053031
647,2022-01-24-23:03:18,2,0,4.074384
648,2022-01-24-23:03:22,0,3,3.978201
649,2022-01-24-23:03:26,3,0,3.357849
650,2022-01-24-23:03:28,0,2,1.944907
651,2022-01-24-23:03:31,2,3,3.135448
652,2022-01-24-23:03:35,3,7,3.957003
653,2022-01-24-23:03:37,7,1,1.954027
654,2022-01-24-23:03:38,1,0,1.397226
655,2022-01-24-23:03:42,0,6,3.859149
656,2022-01-24-23:03:46,6,5,3.776033
657,2022-01-24-23:03:48,5,3,2.432073
658,2022-01-24-23:03:50,3,7,2.390254
659,2022-01-24-23:03:52,7,1,1.882254
660,2022-01-24-23:03:55,1,3,2.469117
661,2022-01-24-23:03:57,3,4,2.577388
662,2022-01-24-23:03:59,4,2,2.019700
663,2022-01-24-23:04:01,2,4,1.892792
664,2022-01-24-23:04:05,4,6,3.565280
665,2022-01-24-23:04:09,6,2,3.861757
666,2022-01-24-23:04:13,2,0,4.207436
667,2022-01-24-23:04:17,0,3,3.774507
668,2022-01-24-23:04:21,3,7,3.977194
669,2022-01-24-23:04:23,7,2,2.684263
670,2022-01-24-23:04:25,2,0,2.082476
671,2022-01-24-23:04:27,0,4,1.625159
672,2022-01-24-23:04:29,4,7,1.950097
673,2022-01-24-23:04:33,7,6,4.175009
674,2022-01-24-23:04:37,6,1,3.798360
675,2022-01-24-23:04:39,1,3,2.374940
676,2022-01-24-23:04:42,3,1,2.442987
677,2022-01-24-23:04:44,1,5,2.314305
678,2022-01-24-23:04:46,5,1,2.096474
679,2022-01-24-23:04:48,1,7,1.777763
680,2022-01-24-23:04:51,7,2,2.694132
681,2022-01-24-23:04:54,2,6,3.192492
682,2022-01-24-23:04:58,6,2,4.527703
683,2022-01-24-23:05:03,2,5,4.370432
684,2022-01-24-23:05:07,5,2,3.923479
685,2022-01-24-23:05:10,2,6,3.186231
686,2022-01-24-23:05:13,6,4,3.430557
687,2022-01-24-23:05:17,4,6,3.671083
688,2022-01-24-23:05:21,6,4,3.693922
689,2022-01-24-23:05:24,4,2,3.620559
690,2022-01-24-23:05:26,2,5,1.607672
691,2022-01-24-23:05:29,5,3,3.334892
692,2022-01-24-23:05:33,3,6,3.728179
693,2022-01-24-23:05:36,6,1,3.006440
694,2022-01-24-23:05:37,1,0,1.178444
695,2022-01-24-23:05:40,0,5,2.390357
696,2022-01-24-23:05:42,5,7,2.841059
697,2022-01-24-23:05:46,7,4,3.559692
698,2022-01-24-23:05:50,4,1,4.023071
699,2022-01-24-23:05:52,1,3,2.475937
700,2022-01-24-23:05:55,3,5,2.311591
701,2022-01-24-23:05:56,5,2,1.738024
702,2022-01-24-23:05:58,2,5,1.705572
703,2022-01-24-23:06:00,5,2,1.828496
704,2022-01-24-23:06:03,2,3,2.890597
705,2022-01-24-23:06:05,3,5,2.392780
706,2022-01-24-23:06:08,5,3,2.551082
707,2022-01-24-23:06:11,3,2,3.046117
708,2022-01-24-23:06:13,2,1,2.100630
709,2022-01-24-23:06:15,1,4,1.582518
710,2022-01-24-23:06:17,4,5,2.121308
711,2022-01-24-23:06:19,5,4,2.097000
712,2022-01-24-23:06:21,4,5,1.937704
713,2022-01-24-23:06:23,5,3,2.417009
714,2022-01-24-23:06:25,3,4,2.154526
715,2022-01-24-23:06:27,4,7,1.993178
716,2022-01-24-23:06:32,7,2,4.685925
717,2022-01-24-23:06:36,2,0,4.117331
718,2022-01-24-23:06:38,0,2,1.937402
719,2022-01-24-23:06:40,2,1,2.054947
720,2022-01-24-23:06:42,1,2,2.207209
721,2022-01-24-23:06:45,2,3,2.821690
722,2022-01-24-23:06:48,3,5,2.428650
723,2022-01-24-23:06:50,5,7,2.729251
724,2022-01-24-23:06:54,7,2,3.624000
725,2022-01-24-23:06:57,2,6,3.279412
726,2022-01-24-23:07:01,6,1,3.725329
727,2022-01-24-23:07:02,1,4,1.432405
728,2022-01-24-23:07:04,4,0,1.561945
729,2022-01-24-23:07:07,0,3,2.579851
730,2022-01-24-23:07:09,3,0,2.458324
731,2022-01-24-23:07:11,0,4,1.758468
732,2022-01-24-23:07:13,4,7,2.012340
733,2022-01-24-23:07:15,7,4,2.044122
734,2022-01-24-23:07:17,4,5,1.961285
735,2022-01-24-23:07:19,5,1,2.240907
736,2022-01-24-23:07:22,1,3,2.944770
737,2022-01-24-23:07:25,3,0,2.655453
738,2022-01-24-23:07:27,0,7,2.122614
739,2022-01-24-23:07:29,7,1,1.829128
740,2022-01-24-23:07:31,1,3,2.280486
741,2022-01-24-23:07:33,3,0,2.509440
742,2022-01-24-23:07:37,0,3,3.412086
743,2022-01-24-23:07:40,3,5,3.664144
744,2022-01-24-23:07:43,5,7,2.943340
745,2022-01-24-23:07:46,7,6,3.030856
746,2022-01-24-23:07:51,6,7,4.614199
747,2022-01-24-23:07:54,7,3,2.929186
748,2022-01-24-23:07:56,3,4,2.398359
749,2022-01-24-23:07:58,4,0,1.730414
750,2022-01-24-23:08:00,0,7,2.048554
751,2022-01-24-23:08:03,7,5,2.873653
752,2022-01-24-23:08:05,5,0,2.339916
753,2022-01-24-23:08:08,0,5,2.284037
754,2022-01-24-23:08:10,5,1,2.457373
755,2022-01-24-23:08:12,1,2,2.362910
756,2022-01-24-23:08:15,2,0,2.219907
757,2022-01-24-23:08:17,0,5,2.435138
758,2022-01-24-23:08:21,5,2,4.007541
759,2022-01-24-23:08:23,2,4,1.960049
760,2022-01-24-23:08:27,4,6,4.155103
761,2022-01-24-23:08:32,6,4,4.325185
762,2022-01-24-23:08:35,4,2,3.447483
763,2022-01-24-23:08:38,2,3,2.794391
764,2022-01-24-23:08:41,3,2,3.275420
765,2022-01-24-23:08:43,2,0,1.959491
766,2022-01-24-23:08:45,0,5,2.168737
767,2022-01-24-23:08:48,5,0,2.653476
768,2022-01-24-23:08:50,0,5,2.094579
769,2022-01-24-23:08:53,5,7,2.797224
770,2022-01-24-23:08:56,7,2,2.809190
771,2022-01-24-23:08:58,2,7,2.900498
772,2022-01-24-23:09:02,7,3,3.504866
773,2022-01-24-23:09:04,3,6,2.381750
774,2022-01-24-23:09:07,6,3,2.265992
775,2022-01-24-23:09:11,3,4,4.231453
776,2022-01-24-23:09:15,4,5,3.931510
777,2022-01-24-23:09:19,5,2,4.132438
778,2022-01-24-23:09:23,2,7,3.678442
779,2022-01-24-23:09:27,7,4,4.134488
780,2022-01-24-23:09:29,4,3,2.405914
781,2022-01-24-23:09:32,3,0,3.080657
782,2022-01-24-23:09:35,0,5,2.446637
783,2022-01-24-23:09:37,5,4,2.229275
784,2022-01-24-23:09:39,4,1,1.674044
785,2022-01-24-23:09:43,1,3,3.961611
786,2022-01-24-23:09:46,3,5,3.920980
787,2022-01-24-23:09:49,5,1,2.316255
788,2022-01-24-23:09:51,1,7,1.971422
789,2022-01-24-23:09:53,7,4,2.336226
790,2022-01-24-23:09:55,4,5,2.136430
791,2022-01-24-23:09:59,5,6,3.585290
792,2022-01-24-23:10:03,6,0,4.099505
793,2022-01-24-23:10:04,0,1,1.364327
794,2022-01-24-23:10:07,1,6,3.017439
795,2022-01-24-23:10:10,6,5,3.044163
796,2022-01-24-23:10:13,5,4,2.194267
797,2022-01-24-23:10:14,4,1,1.473884
798,2022-01-24-23:10:16,1,2,2.387001
799,2022-01-24-23:10:19,2,1,2.199033
800,2022-01-24-23:10:22,1,6,3.160438
801,2022-01-24-23:10:25,6,1,2.866532
802,2022-01-24-23:10:27,1,7,2.123282
803,2022-01-24-23:10:30,7,5,3.037118
804,2022-01-24-23:10:32,5,2,2.369518
805,2022-01-24-23:10:34,2,1,2.166837
806,2022-01-24-23:10:37,1,5,2.237206
807,2022-01-24-23:10:39,5,1,2.522807
808,2022-01-24-23:10:42,1,3,2.677594
809,2022-01-24-23:10:45,3,0,2.826890
810,2022-01-24-23:10:47,0,3,2.736262
811,2022-01-24-23:10:52,3,2,4.529281
812,2022-01-24-23:10:56,2,1,4.317401
813,2022-01-24-23:10:57,1,0,1.287855
814,2022-01-24-23:10:59,0,1,1.246718
815,2022-01-24-23:11:00,1,4,1.441241
816,2022-01-24-23:11:04,4,6,3.664462
817,2022-01-24-23:11:07,6,3,3.420690
818,2022-01-24-23:11:11,3,5,3.433641
819,2022-01-24-23:11:13,5,3,2.569411
820,2022-01-24-23:11:16,3,5,2.585420
821,2022-01-24-23:11:18,5,0,2.364014
822,2022-01-24-23:11:22,0,3,3.810926
823,2022-01-24-23:11:25,3,1,3.086186
824,2022-01-24-23:11:27,1,2,2.182403
825,2022-01-24-23:11:30,2,3,3.166599
826,2022-01-24-23:11:33,3,6,2.062698
827,2022-01-24-23:11:35,6,1,2.750698
828,2022-01-24-23:11:38,1,5,2.249287
829,2022-01-24-23:11:41,5,6,3.281831
830,2022-01-24-23:11:44,6,5,3.646959
831,2022-01-24-23:11:47,5,4,2.249593
832,2022-01-24-23:11:49,4,0,1.970921
833,2022-01-24-23:11:50,0,1,1.380050
834,2022-01-24-23:11:53,1,6,3.388085
835,2022-01-24-23:11:57,6,2,3.768235
836,2022-01-24-23:12:00,2,1,2.320115
837,2022-01-24-23:12:04,1,6,4.026961
838,2022-01-24-23:12:07,6,4,3.769374
