"iteration,date,init_position,final_position,time"
0,2022-01-27-15:58:40,-1,0,2.45831
1,2022-01-27-15:58:41,0,1,1.04626
2,2022-01-27-15:58:43,1,2,1.96804
3,2022-01-27-15:58:46,2,7,2.57215
4,2022-01-27-15:58:49,7,3,3.27257
5,2022-01-27-15:58:51,3,5,2.28790
6,2022-01-27-15:58:53,5,0,2.00529
7,2022-01-27-15:58:55,0,4,1.52040
8,2022-01-27-15:58:58,4,6,3.42892
9,2022-01-27-15:59:02,6,4,3.44749
10,2022-01-27-15:59:04,4,7,1.83659
11,2022-01-27-15:59:06,7,2,2.63971
12,2022-01-27-15:59:08,2,0,1.71624
13,2022-01-27-15:59:11,0,6,2.99142
14,2022-01-27-15:59:14,6,1,2.78899
15,2022-01-27-15:59:15,1,0,1.13714
16,2022-01-27-15:59:17,0,5,2.03989
17,2022-01-27-15:59:20,5,6,3.12786
18,2022-01-27-15:59:24,6,7,4.08360
19,2022-01-27-15:59:26,7,1,1.68527
20,2022-01-27-15:59:27,1,0,1.05097
21,2022-01-27-15:59:29,0,7,1.91793
22,2022-01-27-15:59:31,7,0,2.03187
23,2022-01-27-15:59:32,0,1,1.05207
24,2022-01-27-15:59:33,1,0,1.04393
25,2022-01-27-15:59:35,0,2,1.72402
26,2022-01-27-15:59:37,2,1,1.98635
27,2022-01-27-15:59:39,1,2,1.98386
28,2022-01-27-15:59:41,2,7,2.57091
29,2022-01-27-15:59:43,7,1,1.72926
30,2022-01-27-15:59:46,1,6,3.53865
31,2022-01-27-15:59:50,6,5,3.27374
32,2022-01-27-15:59:53,5,4,3.32746
33,2022-01-27-15:59:57,4,6,3.79698
34,2022-01-27-16:00:00,6,4,2.72851
35,2022-01-27-16:00:01,4,1,1.31700
36,2022-01-27-16:00:03,1,2,1.94021
37,2022-01-27-16:00:05,2,1,1.94138
38,2022-01-27-16:00:07,1,3,2.25260
39,2022-01-27-16:00:09,3,7,2.12438
40,2022-01-27-16:00:13,7,3,3.84675
41,2022-01-27-16:00:16,3,0,3.25049
42,2022-01-27-16:00:19,0,3,2.53760
43,2022-01-27-16:00:21,3,6,1.98573
44,2022-01-27-16:00:23,6,3,2.02218
45,2022-01-27-16:00:25,3,5,2.28860
46,2022-01-27-16:00:27,5,0,1.92007
47,2022-01-27-16:00:29,0,5,1.93205
48,2022-01-27-16:00:31,5,0,1.91085
49,2022-01-27-16:00:33,0,2,1.73922
50,2022-01-27-16:00:36,2,3,3.00672
51,2022-01-27-16:00:39,3,1,3.51581
52,2022-01-27-16:00:40,1,0,1.02303
53,2022-01-27-16:00:42,0,7,2.01987
54,2022-01-27-16:00:45,7,5,2.62150
55,2022-01-27-16:00:47,5,7,2.57026
56,2022-01-27-16:00:51,7,3,3.24953
57,2022-01-27-16:00:54,3,7,3.24053
58,2022-01-27-16:00:56,7,6,2.52621
59,2022-01-27-16:01:00,6,4,3.44840
60,2022-01-27-16:01:01,4,1,1.32088
61,2022-01-27-16:01:03,1,3,2.22524
62,2022-01-27-16:01:06,3,5,2.17062
63,2022-01-27-16:01:08,5,1,2.07789
64,2022-01-27-16:01:11,1,6,3.56107
65,2022-01-27-16:01:14,6,4,3.27157
66,2022-01-27-16:01:18,4,6,3.75977
67,2022-01-27-16:01:21,6,5,3.05206
68,2022-01-27-16:01:23,5,1,2.07200
69,2022-01-27-16:01:24,1,0,1.05374
70,2022-01-27-16:01:26,0,7,1.93061
71,2022-01-27-16:01:28,7,4,1.93565
72,2022-01-27-16:01:30,4,7,1.90970
73,2022-01-27-16:01:34,7,6,4.03351
74,2022-01-27-16:01:37,6,2,3.30285
75,2022-01-27-16:01:40,2,7,2.56975
76,2022-01-27-16:01:42,7,3,2.14180
77,2022-01-27-16:01:45,3,0,2.43474
78,2022-01-27-16:01:46,0,2,1.71902
79,2022-01-27-16:01:48,2,1,1.99292
80,2022-01-27-16:01:50,1,2,1.95870
81,2022-01-27-16:01:52,2,0,1.76516
82,2022-01-27-16:01:54,0,5,1.92315
83,2022-01-27-16:01:57,5,7,2.55892
84,2022-01-27-16:02:00,7,1,3.23019
85,2022-01-27-16:02:02,1,6,2.65833
86,2022-01-27-16:02:05,6,4,2.63929
87,2022-01-27-16:02:07,4,3,2.04035
88,2022-01-27-16:02:09,3,7,2.12105
89,2022-01-27-16:02:13,7,3,3.86238
90,2022-01-27-16:02:16,3,6,3.18173
91,2022-01-27-16:02:20,6,0,3.50033
92,2022-01-27-16:02:22,0,7,1.92987
93,2022-01-27-16:02:23,7,1,1.71207
94,2022-01-27-16:02:24,1,0,1.05051
95,2022-01-27-16:02:26,0,7,1.93242
96,2022-01-27-16:02:29,7,5,2.73871
97,2022-01-27-16:02:32,5,6,3.10683
98,2022-01-27-16:02:35,6,3,3.22796
99,2022-01-27-16:02:39,3,0,3.38653
100,2022-01-27-16:02:41,0,2,1.72318
101,2022-01-27-16:02:43,2,7,2.68640
102,2022-01-27-16:02:47,7,1,3.40318
103,2022-01-27-16:02:49,1,3,2.32522
104,2022-01-27-16:02:52,3,7,3.23009
105,2022-01-27-16:02:55,7,0,3.13349
106,2022-01-27-16:02:58,0,6,2.87379
107,2022-01-27-16:03:02,6,2,4.24641
108,2022-01-27-16:03:04,2,4,1.79143
109,2022-01-27-16:03:08,4,1,3.94049
110,2022-01-27-16:03:09,1,0,1.07786
111,2022-01-27-16:03:11,0,7,1.92019
112,2022-01-27-16:03:13,7,4,2.01585
113,2022-01-27-16:03:15,4,7,1.83630
114,2022-01-27-16:03:19,7,6,4.03366
115,2022-01-27-16:03:23,6,0,3.43632
116,2022-01-27-16:03:24,0,4,1.52277
117,2022-01-27-16:03:26,4,7,1.83768
118,2022-01-27-16:03:28,7,4,1.95350
119,2022-01-27-16:03:29,4,0,1.52449
120,2022-01-27-16:03:30,0,1,1.08211
121,2022-01-27-16:03:32,1,7,1.70228
122,2022-01-27-16:03:34,7,1,1.72335
123,2022-01-27-16:03:36,1,2,1.92759
124,2022-01-27-16:03:37,2,5,1.51735
125,2022-01-27-16:03:41,5,4,3.32834
126,2022-01-27-16:03:44,4,1,3.79592
127,2022-01-27-16:03:46,1,7,1.68928
128,2022-01-27-16:03:48,7,4,1.93475
129,2022-01-27-16:03:52,4,2,4.05103
130,2022-01-27-16:03:56,2,0,4.03202
131,2022-01-27-16:03:58,0,4,1.52003
132,2022-01-27-16:04:00,4,6,2.65375
133,2022-01-27-16:04:03,6,1,2.65419
134,2022-01-27-16:04:04,1,0,1.05599
135,2022-01-27-16:04:06,0,5,1.89133
136,2022-01-27-16:04:09,5,7,2.62505
137,2022-01-27-16:04:12,7,3,3.29757
138,2022-01-27-16:04:14,3,5,2.19369
139,2022-01-27-16:04:18,5,4,3.45556
140,2022-01-27-16:04:21,4,1,3.89479
141,2022-01-27-16:04:23,1,2,1.97978
142,2022-01-27-16:04:25,2,1,1.93459
143,2022-01-27-16:04:26,1,0,1.09085
144,2022-01-27-16:04:30,0,3,3.81296
145,2022-01-27-16:04:34,3,1,3.52901
146,2022-01-27-16:04:37,1,6,3.66433
147,2022-01-27-16:04:41,6,2,3.12402
148,2022-01-27-16:04:43,2,7,2.55066
149,2022-01-27-16:04:46,7,6,2.56038
150,2022-01-27-16:04:49,6,2,3.06280
151,2022-01-27-16:04:53,2,1,4.24322
152,2022-01-27-16:04:54,1,4,1.28691
153,2022-01-27-16:04:56,4,3,2.08787
154,2022-01-27-16:04:58,3,4,2.12538
155,2022-01-27-16:05:00,4,0,1.52247
156,2022-01-27-16:05:02,0,4,1.53914
157,2022-01-27-16:05:05,4,6,3.45251
158,2022-01-27-16:05:09,6,3,3.74422
159,2022-01-27-16:05:13,3,2,4.31081
160,2022-01-27-16:05:17,2,7,4.36352
161,2022-01-27-16:05:20,7,2,2.63126
162,2022-01-27-16:05:23,2,7,2.53212
163,2022-01-27-16:05:25,7,5,2.63428
164,2022-01-27-16:05:27,5,0,1.92574
165,2022-01-27-16:05:29,0,3,2.32095
166,2022-01-27-16:05:32,3,1,2.22582
167,2022-01-27-16:05:35,1,6,3.55003
168,2022-01-27-16:05:39,6,3,3.74375
169,2022-01-27-16:05:41,3,0,2.33523
170,2022-01-27-16:05:43,0,7,1.89663
171,2022-01-27-16:05:47,7,6,4.00709
172,2022-01-27-16:05:51,6,4,3.45217
173,2022-01-27-16:05:52,4,0,1.49754
174,2022-01-27-16:05:54,0,7,1.93914
175,2022-01-27-16:05:57,7,2,2.56237
176,2022-01-27-16:05:58,2,4,1.80816
177,2022-01-27-16:06:01,4,3,2.13272
178,2022-01-27-16:06:03,3,0,2.46317
179,2022-01-27-16:06:05,0,7,1.92367
180,2022-01-27-16:06:07,7,3,2.13627
181,2022-01-27-16:06:09,3,6,2.03424
182,2022-01-27-16:06:12,6,5,2.74274
183,2022-01-27-16:06:14,5,7,2.54289
184,2022-01-27-16:06:17,7,2,3.05332
185,2022-01-27-16:06:22,2,0,4.04630
186,2022-01-27-16:06:23,0,2,1.76517
187,2022-01-27-16:06:25,2,4,1.75505
188,2022-01-27-16:06:29,4,6,3.47700
189,2022-01-27-16:06:32,6,5,3.28991
190,2022-01-27-16:06:34,5,4,1.74007
191,2022-01-27-16:06:35,4,5,1.74265
192,2022-01-27-16:06:39,5,4,3.27479
193,2022-01-27-16:06:42,4,0,3.63702
194,2022-01-27-16:06:44,0,4,1.52900
195,2022-01-27-16:06:46,4,2,1.84776
196,2022-01-27-16:06:47,2,0,1.70282
197,2022-01-27-16:06:49,0,4,1.52655
198,2022-01-27-16:06:52,4,6,3.45472
199,2022-01-27-16:06:56,6,2,3.24616
200,2022-01-27-16:06:59,2,5,3.58389
201,2022-01-27-16:07:02,5,6,3.05358
202,2022-01-27-16:07:05,6,5,3.13935
203,2022-01-27-16:07:07,5,0,2.02956
204,2022-01-27-16:07:09,0,4,1.48705
205,2022-01-27-16:07:13,4,2,4.15197
206,2022-01-27-16:07:17,2,3,4.25836
207,2022-01-27-16:07:19,3,5,2.20619
208,2022-01-27-16:07:22,5,1,2.12317
209,2022-01-27-16:07:23,1,5,1.93316
210,2022-01-27-16:07:26,5,7,2.56278
211,2022-01-27-16:07:29,7,0,3.06099
212,2022-01-27-16:07:33,0,6,3.51152
213,2022-01-27-16:07:36,6,5,3.17104
214,2022-01-27-16:07:38,5,3,2.23583
215,2022-01-27-16:07:40,3,6,1.96431
216,2022-01-27-16:07:43,6,0,2.80370
217,2022-01-27-16:07:44,0,1,1.08521
218,2022-01-27-16:07:46,1,7,1.72041
219,2022-01-27-16:07:47,7,4,1.83946
220,2022-01-27-16:07:49,4,1,1.31753
221,2022-01-27-16:07:51,1,3,2.30272
222,2022-01-27-16:07:53,3,4,2.04038
223,2022-01-27-16:07:55,4,7,1.85340
224,2022-01-27-16:07:57,7,1,1.68869
225,2022-01-27-16:07:59,1,5,2.08681
226,2022-01-27-16:08:01,5,3,2.28632
227,2022-01-27-16:08:03,3,4,2.06957
228,2022-01-27-16:08:05,4,7,1.86691
229,2022-01-27-16:08:07,7,0,2.12866
230,2022-01-27-16:08:11,0,6,3.82310
231,2022-01-27-16:08:14,6,5,3.39631
232,2022-01-27-16:08:18,5,2,3.69525
233,2022-01-27-16:08:22,2,0,3.96935
234,2022-01-27-16:08:24,0,5,1.94505
235,2022-01-27-16:08:27,5,6,3.11103
236,2022-01-27-16:08:30,6,2,3.13904
237,2022-01-27-16:08:32,2,1,2.02808
238,2022-01-27-16:08:34,1,4,1.32860
239,2022-01-27-16:08:35,4,5,1.79124
240,2022-01-27-16:08:39,5,2,3.67267
241,2022-01-27-16:08:43,2,3,4.20456
242,2022-01-27-16:08:46,3,0,2.50274
243,2022-01-27-16:08:47,0,1,1.05333
244,2022-01-27-16:08:49,1,6,2.69149
245,2022-01-27-16:08:52,6,0,2.80502
246,2022-01-27-16:08:53,0,1,1.04785
247,2022-01-27-16:08:56,1,3,2.31340
248,2022-01-27-16:08:58,3,1,2.23161
249,2022-01-27-16:09:00,1,5,1.90471
250,2022-01-27-16:09:02,5,1,1.98363
251,2022-01-27-16:09:03,1,4,1.32037
252,2022-01-27-16:09:05,4,0,1.54534
253,2022-01-27-16:09:06,0,4,1.52830
254,2022-01-27-16:09:08,4,5,1.75839
255,2022-01-27-16:09:10,5,3,2.35347
256,2022-01-27-16:09:13,3,1,2.32109
257,2022-01-27-16:09:14,1,0,1.05844
258,2022-01-27-16:09:15,0,2,1.79030
259,2022-01-27-16:09:18,2,3,2.99765
260,2022-01-27-16:09:22,3,0,3.31259
261,2022-01-27-16:09:24,0,3,2.36408
262,2022-01-27-16:09:26,3,4,2.04835
263,2022-01-27-16:09:28,4,0,1.51832
264,2022-01-27-16:09:30,0,5,2.12170
265,2022-01-27-16:09:32,5,7,2.59942
266,2022-01-27-16:09:35,7,5,3.11754
267,2022-01-27-16:09:38,5,3,2.26416
268,2022-01-27-16:09:40,3,6,2.02284
269,2022-01-27-16:09:42,6,7,2.58850
270,2022-01-27-16:09:46,7,6,4.02828
271,2022-01-27-16:09:49,6,7,2.60206
272,2022-01-27-16:09:52,7,6,2.60145
273,2022-01-27-16:09:55,6,2,3.12780
274,2022-01-27-16:09:59,2,1,4.15188
275,2022-01-27-16:10:01,1,3,2.22401
276,2022-01-27-16:10:04,3,5,2.52134
277,2022-01-27-16:10:05,5,2,1.53100
278,2022-01-27-16:10:07,2,0,1.73513
279,2022-01-27-16:10:09,0,2,1.72203
280,2022-01-27-16:10:12,2,6,3.13437
281,2022-01-27-16:10:15,6,0,3.64761
282,2022-01-27-16:10:16,0,1,1.06002
283,2022-01-27-16:10:19,1,3,2.21416
284,2022-01-27-16:10:22,3,7,3.28415
285,2022-01-27-16:10:25,7,1,3.37115
286,2022-01-27-16:10:26,1,0,1.04262
287,2022-01-27-16:10:28,0,2,1.72605
288,2022-01-27-16:10:30,2,0,1.68879
289,2022-01-27-16:10:32,0,5,1.90497
290,2022-01-27-16:10:34,5,0,2.29290
291,2022-01-27-16:10:35,0,1,1.04347
292,2022-01-27-16:10:36,1,0,1.08138
293,2022-01-27-16:10:38,0,2,1.71425
294,2022-01-27-16:10:40,2,0,1.69856
295,2022-01-27-16:10:41,0,1,1.04659
296,2022-01-27-16:10:42,1,5,1.93200
297,2022-01-27-16:10:44,5,2,1.52826
298,2022-01-27-16:10:46,2,1,1.95880
299,2022-01-27-16:10:47,1,0,1.06643
300,2022-01-27-16:10:50,0,6,2.83855
301,2022-01-27-16:10:52,6,7,2.53604
302,2022-01-27-16:10:55,7,5,2.66062
303,2022-01-27-16:10:57,5,3,2.16913
304,2022-01-27-16:11:01,3,2,4.24273
305,2022-01-27-16:11:06,2,1,4.20072
306,2022-01-27-16:11:08,1,3,2.42316
307,2022-01-27-16:11:11,3,7,3.29279
308,2022-01-27-16:11:15,7,1,3.25618
309,2022-01-27-16:11:17,1,5,2.13359
310,2022-01-27-16:11:20,5,4,3.36216
311,2022-01-27-16:11:24,4,0,3.65522
312,2022-01-27-16:11:25,0,1,1.02058
313,2022-01-27-16:11:26,1,4,1.32163
314,2022-01-27-16:11:28,4,7,1.88986
315,2022-01-27-16:11:31,7,6,2.86045
316,2022-01-27-16:11:34,6,1,2.65684
317,2022-01-27-16:11:37,1,6,3.55291
318,2022-01-27-16:11:41,6,0,3.53211
319,2022-01-27-16:11:43,0,7,1.95750
320,2022-01-27-16:11:45,7,0,2.08761
321,2022-01-27-16:11:46,0,4,1.48994
322,2022-01-27-16:11:50,4,6,3.45065
323,2022-01-27-16:11:53,6,0,3.58701
324,2022-01-27-16:11:55,0,5,1.93478
325,2022-01-27-16:11:57,5,0,2.15782
326,2022-01-27-16:12:00,0,3,2.44865
327,2022-01-27-16:12:02,3,6,2.04021
328,2022-01-27-16:12:04,6,3,2.04585
329,2022-01-27-16:12:06,3,0,2.42874
330,2022-01-27-16:12:08,0,4,1.50215
331,2022-01-27-16:12:10,4,3,2.09894
332,2022-01-27-16:12:14,3,4,3.83541
333,2022-01-27-16:12:16,4,3,2.12966
334,2022-01-27-16:12:19,3,4,3.53084
335,2022-01-27-16:12:23,4,6,3.43797
336,2022-01-27-16:12:26,6,0,3.53032
337,2022-01-27-16:12:29,0,6,2.82861
338,2022-01-27-16:12:32,6,1,2.84943
339,2022-01-27-16:12:34,1,3,2.26868
340,2022-01-27-16:12:37,3,1,2.22881
341,2022-01-27-16:12:38,1,2,1.95321
342,2022-01-27-16:12:41,2,3,2.94333
343,2022-01-27-16:12:45,3,0,3.32290
344,2022-01-27-16:12:46,0,2,1.72587
345,2022-01-27-16:12:50,2,3,3.09989
346,2022-01-27-16:12:52,3,4,2.12616
347,2022-01-27-16:12:55,4,0,3.79079
348,2022-01-27-16:12:57,0,4,1.51944
349,2022-01-27-16:12:59,4,7,1.92343
350,2022-01-27-16:13:02,7,5,2.65087
351,2022-01-27-16:13:04,5,4,2.26317
352,2022-01-27-16:13:07,4,6,3.44058
353,2022-01-27-16:13:11,6,3,3.73949
354,2022-01-27-16:13:13,3,1,2.22467
355,2022-01-27-16:13:15,1,4,1.36454
356,2022-01-27-16:13:16,4,1,1.33300
357,2022-01-27-16:13:18,1,2,1.99054
358,2022-01-27-16:13:21,2,6,3.25146
359,2022-01-27-16:13:25,6,4,3.92512
360,2022-01-27-16:13:26,4,1,1.28517
361,2022-01-27-16:13:28,1,5,1.97541
362,2022-01-27-16:13:31,5,7,2.59955
363,2022-01-27-16:13:34,7,5,2.73798
364,2022-01-27-16:13:38,5,2,3.85718
365,2022-01-27-16:13:41,2,5,3.82937
366,2022-01-27-16:13:44,5,7,2.60360
367,2022-01-27-16:13:48,7,1,3.56726
368,2022-01-27-16:13:50,1,6,2.71107
369,2022-01-27-16:13:53,6,5,2.79889
370,2022-01-27-16:13:55,5,4,1.84187
371,2022-01-27-16:13:56,4,1,1.31965
372,2022-01-27-16:13:58,1,3,2.23783
373,2022-01-27-16:14:01,3,5,2.20198
374,2022-01-27-16:14:03,5,0,1.92145
375,2022-01-27-16:14:05,0,7,1.92123
376,2022-01-27-16:14:07,7,5,2.65506
377,2022-01-27-16:14:10,5,7,2.57596
378,2022-01-27-16:14:13,7,4,3.35240
379,2022-01-27-16:14:15,4,2,1.99276
380,2022-01-27-16:14:18,2,3,2.83003
381,2022-01-27-16:14:21,3,4,3.50249
382,2022-01-27-16:14:26,4,2,4.22951
383,2022-01-27-16:14:27,2,4,1.81826
384,2022-01-27-16:14:31,4,5,3.27180
385,2022-01-27-16:14:33,5,0,1.88278
386,2022-01-27-16:14:35,0,7,1.91745
387,2022-01-27-16:14:37,7,5,2.72811
388,2022-01-27-16:14:39,5,4,1.82533
389,2022-01-27-16:14:43,4,6,3.44949
390,2022-01-27-16:14:46,6,3,3.08124
391,2022-01-27-16:14:49,3,2,3.10345
392,2022-01-27-16:14:50,2,0,1.72146
393,2022-01-27-16:14:52,0,2,1.73781
394,2022-01-27-16:14:54,2,0,1.77156
395,2022-01-27-16:14:56,0,2,1.74468
396,2022-01-27-16:14:57,2,5,1.52725
397,2022-01-27-16:14:59,5,2,1.52919
398,2022-01-27-16:15:01,2,7,2.55938
399,2022-01-27-16:15:05,7,3,3.33437
400,2022-01-27-16:15:07,3,6,1.96768
401,2022-01-27-16:15:09,6,1,2.67302
402,2022-01-27-16:15:11,1,7,1.73651
403,2022-01-27-16:15:15,7,6,4.04630
404,2022-01-27-16:15:18,6,7,2.65830
405,2022-01-27-16:15:20,7,6,2.61387
406,2022-01-27-16:15:24,6,4,3.44056
407,2022-01-27-16:15:25,4,1,1.33471
408,2022-01-27-16:15:29,1,6,3.56696
409,2022-01-27-16:15:33,6,7,4.09481
410,2022-01-27-16:15:35,7,3,2.17819
411,2022-01-27-16:15:37,3,6,2.00273
412,2022-01-27-16:15:40,6,5,2.71227
413,2022-01-27-16:15:43,5,6,3.10433
414,2022-01-27-16:15:47,6,7,4.04982
415,2022-01-27-16:15:50,7,5,2.70034
416,2022-01-27-16:15:52,5,1,1.96455
417,2022-01-27-16:15:54,1,3,2.22230
418,2022-01-27-16:15:56,3,4,2.07276
419,2022-01-27-16:15:57,4,1,1.29509
420,2022-01-27-16:15:59,1,5,1.96458
421,2022-01-27-16:16:03,5,2,3.75037
422,2022-01-27-16:16:07,2,0,4.11565
423,2022-01-27-16:16:09,0,2,1.71481
424,2022-01-27-16:16:10,2,5,1.52137
425,2022-01-27-16:16:14,5,2,3.66225
426,2022-01-27-16:16:18,2,3,4.33726
427,2022-01-27-16:16:21,3,5,2.35729
428,2022-01-27-16:16:24,5,6,3.10659
429,2022-01-27-16:16:27,6,0,3.65974
430,2022-01-27-16:16:28,0,1,1.05114
431,2022-01-27-16:16:32,1,3,3.47825
432,2022-01-27-16:16:35,3,1,3.50283
433,2022-01-27-16:16:37,1,2,1.95918
434,2022-01-27-16:16:39,2,1,2.00248
435,2022-01-27-16:16:40,1,0,1.01960
436,2022-01-27-16:16:44,0,3,3.43749
437,2022-01-27-16:16:47,3,4,3.44724
438,2022-01-27-16:16:49,4,7,1.88900
439,2022-01-27-16:16:51,7,3,2.19299
440,2022-01-27-16:16:54,3,2,2.56177
441,2022-01-27-16:16:56,2,4,1.76192
442,2022-01-27-16:16:58,4,3,2.08989
443,2022-01-27-16:17:00,3,4,2.16747
444,2022-01-27-16:17:02,4,7,1.90342
445,2022-01-27-16:17:06,7,6,4.43719
446,2022-01-27-16:17:10,6,7,4.06717
447,2022-01-27-16:17:14,7,6,4.02921
448,2022-01-27-16:17:17,6,7,2.60812
449,2022-01-27-16:17:20,7,5,2.75398
450,2022-01-27-16:17:22,5,7,2.58794
451,2022-01-27-16:17:25,7,4,3.11493
452,2022-01-27-16:17:27,4,3,2.07403
453,2022-01-27-16:17:30,3,4,2.22210
454,2022-01-27-16:17:31,4,1,1.31919
455,2022-01-27-16:17:34,1,6,2.71459
456,2022-01-27-16:17:36,6,4,2.71603
457,2022-01-27-16:17:38,4,2,1.81966
458,2022-01-27-16:17:40,2,5,1.52239
459,2022-01-27-16:17:42,5,4,1.92639
460,2022-01-27-16:17:43,4,2,1.78253
461,2022-01-27-16:17:45,2,4,1.81827
462,2022-01-27-16:17:47,4,0,1.55744
463,2022-01-27-16:17:49,0,3,2.54176
464,2022-01-27-16:17:52,3,0,2.44894
465,2022-01-27-16:17:53,0,4,1.57819
466,2022-01-27-16:17:55,4,0,1.52685
467,2022-01-27-16:17:56,0,1,1.04175
468,2022-01-27-16:18:00,1,6,3.64223
469,2022-01-27-16:18:03,6,5,3.09531
470,2022-01-27-16:18:05,5,1,2.03348
471,2022-01-27-16:18:06,1,0,1.09124
472,2022-01-27-16:18:09,0,7,3.06646
473,2022-01-27-16:18:12,7,3,3.23775
474,2022-01-27-16:18:15,3,0,2.37994
475,2022-01-27-16:18:16,0,4,1.52139
476,2022-01-27-16:18:20,4,6,3.46699
477,2022-01-27-16:18:23,6,4,3.43358
478,2022-01-27-16:18:25,4,2,1.95984
479,2022-01-27-16:18:27,2,4,1.75686
480,2022-01-27-16:18:29,4,2,1.88807
481,2022-01-27-16:18:31,2,7,2.54866
482,2022-01-27-16:18:34,7,6,2.56801
483,2022-01-27-16:18:37,6,1,3.76330
484,2022-01-27-16:18:39,1,4,1.28516
485,2022-01-27-16:18:42,4,6,3.41014
486,2022-01-27-16:18:46,6,1,3.63489
487,2022-01-27-16:18:47,1,4,1.42980
488,2022-01-27-16:18:49,4,5,1.76618
489,2022-01-27-16:18:51,5,3,2.40336
490,2022-01-27-16:18:53,3,4,2.06667
491,2022-01-27-16:18:55,4,5,1.78866
492,2022-01-27-16:18:57,5,0,1.90723
493,2022-01-27-16:18:59,0,2,1.70515
494,2022-01-27-16:19:01,2,1,2.02232
495,2022-01-27-16:19:03,1,7,1.66502
496,2022-01-27-16:19:04,7,4,1.95441
497,2022-01-27-16:19:08,4,6,3.46736
498,2022-01-27-16:19:12,6,3,3.73318
499,2022-01-27-16:19:14,3,1,2.23739
500,2022-01-27-16:19:15,1,0,1.06485
501,2022-01-27-16:19:18,0,6,2.83393
502,2022-01-27-16:19:21,6,5,2.78149
503,2022-01-27-16:19:23,5,1,1.95295
504,2022-01-27-16:19:25,1,6,2.76622
505,2022-01-27-16:19:29,6,7,3.37260
506,2022-01-27-16:19:31,7,2,2.63384
507,2022-01-27-16:19:35,2,3,3.18385
508,2022-01-27-16:19:38,3,7,3.90626
509,2022-01-27-16:19:40,7,1,1.76037
510,2022-01-27-16:19:42,1,5,2.08112
511,2022-01-27-16:19:45,5,6,3.16413
512,2022-01-27-16:19:49,6,4,3.61557
513,2022-01-27-16:19:51,4,7,1.88524
514,2022-01-27-16:19:53,7,4,1.89924
515,2022-01-27-16:19:54,4,1,1.33567
516,2022-01-27-16:19:56,1,2,1.99079
517,2022-01-27-16:19:58,2,4,1.79261
518,2022-01-27-16:20:00,4,3,2.04967
519,2022-01-27-16:20:02,3,6,2.06408
520,2022-01-27-16:20:05,6,5,2.83932
521,2022-01-27-16:20:08,5,6,3.06622
522,2022-01-27-16:20:11,6,4,3.45503
523,2022-01-27-16:20:13,4,0,1.56722
524,2022-01-27-16:20:14,0,1,1.07402
525,2022-01-27-16:20:15,1,0,1.05342
526,2022-01-27-16:20:17,0,5,1.85848
527,2022-01-27-16:20:19,5,2,1.58239
528,2022-01-27-16:20:22,2,6,3.24619
529,2022-01-27-16:20:25,6,7,3.33938
530,2022-01-27-16:20:28,7,6,2.58729
531,2022-01-27-16:20:31,6,5,3.22064
532,2022-01-27-16:20:33,5,1,2.15190
533,2022-01-27-16:20:34,1,0,1.05212
534,2022-01-27-16:20:38,0,3,3.40130
535,2022-01-27-16:20:41,3,6,3.44349
536,2022-01-27-16:20:44,6,7,3.36334
537,2022-01-27-16:20:47,7,0,3.09922
538,2022-01-27-16:20:51,0,3,3.33815
539,2022-01-27-16:20:54,3,4,3.53899
540,2022-01-27-16:20:56,4,2,1.76847
541,2022-01-27-16:20:58,2,5,1.52275
542,2022-01-27-16:21:01,5,6,3.11496
543,2022-01-27-16:21:03,6,7,2.60405
544,2022-01-27-16:21:07,7,1,3.28282
545,2022-01-27-16:21:08,1,7,1.65539
546,2022-01-27-16:21:10,7,0,2.12886
547,2022-01-27-16:21:12,0,4,1.53876
548,2022-01-27-16:21:15,4,6,3.44115
549,2022-01-27-16:21:19,6,0,3.49761
550,2022-01-27-16:21:21,0,2,1.72386
551,2022-01-27-16:21:22,2,5,1.53927
552,2022-01-27-16:21:25,5,3,2.33132
553,2022-01-27-16:21:27,3,0,2.34665
554,2022-01-27-16:21:28,0,4,1.52935
555,2022-01-27-16:21:30,4,1,1.29386
556,2022-01-27-16:21:32,1,2,1.99998
557,2022-01-27-16:21:33,2,4,1.81149
558,2022-01-27-16:21:35,4,0,1.53151
559,2022-01-27-16:21:37,0,2,1.77674
560,2022-01-27-16:21:38,2,5,1.52931
561,2022-01-27-16:21:41,5,3,2.18859
562,2022-01-27-16:21:43,3,6,2.08787
563,2022-01-27-16:21:45,6,7,2.61196
564,2022-01-27-16:21:47,7,1,1.68371
565,2022-01-27-16:21:49,1,5,2.12620
566,2022-01-27-16:21:51,5,1,2.01651
567,2022-01-27-16:21:52,1,0,1.09106
568,2022-01-27-16:21:54,0,5,2.08923
569,2022-01-27-16:21:56,5,4,2.07963
570,2022-01-27-16:21:58,4,1,1.29073
571,2022-01-27-16:22:00,1,2,2.00229
572,2022-01-27-16:22:01,2,5,1.49596
573,2022-01-27-16:22:05,5,4,3.44035
574,2022-01-27-16:22:08,4,0,3.67143
575,2022-01-27-16:22:12,0,6,3.47652
576,2022-01-27-16:22:15,6,0,3.55165
577,2022-01-27-16:22:18,0,3,2.44469
578,2022-01-27-16:22:20,3,4,2.18425
579,2022-01-27-16:22:21,4,1,1.31886
580,2022-01-27-16:22:23,1,4,1.32527
581,2022-01-27-16:22:24,4,7,1.89585
582,2022-01-27-16:22:26,7,1,1.73398
583,2022-01-27-16:22:27,1,0,1.09606
584,2022-01-27-16:22:29,0,2,1.75951
585,2022-01-27-16:22:32,2,7,2.59178
586,2022-01-27-16:22:34,7,0,1.94706
587,2022-01-27-16:22:35,0,4,1.54162
588,2022-01-27-16:22:37,4,5,1.80782
589,2022-01-27-16:22:39,5,7,2.58164
590,2022-01-27-16:22:43,7,1,3.31997
591,2022-01-27-16:22:46,1,6,3.69821
592,2022-01-27-16:22:50,6,3,3.93272
593,2022-01-27-16:22:53,3,7,2.21062
594,2022-01-27-16:22:55,7,4,1.90285
595,2022-01-27-16:22:56,4,5,1.76998
596,2022-01-27-16:22:58,5,0,1.95037
597,2022-01-27-16:23:00,0,2,1.72546
598,2022-01-27-16:23:03,2,7,2.58613
599,2022-01-27-16:23:05,7,5,2.74260
600,2022-01-27-16:23:09,5,2,3.65856
601,2022-01-27-16:23:13,2,1,4.23795
602,2022-01-27-16:23:16,1,6,2.74946
603,2022-01-27-16:23:19,6,5,2.83434
604,2022-01-27-16:23:22,5,6,3.11006
605,2022-01-27-16:23:26,6,1,3.67566
606,2022-01-27-16:23:29,1,3,3.47469
607,2022-01-27-16:23:32,3,6,3.13867
608,2022-01-27-16:23:36,6,5,3.54901
609,2022-01-27-16:23:38,5,3,2.27641
610,2022-01-27-16:23:40,3,6,2.08296
611,2022-01-27-16:23:43,6,5,2.80239
612,2022-01-27-16:23:45,5,1,1.93935
613,2022-01-27-16:23:47,1,2,2.06953
614,2022-01-27-16:23:49,2,1,1.94472
615,2022-01-27-16:23:51,1,2,1.97453
616,2022-01-27-16:23:54,2,3,2.72872
617,2022-01-27-16:23:56,3,0,2.35658
618,2022-01-27-16:23:58,0,5,1.89131
619,2022-01-27-16:24:00,5,3,2.24205
620,2022-01-27-16:24:03,3,0,2.49669
621,2022-01-27-16:24:06,0,3,3.41047
622,2022-01-27-16:24:09,3,5,3.34196
623,2022-01-27-16:24:11,5,2,1.54064
624,2022-01-27-16:24:13,2,1,2.02764
625,2022-01-27-16:24:16,1,6,2.66765
626,2022-01-27-16:24:19,6,4,3.71193
627,2022-01-27-16:24:23,4,5,3.53168
628,2022-01-27-16:24:25,5,4,1.78135
629,2022-01-27-16:24:26,4,2,1.91739
630,2022-01-27-16:24:29,2,3,2.68904
631,2022-01-27-16:24:32,3,1,2.33199
632,2022-01-27-16:24:33,1,2,1.96876
633,2022-01-27-16:24:35,2,0,1.73920
634,2022-01-27-16:24:38,0,6,2.84031
635,2022-01-27-16:24:42,6,2,4.15127
636,2022-01-27-16:24:46,2,0,4.25616
637,2022-01-27-16:24:48,0,1,1.10130
638,2022-01-27-16:24:50,1,6,2.64798
639,2022-01-27-16:24:55,6,4,4.42809
640,2022-01-27-16:24:59,4,1,4.06983
641,2022-01-27-16:25:00,1,0,1.04989
642,2022-01-27-16:25:02,0,3,2.54979
643,2022-01-27-16:25:04,3,4,2.03074
644,2022-01-27-16:25:06,4,1,1.35365
645,2022-01-27-16:25:09,1,6,3.63610
646,2022-01-27-16:25:13,6,4,3.44907
647,2022-01-27-16:25:15,4,7,1.94933
648,2022-01-27-16:25:16,7,1,1.75893
649,2022-01-27-16:25:18,1,7,1.74800
650,2022-01-27-16:25:21,7,6,2.61065
651,2022-01-27-16:25:24,6,1,2.67153
652,2022-01-27-16:25:26,1,5,1.99563
653,2022-01-27-16:25:27,5,2,1.53025
654,2022-01-27-16:25:30,2,6,3.14855
655,2022-01-27-16:25:33,6,2,3.12490
656,2022-01-27-16:25:35,2,4,1.89605
657,2022-01-27-16:25:38,4,6,3.26080
658,2022-01-27-16:25:42,6,4,3.50466
659,2022-01-27-16:25:43,4,1,1.35746
660,2022-01-27-16:25:45,1,2,2.00278
661,2022-01-27-16:25:47,2,4,1.78842
662,2022-01-27-16:25:49,4,3,2.05572
663,2022-01-27-16:25:52,3,2,2.66641
664,2022-01-27-16:25:55,2,6,3.10583
665,2022-01-27-16:25:57,6,3,2.03138
666,2022-01-27-16:25:59,3,4,2.12029
667,2022-01-27-16:26:01,4,2,1.94060
668,2022-01-27-16:26:04,2,3,2.62569
669,2022-01-27-16:26:06,3,0,2.45929
670,2022-01-27-16:26:08,0,4,1.53483
671,2022-01-27-16:26:09,4,1,1.33287
672,2022-01-27-16:26:11,1,3,2.32661
673,2022-01-27-16:26:14,3,0,2.63421
674,2022-01-27-16:26:16,0,2,1.74368
675,2022-01-27-16:26:17,2,4,1.77749
676,2022-01-27-16:26:19,4,0,1.54459
677,2022-01-27-16:26:21,0,7,1.99820
678,2022-01-27-16:26:23,7,1,1.70130
679,2022-01-27-16:26:25,1,2,1.97230
680,2022-01-27-16:26:27,2,7,2.54786
681,2022-01-27-16:26:31,7,6,4.07084
682,2022-01-27-16:26:34,6,7,2.60970
683,2022-01-27-16:26:37,7,5,2.60099
684,2022-01-27-16:26:40,5,6,3.13583
685,2022-01-27-16:26:43,6,0,3.69120
686,2022-01-27-16:26:45,0,2,1.75747
687,2022-01-27-16:26:48,2,7,2.59606
688,2022-01-27-16:26:51,7,3,2.92059
689,2022-01-27-16:26:53,3,1,2.25638
690,2022-01-27-16:26:55,1,3,2.29945
691,2022-01-27-16:26:58,3,5,2.39220
692,2022-01-27-16:27:00,5,3,2.73436
693,2022-01-27-16:27:03,3,1,2.37495
694,2022-01-27-16:27:04,1,4,1.33053
695,2022-01-27-16:27:06,4,5,1.77816
696,2022-01-27-16:27:07,5,2,1.63850
697,2022-01-27-16:27:10,2,7,2.60285
698,2022-01-27-16:27:14,7,3,3.86429
699,2022-01-27-16:27:17,3,0,3.27382
700,2022-01-27-16:27:20,0,3,2.42895
701,2022-01-27-16:27:22,3,4,2.20778
702,2022-01-27-16:27:26,4,2,4.06974
703,2022-01-27-16:27:29,2,6,3.11779
704,2022-01-27-16:27:32,6,5,3.44005
705,2022-01-27-16:27:35,5,3,2.24454
706,2022-01-27-16:27:37,3,5,2.27769
707,2022-01-27-16:27:40,5,6,3.14616
708,2022-01-27-16:27:44,6,1,3.87476
709,2022-01-27-16:27:46,1,7,1.70046
710,2022-01-27-16:27:48,7,0,1.94380
711,2022-01-27-16:27:50,0,7,1.93374
712,2022-01-27-16:27:52,7,6,2.56527
713,2022-01-27-16:27:55,6,0,2.93813
714,2022-01-27-16:27:59,0,6,3.55066
715,2022-01-27-16:28:03,6,1,3.92947
716,2022-01-27-16:28:05,1,2,2.09327
717,2022-01-27-16:28:07,2,7,2.63814
718,2022-01-27-16:28:09,7,3,2.15996
719,2022-01-27-16:28:13,3,7,3.32033
720,2022-01-27-16:28:15,7,5,2.64179
721,2022-01-27-16:28:18,5,7,2.60695
722,2022-01-27-16:28:21,7,4,3.26565
723,2022-01-27-16:28:25,4,7,4.02444
724,2022-01-27-16:28:28,7,5,2.66259
725,2022-01-27-16:28:31,5,3,2.66008
726,2022-01-27-16:28:33,3,2,2.64798
727,2022-01-27-16:28:35,2,4,1.77871
728,2022-01-27-16:28:36,4,1,1.35335
729,2022-01-27-16:28:38,1,7,1.69983
730,2022-01-27-16:28:41,7,6,2.64441
731,2022-01-27-16:28:45,6,4,3.75889
732,2022-01-27-16:28:48,4,7,3.17051
733,2022-01-27-16:28:51,7,0,3.12081
734,2022-01-27-16:28:52,0,1,1.05274
735,2022-01-27-16:28:54,1,3,2.28542
736,2022-01-27-16:28:57,3,0,2.56183
737,2022-01-27-16:28:59,0,5,2.03456
738,2022-01-27-16:29:02,5,6,3.17747
739,2022-01-27-16:29:05,6,7,2.63017
740,2022-01-27-16:29:08,7,5,3.13454
741,2022-01-27-16:29:10,5,7,2.63494
742,2022-01-27-16:29:13,7,2,3.07876
743,2022-01-27-16:29:18,2,3,4.41260
744,2022-01-27-16:29:20,3,0,2.36095
745,2022-01-27-16:29:22,0,2,1.74000
746,2022-01-27-16:29:24,2,4,1.80832
747,2022-01-27-16:29:26,4,7,1.90058
748,2022-01-27-16:29:30,7,3,3.90043
749,2022-01-27-16:29:32,3,4,2.34374
750,2022-01-27-16:29:36,4,1,3.87076
751,2022-01-27-16:29:38,1,7,1.82314
752,2022-01-27-16:29:40,7,5,2.73750
753,2022-01-27-16:29:43,5,3,2.73989
754,2022-01-27-16:29:45,3,0,2.42688
755,2022-01-27-16:29:47,0,5,1.87364
756,2022-01-27-16:29:50,5,3,2.46885
757,2022-01-27-16:29:52,3,6,2.13682
758,2022-01-27-16:29:55,6,1,3.34507
759,2022-01-27-16:29:57,1,7,1.77059
760,2022-01-27-16:29:59,7,4,1.85071
761,2022-01-27-16:30:01,4,3,2.10252
762,2022-01-27-16:30:04,3,2,2.68540
763,2022-01-27-16:30:06,2,4,1.82635
764,2022-01-27-16:30:07,4,0,1.56193
765,2022-01-27-16:30:08,0,1,1.05115
766,2022-01-27-16:30:12,1,6,3.57054
767,2022-01-27-16:30:15,6,1,3.58248
768,2022-01-27-16:30:16,1,0,1.08462
769,2022-01-27-16:30:18,0,7,1.97071
770,2022-01-27-16:30:20,7,1,1.64006
771,2022-01-27-16:30:24,1,6,3.60256
772,2022-01-27-16:30:27,6,2,3.16845
773,2022-01-27-16:30:30,2,7,2.99628
774,2022-01-27-16:30:33,7,0,3.09013
775,2022-01-27-16:30:35,0,2,1.74056
776,2022-01-27-16