date,init_position,final_position,time
1,2022-01-24-23:42:18,-1,3,2.712891
2,2022-01-24-23:42:20,3,4,2.089224
3,2022-01-24-23:42:23,4,6,3.422242
4,2022-01-24-23:42:27,6,1,3.520451
5,2022-01-24-23:42:28,1,0,1.060551
6,2022-01-24-23:42:29,0,1,1.058880
7,2022-01-24-23:42:30,1,4,1.335588
8,2022-01-24-23:42:32,4,7,1.824281
9,2022-01-24-23:42:35,7,5,2.568261
10,2022-01-24-23:42:37,5,3,2.190664
11,2022-01-24-23:42:39,3,5,2.133634
12,2022-01-24-23:42:41,5,2,1.519920
13,2022-01-24-23:42:42,2,0,1.683310
14,2022-01-24-23:42:46,0,6,3.439417
15,2022-01-24-23:42:49,6,4,3.428738
16,2022-01-24-23:42:51,4,0,1.522161
17,2022-01-24-23:42:53,0,7,1.936407
18,2022-01-24-23:42:55,7,0,1.922577
19,2022-01-24-23:42:56,0,5,1.886147
20,2022-01-24-23:42:59,5,7,2.563939
21,2022-01-24-23:43:01,7,0,1.933249
22,2022-01-24-23:43:03,0,3,2.386712
23,2022-01-24-23:43:05,3,7,2.133620
24,2022-01-24-23:43:07,7,1,1.667054
25,2022-01-24-23:43:09,1,2,1.973518
26,2022-01-24-23:43:11,2,1,2.003083
27,2022-01-24-23:43:12,1,0,1.019290
28,2022-01-24-23:43:14,0,5,2.080433
29,2022-01-24-23:43:17,5,6,3.186346
30,2022-01-24-23:43:21,6,3,3.841833
31,2022-01-24-23:43:24,3,0,2.388002
32,2022-01-24-23:43:25,0,5,1.862058
33,2022-01-24-23:43:27,5,2,1.515467
34,2022-01-24-23:43:30,2,6,3.086884
35,2022-01-24-23:43:33,6,5,3.087755
36,2022-01-24-23:43:35,5,4,1.757297
37,2022-01-24-23:43:36,4,1,1.322443
38,2022-01-24-23:43:38,1,3,2.235451
39,2022-01-24-23:43:42,3,6,3.650226
40,2022-01-24-23:43:45,6,5,3.088669
41,2022-01-24-23:43:47,5,2,1.555506
42,2022-01-24-23:43:50,2,6,3.064244
43,2022-01-24-23:43:53,6,0,3.460408
44,2022-01-24-23:43:54,0,1,1.052671
45,2022-01-24-23:43:55,1,0,1.096212
46,2022-01-24-23:43:59,0,6,3.448538
47,2022-01-24-23:44:02,6,5,3.081864
48,2022-01-24-23:44:04,5,4,1.757997
49,2022-01-24-23:44:06,4,7,1.864050
50,2022-01-24-23:44:08,7,2,2.606722
51,2022-01-24-23:44:10,2,1,1.966668
52,2022-01-24-23:44:11,1,0,1.022698
53,2022-01-24-23:44:13,0,2,1.731607
54,2022-01-24-23:44:16,2,6,3.143475
55,2022-01-24-23:44:19,6,4,3.423960
56,2022-01-24-23:44:21,4,0,1.506925
57,2022-01-24-23:44:23,0,3,2.352964
58,2022-01-24-23:44:26,3,0,2.347807
59,2022-01-24-23:44:27,0,4,1.535952
60,2022-01-24-23:44:29,4,0,1.496594
61,2022-01-24-23:44:30,0,1,1.030121
62,2022-01-24-23:44:32,1,5,1.933272
63,2022-01-24-23:44:35,5,6,3.144340
64,2022-01-24-23:44:38,6,4,3.437745
65,2022-01-24-23:44:40,4,2,1.793049
66,2022-01-24-23:44:42,2,5,1.493757
67,2022-01-24-23:44:43,5,2,1.532920
68,2022-01-24-23:44:45,2,0,1.723887
69,2022-01-24-23:44:47,0,2,1.737010
70,2022-01-24-23:44:48,2,5,1.529807
71,2022-01-24-23:44:50,5,1,1.896870
72,2022-01-24-23:44:54,1,6,3.602574
73,2022-01-24-23:44:57,6,2,3.102507
74,2022-01-24-23:44:59,2,7,2.607831
75,2022-01-24-23:45:02,7,2,2.602812
76,2022-01-24-23:45:04,2,0,1.732943
77,2022-01-24-23:45:05,0,4,1.491052
78,2022-01-24-23:45:09,4,6,3.446898
79,2022-01-24-23:45:12,6,4,3.445772
80,2022-01-24-23:45:14,4,3,2.131052
81,2022-01-24-23:45:17,3,2,2.548774
82,2022-01-24-23:45:19,2,3,2.569449
83,2022-01-24-23:45:21,3,4,2.044581
84,2022-01-24-23:45:23,4,7,1.858956
85,2022-01-24-23:45:25,7,0,1.938683
86,2022-01-24-23:45:27,0,2,1.730065
87,2022-01-24-23:45:29,2,7,2.632033
88,2022-01-24-23:45:32,7,5,2.613689
89,2022-01-24-23:45:34,5,0,1.849575
90,2022-01-24-23:45:36,0,3,2.366878
91,2022-01-24-23:45:38,3,5,2.196874
92,2022-01-24-23:45:41,5,7,2.582792
93,2022-01-24-23:45:43,7,0,1.944365
94,2022-01-24-23:45:45,0,7,1.887285
95,2022-01-24-23:45:49,7,6,4.000410
96,2022-01-24-23:45:52,6,2,3.110350
97,2022-01-24-23:45:54,2,4,1.763330
98,2022-01-24-23:45:57,4,6,3.440255
99,2022-01-24-23:46:01,6,1,3.548604
100,2022-01-24-23:46:03,1,5,1.926366
101,2022-01-24-23:46:04,5,4,1.789619
102,2022-01-24-23:46:06,4,0,1.526565
103,2022-01-24-23:46:08,0,2,1.725505
104,2022-01-24-23:46:10,2,3,2.562112
105,2022-01-24-23:46:13,3,1,2.230816
106,2022-01-24-23:46:14,1,7,1.667661
107,2022-01-24-23:46:17,7,2,2.572352
108,2022-01-24-23:46:19,2,1,1.970875
109,2022-01-24-23:46:20,1,4,1.325580
110,2022-01-24-23:46:22,4,2,1.749404
111,2022-01-24-23:46:24,2,3,2.600690
112,2022-01-24-23:46:27,3,7,2.129067
113,2022-01-24-23:46:28,7,0,1.928611
114,2022-01-24-23:46:30,0,7,1.939664
115,2022-01-24-23:46:33,7,5,2.608966
116,2022-01-24-23:46:36,5,6,3.133976
117,2022-01-24-23:46:40,6,3,3.645579
118,2022-01-24-23:46:42,3,7,2.132192
119,2022-01-24-23:46:45,7,5,2.574289
120,2022-01-24-23:46:47,5,3,2.162794
121,2022-01-24-23:46:49,3,1,2.206920
122,2022-01-24-23:46:51,1,5,1.930878
123,2022-01-24-23:46:53,5,0,1.890758
124,2022-01-24-23:46:54,0,2,1.714185
125,2022-01-24-23:46:56,2,4,1.767518
126,2022-01-24-23:46:58,4,1,1.325248
127,2022-01-24-23:46:59,1,0,1.039119
128,2022-01-24-23:47:01,0,3,2.382245
129,2022-01-24-23:47:03,3,4,2.119105
130,2022-01-24-23:47:05,4,5,1.766242
131,2022-01-24-23:47:06,5,2,1.507818
132,2022-01-24-23:47:08,2,1,1.972248
133,2022-01-24-23:47:10,1,7,1.685904
134,2022-01-24-23:47:13,7,5,2.605589
135,2022-01-24-23:47:14,5,2,1.578014
136,2022-01-24-23:47:16,2,4,1.776558
137,2022-01-24-23:47:18,4,2,1.749414
138,2022-01-24-23:47:19,2,5,1.488802
139,2022-01-24-23:47:22,5,6,3.110106
140,2022-01-24-23:47:26,6,0,3.450925
141,2022-01-24-23:47:29,0,6,3.439433
142,2022-01-24-23:47:33,6,0,3.453428
143,2022-01-24-23:47:34,0,4,1.525368
144,2022-01-24-23:47:38,4,6,3.445771
145,2022-01-24-23:47:42,6,7,3.986886
146,2022-01-24-23:47:43,7,1,1.664403
147,2022-01-24-23:47:46,1,3,2.232044
148,2022-01-24-23:47:48,3,7,2.143811
149,2022-01-24-23:47:52,7,6,4.028675
150,2022-01-24-23:47:55,6,1,3.560088
151,2022-01-24-23:47:57,1,2,1.976587
152,2022-01-24-23:47:59,2,1,1.973319
153,2022-01-24-23:48:01,1,2,1.961813
154,2022-01-24-23:48:04,2,3,2.544507
155,2022-01-24-23:48:07,3,6,3.654488
156,2022-01-24-23:48:10,6,5,3.113529
157,2022-01-24-23:48:12,5,1,1.926905
158,2022-01-24-23:48:15,1,3,2.239062
159,2022-01-24-23:48:17,3,7,2.145746
160,2022-01-24-23:48:19,7,3,2.139272
161,2022-01-24-23:48:23,3,6,3.650075
162,2022-01-24-23:48:26,6,5,3.070820
163,2022-01-24-23:48:28,5,7,2.555423
164,2022-01-24-23:48:30,7,3,2.133901
165,2022-01-24-23:48:34,3,6,3.657489
166,2022-01-24-23:48:37,6,2,3.102906
167,2022-01-24-23:48:39,2,1,2.002170
168,2022-01-24-23:48:43,1,6,3.556830
169,2022-01-24-23:48:46,6,3,3.652869
170,2022-01-24-23:48:48,3,5,2.147059
171,2022-01-24-23:48:50,5,1,1.891164
172,2022-01-24-23:48:51,1,0,1.067030
173,2022-01-24-23:48:52,0,1,1.059137
174,2022-01-24-23:48:55,1,3,2.266643
175,2022-01-24-23:48:57,3,0,2.400130
176,2022-01-24-23:48:59,0,2,1.737940
177,2022-01-24-23:49:01,2,7,2.562579
178,2022-01-24-23:49:04,7,3,2.132013
179,2022-01-24-23:49:06,3,0,2.395536
180,2022-01-24-23:49:09,0,6,3.450680
181,2022-01-24-23:49:12,6,2,3.068642
182,2022-01-24-23:49:14,2,1,1.984704
183,2022-01-24-23:49:16,1,5,1.927503
184,2022-01-24-23:49:18,5,2,1.539118
185,2022-01-24-23:49:19,2,5,1.551269
186,2022-01-24-23:49:22,5,7,2.590315
187,2022-01-24-23:49:25,7,2,2.610399
188,2022-01-24-23:49:27,2,3,2.576402
189,2022-01-24-23:49:30,3,0,2.404200
190,2022-01-24-23:49:31,0,4,1.525279
191,2022-01-24-23:49:33,4,2,1.761297
192,2022-01-24-23:49:34,2,5,1.533077
193,2022-01-24-23:49:38,5,6,3.109370
194,2022-01-24-23:49:41,6,2,3.088941
195,2022-01-24-23:49:42,2,5,1.528718
196,2022-01-24-23:49:45,5,7,2.594050
197,2022-01-24-23:49:47,7,1,1.693155
198,2022-01-24-23:49:50,1,6,3.560756
199,2022-01-24-23:49:54,6,3,3.638043
200,2022-01-24-23:49:56,3,7,2.139977
201,2022-01-24-23:49:58,7,0,1.923778
202,2022-01-24-23:50:00,0,3,2.367749
203,2022-01-24-23:50:02,3,1,2.251423
204,2022-01-24-23:50:04,1,2,1.991666
205,2022-01-24-23:50:07,2,7,2.604510
206,2022-01-24-23:50:09,7,4,1.881749
207,2022-01-24-23:50:11,4,2,1.819394
208,2022-01-24-23:50:13,2,7,2.610112
209,2022-01-24-23:50:15,7,0,1.910237
210,2022-01-24-23:50:19,0,6,3.489553
211,2022-01-24-23:50:22,6,4,3.468249
212,2022-01-24-23:50:26,4,6,3.483323
213,2022-01-24-23:50:29,6,3,3.659391
214,2022-01-24-23:50:31,3,7,2.140971
215,2022-01-24-23:50:34,7,2,2.589320
216,2022-01-24-23:50:36,2,1,1.960120
217,2022-01-24-23:50:38,1,7,1.670610
218,2022-01-24-23:50:40,7,4,1.889383
219,2022-01-24-23:50:41,4,0,1.521621
220,2022-01-24-23:50:43,0,5,1.873827
221,2022-01-24-23:50:45,5,0,1.861821
222,2022-01-24-23:50:48,0,6,3.452341
223,2022-01-24-23:50:51,6,5,3.103803
224,2022-01-24-23:50:53,5,4,1.756445
225,2022-01-24-23:50:55,4,3,2.154899
226,2022-01-24-23:50:57,3,5,2.178913
227,2022-01-24-23:51:00,5,3,2.196997
228,2022-01-24-23:51:02,3,7,2.135229
229,2022-01-24-23:51:04,7,4,1.869576
230,2022-01-24-23:51:05,4,5,1.748650
231,2022-01-24-23:51:08,5,7,2.614479
232,2022-01-24-23:51:10,7,4,1.893704
233,2022-01-24-23:51:11,4,0,1.542096
234,2022-01-24-23:51:13,0,4,1.503072
235,2022-01-24-23:51:15,4,7,1.967632
236,2022-01-24-23:51:17,7,1,1.659710
237,2022-01-24-23:51:19,1,2,2.018337
238,2022-01-24-23:51:21,2,1,1.961945
239,2022-01-24-23:51:24,1,6,3.580984
240,2022-01-24-23:51:28,6,4,3.452875
241,2022-01-24-23:51:29,4,0,1.557730
242,2022-01-24-23:51:31,0,4,1.548674
243,2022-01-24-23:51:32,4,5,1.773643
244,2022-01-24-23:51:34,5,0,1.924538
245,2022-01-24-23:51:35,0,1,1.051617
246,2022-01-24-23:51:37,1,0,1.087991
247,2022-01-24-23:51:38,0,5,1.896772
248,2022-01-24-23:51:41,5,3,2.200717
249,2022-01-24-23:51:43,3,0,2.406611
250,2022-01-24-23:51:44,0,1,1.096335
251,2022-01-24-23:51:45,1,4,1.323860
252,2022-01-24-23:51:48,4,3,2.147042
253,2022-01-24-23:51:50,3,2,2.564021
254,2022-01-24-23:51:52,2,0,1.742037
255,2022-01-24-23:51:54,0,2,1.735032
256,2022-01-24-23:51:55,2,5,1.522849
257,2022-01-24-23:51:57,5,4,1.770867
258,2022-01-24-23:51:58,4,1,1.328398
259,2022-01-24-23:51:59,1,0,1.063110
260,2022-01-24-23:52:03,0,6,3.453139
261,2022-01-24-23:52:06,6,5,3.105893
262,2022-01-24-23:52:08,5,7,2.566832
263,2022-01-24-23:52:11,7,2,2.616134
264,2022-01-24-23:52:13,2,5,1.499636
265,2022-01-24-23:52:14,5,2,1.562742
266,2022-01-24-23:52:16,2,4,1.848107
267,2022-01-24-23:52:18,4,7,1.863130
268,2022-01-24-23:52:20,7,3,2.148935
269,2022-01-24-23:52:22,3,4,2.130393
270,2022-01-24-23:52:24,4,7,1.905749
271,2022-01-24-23:52:26,7,3,2.129768
272,2022-01-24-23:52:28,3,1,2.249320
273,2022-01-24-23:52:30,1,7,1.687012
274,2022-01-24-23:52:33,7,5,2.594350
275,2022-01-24-23:52:34,5,2,1.541455
276,2022-01-24-23:52:36,2,0,1.695746
277,2022-01-24-23:52:38,0,7,1.966758
278,2022-01-24-23:52:40,7,4,1.909059
279,2022-01-24-23:52:43,4,6,3.504131
280,2022-01-24-23:52:47,6,1,3.586854
281,2022-01-24-23:52:51,1,6,3.623508
282,2022-01-24-23:52:54,6,5,3.120700
283,2022-01-24-23:52:57,5,6,3.109419
284,2022-01-24-23:53:00,6,3,3.669973
285,2022-01-24-23:53:03,3,7,2.138996
286,2022-01-24-23:53:04,7,4,1.875933
287,2022-01-24-23:53:06,4,1,1.330468
288,2022-01-24-23:53:07,1,7,1.659895
289,2022-01-24-23:53:10,7,2,2.581615
290,2022-01-24-23:53:13,2,7,2.642299
291,2022-01-24-23:53:15,7,4,1.925155
292,2022-01-24-23:53:17,4,3,2.147780
293,2022-01-24-23:53:19,3,4,2.136944
294,2022-01-24-23:53:21,4,2,1.777389
295,2022-01-24-23:53:22,2,0,1.737024
296,2022-01-24-23:53:24,0,7,1.956317
297,2022-01-24-23:53:27,7,2,2.611670
298,2022-01-24-23:53:29,2,0,1.738151
299,2022-01-24-23:53:31,0,3,2.369878
300,2022-01-24-23:53:33,3,5,2.208477
301,2022-01-24-23:53:36,5,7,2.611658
302,2022-01-24-23:53:39,7,2,2.617180
303,2022-01-24-23:53:41,2,7,2.633506
304,2022-01-24-23:53:43,7,0,1.951925
305,2022-01-24-23:53:44,0,1,1.107071
306,2022-01-24-23:53:46,1,3,2.259471
307,2022-01-24-23:53:49,3,5,2.226974
308,2022-01-24-23:53:51,5,3,2.179725
309,2022-01-24-23:53:55,3,6,3.681603
310,2022-01-24-23:53:58,6,4,3.464400
311,2022-01-24-23:54:00,4,0,1.537277
312,2022-01-24-23:54:02,0,3,2.422492
313,2022-01-24-23:54:04,3,5,2.192713
314,2022-01-24-23:54:06,5,2,1.602503
315,2022-01-24-23:54:08,2,1,2.007189
316,2022-01-24-23:54:10,1,5,1.942609
317,2022-01-24-23:54:12,5,3,2.227894
318,2022-01-24-23:54:14,3,7,2.161589
319,2022-01-24-23:54:17,7,2,2.613870
320,2022-01-24-23:54:18,2,0,1.729634
321,2022-01-24-23:54:20,0,1,1.035742
322,2022-01-24-23:54:22,1,3,2.216931
323,2022-01-24-23:54:24,3,0,2.459921
324,2022-01-24-23:54:26,0,2,1.746772
325,2022-01-24-23:54:29,2,3,2.613934
326,2022-01-24-23:54:32,3,6,3.663044
327,2022-01-24-23:54:36,6,0,3.464343
328,2022-01-24-23:54:38,0,5,1.942568
329,2022-01-24-23:54:40,5,3,2.177013
330,2022-01-24-23:54:43,3,6,3.689344
331,2022-01-24-23:54:47,6,5,3.131778
332,2022-01-24-23:54:49,5,1,1.970454
333,2022-01-24-23:54:51,1,5,1.968616
334,2022-01-24-23:54:52,5,2,1.543014
335,2022-01-24-23:54:55,2,6,3.124915
336,2022-01-24-23:54:59,6,0,3.449991
337,2022-01-24-23:55:00,0,2,1.752080
338,2022-01-24-23:55:02,2,4,1.858622
339,2022-01-24-23:55:04,4,2,1.762448
340,2022-01-24-23:55:07,2,3,2.614825
341,2022-01-24-23:55:09,3,4,2.131394
342,2022-01-24-23:55:10,4,1,1.322400
343,2022-01-24-23:55:14,1,6,3.554520
344,2022-01-24-23:55:17,6,2,3.108628
345,2022-01-24-23:55:18,2,5,1.512409
346,2022-01-24-23:55:21,5,7,2.578990
347,2022-01-24-23:55:23,7,0,1.961990
348,2022-01-24-23:55:25,0,7,1.930769
349,2022-01-24-23:55:26,7,1,1.704805
350,2022-01-24-23:55:29,1,3,2.216549
351,2022-01-24-23:55:31,3,0,2.426348
352,2022-01-24-23:55:33,0,7,1.951791
353,2022-01-24-23:55:36,7,2,2.630742
354,2022-01-24-23:55:37,2,4,1.792030
355,2022-01-24-23:55:39,4,7,1.864908
356,2022-01-24-23:55:41,7,1,1.660980
357,2022-01-24-23:55:42,1,0,1.108745
358,2022-01-24-23:55:44,0,5,1.953522
359,2022-01-24-23:55:46,5,0,1.874195
360,2022-01-24-23:55:47,0,1,1.081600
361,2022-01-24-23:55:49,1,2,2.012478
362,2022-01-24-23:55:51,2,0,1.736272
363,2022-01-24-23:55:53,0,2,1.760009
364,2022-01-24-23:55:54,2,0,1.739446
365,2022-01-24-23:55:56,0,7,1.960610
366,2022-01-24-23:55:58,7,4,1.859835
367,2022-01-24-23:56:00,4,0,1.548523
368,2022-01-24-23:56:02,0,5,1.894011
369,2022-01-24-23:56:03,5,1,1.937944
370,2022-01-24-23:56:05,1,7,1.757998
371,2022-01-24-23:56:07,7,0,1.937858
372,2022-01-24-23:56:09,0,2,1.771124
373,2022-01-24-23:56:12,2,6,3.176152
374,2022-01-24-23:56:16,6,7,4.072589
375,2022-01-24-23:56:18,7,1,1.718511
376,2022-01-24-23:56:20,1,2,1.983913
377,2022-01-24-23:56:23,2,6,3.142846
378,2022-01-24-23:56:27,6,7,4.019872
379,2022-01-24-23:56:29,7,0,1.924069
380,2022-01-24-23:56:31,0,3,2.421155
381,2022-01-24-23:56:35,3,6,3.752943
382,2022-01-24-23:56:38,6,5,3.175086
383,2022-01-24-23:56:41,5,3,2.240017
384,2022-01-24-23:56:43,3,5,2.309654
385,2022-01-24-23:56:45,5,3,2.202755
386,2022-01-24-23:56:49,3,6,3.726439
387,2022-01-24-23:56:52,6,2,3.106588
388,2022-01-24-23:56:55,2,6,3.111224
389,2022-01-24-23:56:59,6,1,3.590628
390,2022-01-24-23:57:00,1,4,1.326628
391,2022-01-24-23:57:02,4,2,1.778670
392,2022-01-24-23:57:04,2,0,1.741811
393,2022-01-24-23:57:05,0,5,1.940039
394,2022-01-24-23:57:08,5,3,2.178032
395,2022-01-24-23:57:10,3,4,2.161695
396,2022-01-24-23:57:13,4,6,3.468866
397,2022-01-24-23:57:17,6,7,4.066047
398,2022-01-24-23:57:19,7,3,2.150450
399,2022-01-24-23:57:22,3,5,2.226772
400,2022-01-24-23:57:25,5,6,3.094732
401,2022-01-24-23:57:28,6,5,3.089490
402,2022-01-24-23:57:30,5,1,1.945459
403,2022-01-24-23:57:33,1,6,3.601425
404,2022-01-24-23:57:37,6,4,3.464645
405,2022-01-24-23:57:39,4,5,1.816803
406,2022-01-24-23:57:41,5,1,1.945881
407,2022-01-24-23:57:42,1,0,1.019573
408,2022-01-24-23:57:45,0,6,3.494860
409,2022-01-24-23:57:48,6,5,3.210102
410,2022-01-24-23:57:50,5,0,1.894608
411,2022-01-24-23:57:53,0,3,2.430123
412,2022-01-24-23:57:55,3,5,2.211445
413,2022-01-24-23:57:57,5,0,1.902222
414,2022-01-24-23:57:59,0,5,1.859880
415,2022-01-24-23:58:00,5,2,1.580488
416,2022-01-24-23:58:02,2,5,1.566276
417,2022-01-24-23:58:03,5,2,1.532331
418,2022-01-24-23:58:05,2,1,2.027141
419,2022-01-24-23:58:07,1,5,1.986358
420,2022-01-24-23:58:09,5,4,1.876066
421,2022-01-24-23:58:11,4,0,1.561543
422,2022-01-24-23:58:14,0,6,3.496395
423,2022-01-24-23:58:17,6,2,3.131344
424,2022-01-24-23:58:20,2,7,2.628497
425,2022-01-24-23:58:24,7,6,4.031318
426,2022-01-24-23:58:28,6,1,3.575071
427,2022-01-24-23:58:29,1,0,1.120612
428,2022-01-24-23:58:32,0,6,3.466621
429,2022-01-24-23:58:36,6,3,3.697696
430,2022-01-24-23:58:38,3,0,2.503737
431,2022-01-24-23:58:40,0,2,1.736688
432,2022-01-24-23:58:42,2,1,2.023564
433,2022-01-24-23:58:43,1,0,1.043524
434,2022-01-24-23:58:45,0,5,1.927527
435,2022-01-24-23:58:47,5,0,1.879680
436,2022-01-24-23:58:49,0,2,1.720223
437,2022-01-24-23:58:50,2,5,1.551613
438,2022-01-24-23:58:53,5,6,3.118920
439,2022-01-24-23:58:57,6,1,3.603261
440,2022-01-24-23:58:58,1,4,1.363182
441,2022-01-24-23:59:02,4,6,3.448407
442,2022-01-24-23:59:05,6,5,3.116065
443,2022-01-24-23:59:07,5,3,2.267757
444,2022-01-24-23:59:09,3,5,2.231113
445,2022-01-24-23:59:12,5,7,2.620588
446,2022-01-24-23:59:14,7,4,1.912868
447,2022-01-24-23:59:15,4,1,1.425747
448,2022-01-24-23:59:19,1,6,3.569586
449,2022-01-24-23:59:22,6,0,3.447714
450,2022-01-24-23:59:24,0,2,1.738875
451,2022-01-24-23:59:27,2,7,2.612084
452,2022-01-24-23:59:29,7,5,2.603190
453,2022-01-24-23:59:32,5,3,2.228010
454,2022-01-24-23:59:34,3,4,2.148714
455,2022-01-24-23:59:36,4,3,2.190652
456,2022-01-24-23:59:38,3,7,2.162549
457,2022-01-24-23:59:40,7,4,1.839329
458,2022-01-24-23:59:42,4,2,1.820377
459,2022-01-24-23:59:44,2,7,2.617326
460,2022-01-24-23:59:49,7,6,4.129271
461,2022-01-24-23:59:52,6,3,3.785105
462,2022-01-24-23:59:55,3,7,2.165042
463,2022-01-24-23:59:56,7,0,1.959223
464,2022-01-24-23:59:58,0,7,1.965425
465,2022-01-25-00:00:01,7,3,2.227684
466,2022-01-25-00:00:03,3,7,2.149790
467,2022-01-25-00:00:05,7,3,2.235851
468,2022-01-25-00:00:07,3,1,2.318661
469,2022-01-25-00:00:09,1,5,1.997993
470,2022-01-25-00:00:11,5,1,2.101021
471,2022-01-25-00:00:15,1,6,3.668001
472,2022-01-25-00:00:19,6,3,3.653769
473,2022-01-25-00:00:21,3,0,2.564590
474,2022-01-25-00:00:23,0,1,1.172368
475,2022-01-25-00:00:24,1,4,1.340772
476,2022-01-25-00:00:27,4,6,3.456579
477,2022-01-25-00:00:30,6,5,3.149273
478,2022-01-25-00:00:33,5,7,2.662999
479,2022-01-25-00:00:35,7,4,1.930960
480,2022-01-25-00:00:39,4,6,3.569210
481,2022-01-25-00:00:43,6,7,4.033989
482,2022-01-25-00:00:45,7,4,1.910702
483,2022-01-25-00:00:48,4,6,3.481239
484,2022-01-25-00:00:52,6,4,3.460576
485,2022-01-25-00:00:55,4,6,3.538104
486,2022-01-25-00:00:59,6,7,4.073985
487,2022-01-25-00:01:01,7,4,1.921753
488,2022-01-25-00:01:03,4,0,1.586683
489,2022-01-25-00:01:05,0,5,1.957027
490,2022-01-25-00:01:06,5,4,1.855404
491,2022-01-25-00:01:10,4,6,3.519971
492,2022-01-25-00:01:14,6,1,3.593812
493,2022-01-25-00:01:17,1,6,3.629904
494,2022-01-25-00:01:21,6,7,4.089101
495,2022-01-25-00:01:23,7,3,2.144971
496,2022-01-25-00:01:26,3,0,2.346489
497,2022-01-25-00:01:28,0,5,1.963307
498,2022-01-25-00:01:30,5,0,1.917010
499,2022-01-25-00:01:33,0,6,3.471634
500,2022-01-25-00:01:37,6,3,3.725676
501,2022-01-25-00:01:39,3,7,2.178644
502,2022-01-25-00:01:41,7,3,2.217502
503,2022-01-25-00:01:45,3,6,3.715582
504,2022-01-25-00:01:48,6,2,3.160955
505,2022-01-25-00:01:50,2,5,1.549697
506,2022-01-25-00:01:52,5,0,1.897436
507,2022-01-25-00:01:53,0,2,1.774894
508,2022-01-25-00:01:56,2,3,2.665523
509,2022-01-25-00:01:58,3,7,2.136675
510,2022-01-25-00:02:02,7,6,4.047933
511,2022-01-25-00:02:06,6,0,3.668987
512,2022-01-25-00:02:08,0,3,2.374836
513,2022-01-25-00:02:12,3,6,3.682468
514,2022-01-25-00:02:16,6,7,4.048340
515,2022-01-25-00:02:18,7,3,2.252670
516,2022-01-25-00:02:20,3,1,2.216080
517,2022-01-25-00:02:24,1,6,3.585144
518,2022-01-25-00:02:28,6,1,3.588944
519,2022-01-25-00:02:29,1,4,1.330097
520,2022-01-25-00:02:31,4,2,1.854087
521,2022-01-25-00:02:33,2,0,1.741913
522,2022-01-25-00:02:35,0,3,2.404408
523,2022-01-25-00:02:37,3,0,2.413181
524,2022-01-25-00:02:39,0,5,1.900419
525,2022-01-25-00:02:41,5,4,1.837104
526,2022-01-25-00:02:43,4,5,1.815464
527,2022-01-25-00:02:46,5,6,3.118744
528,2022-01-25-00:02:49,6,2,3.110307
529,2022-01-25-00:02:51,2,4,1.825826
530,2022-01-25-00:02:52,4,1,1.365780
531,2022-01-25-00:02:54,1,5,1.984482
532,2022-01-25-00:02:57,5,7,2.661539
533,2022-01-25-00:03:00,7,2,2.630851
534,2022-01-25-00:03:01,2,5,1.612113
535,2022-01-25-00:03:03,5,1,2.049623
536,2022-01-25-00:03:05,1,7,1.744596
537,2022-01-25-00:03:07,7,0,1.994434
538,2022-01-25-00:03:09,0,2,1.748120
539,2022-01-25-00:03:11,2,3,2.650736
540,2022-01-25-00:03:15,3,6,3.655050
541,2022-01-25-00:03:19,6,4,3.490628
542,2022-01-25-00:03:20,4,0,1.577332
543,2022-01-25-00:03:22,0,5,1.964340
544,2022-01-25-00:03:24,5,0,1.909621
545,2022-01-25-00:03:26,0,2,1.735397
546,2022-01-25-00:03:28,2,7,2.635212
547,2022-01-25-00:03:30,7,4,1.879607
548,2022-01-25-00:03:32,4,0,1.545175
549,2022-01-25-00:03:33,0,1,1.082530
550,2022-01-25-00:03:35,1,2,2.016676
551,2022-01-25-00:03:37,2,1,2.135361
552,2022-01-25-00:03:41,1,6,3.642645
553,2022-01-25-00:03:44,6,2,3.190990
554,2022-01-25-00:03:46,2,5,1.573958
555,2022-01-25-00:03:47,5,4,1.850944
556,2022-01-25-00:03:51,4,6,3.499830
557,2022-01-25-00:03:54,6,2,3.098909
558,2022-01-25-00:03:56,2,0,1.781936
559,2022-01-25-00:03:58,0,5,1.959010
560,2022-01-25-00:04:00,5,4,1.838859
561,2022-01-25-00:04:01,4,0,1.608018
562,2022-01-25-00:04:04,0,3,2.506379
563,2022-01-25-00:04:06,3,1,2.299062
564,2022-01-25-00:04:08,1,7,1.743598
565,2022-01-25-00:04:10,7,4,1.955245
566,2022-01-25-00:04:13,4,6,3.556907
567,2022-01-25-00:04:16,6,5,3.137737
568,2022-01-25-00:04:18,5,4,1.888355
569,2022-01-25-00:04:22,4,6,3.528722
570,2022-01-25-00:04:25,6,0,3.496483
571,2022-01-25-00:04:27,0,2,1.817512
572,2022-01-25-00:04:29,2,5,1.585889
573,2022-01-25-00:04:30,5,2,1.605028
574,2022-01-25-00:04:33,2,7,2.607158
575,2022-01-25-00:04:35,7,2,2.586052
576,2022-01-25-00:04:37,2,5,1.584151
577,2022-01-25-00:04:39,5,4,2.051564
578,2022-01-25-00:04:43,4,6,3.569703
579,2022-01-25-00:04:47,6,7,4.140557
580,2022-01-25-00:04:50,7,2,2.676617
581,2022-01-25-00:04:51,2,4,1.865575
582,2022-01-25-00:04:53,4,1,1.346087
583,2022-01-25-00:04:56,1,6,3.677613
584,2022-01-25-00:05:00,6,4,3.761397
585,2022-01-25-00:05:03,4,3,2.475140
586,2022-01-25-00:05:05,3,4,2.304088
587,2022-01-25-00:05:07,4,2,1.815708
588,2022-01-25-00:05:09,2,1,2.003228
589,2022-01-25-00:05:11,1,3,2.306868
590,2022-01-25-00:05:13,3,5,2.221285
591,2022-01-25-00:05:15,5,0,1.896077
592,2022-01-25-00:05:16,0,1,1.136948
593,2022-01-25-00:05:18,1,2,2.083149
594,2022-01-25-00:05:22,2,6,3.263892
595,2022-01-25-00:05:25,6,3,3.694218
596,2022-01-25-00:05:28,3,7,2.240725
597,2022-01-25-00:05:30,7,3,2.209097
598,2022-01-25-00:05:32,3,1,2.286657
599,2022-01-25-00:05:34,1,2,2.081654
600,2022-01-25-00:05:36,2,0,1.880752
601,2022-01-25-00:05:39,0,3,2.441808
602,2022-01-25-00:05:41,3,5,2.198278
603,2022-01-25-00:05:43,5,4,1.878763
604,2022-01-25-00:05:44,4,2,1.883509
605,2022-01-25-00:05:46,2,5,1.717550
606,2022-01-25-00:05:48,5,1,2.030923
607,2022-01-25-00:05:50,1,5,2.043238
608,2022-01-25-00:05:52,5,3,2.237258
609,2022-01-25-00:05:56,3,6,3.708633
610,2022-01-25-00:06:00,6,3,3.768583
611,2022-01-25-00:06:02,3,0,2.470203
612,2022-01-25-00:06:04,0,5,1.904877
613,2022-01-25-00:06:06,5,0,1.930628
614,2022-01-25-00:06:07,0,1,1.055657
615,2022-01-25-00:06:11,1,6,3.661815
616,2022-01-25-00:06:14,6,2,3.167942
617,2022-01-25-00:06:16,2,5,1.548511
618,2022-01-25-00:06:18,5,4,1.843421
619,2022-01-25-00:06:19,4,0,1.578257
620,2022-01-25-00:06:21,0,7,1.955564
621,2022-01-25-00:06:23,7,3,2.282074
622,2022-01-25-00:06:26,3,0,2.494532
623,2022-01-25-00:06:27,0,4,1.547441
624,2022-01-25-00:06:31,4,6,3.540631
625,2022-01-25-00:06:35,6,3,3.644465
626,2022-01-25-00:06:37,3,5,2.290989
627,2022-01-25-00:06:39,5,0,1.963199
628,2022-01-25-00:06:40,0,1,1.127033
629,2022-01-25-00:06:42,1,2,2.027642
630,2022-01-25-00:06:44,2,0,1.788393
631,2022-01-25-00:06:45,0,4,1.559561
632,2022-01-25-00:06:47,4,0,1.576047
633,2022-01-25-00:06:49,0,3,2.397162
634,2022-01-25-00:06:52,3,5,2.301866
635,2022-01-25-00:06:54,5,1,1.946661
636,2022-01-25-00:06:55,1,7,1.749910
637,2022-01-25-00:06:57,7,4,1.912553
638,2022-01-25-00:07:01,4,6,3.508542
639,2022-01-25-00:07:04,6,5,3.211834
640,2022-01-25-00:07:06,5,4,1.954708
641,2022-01-25-00:07:08,4,3,2.161831
642,2022-01-25-00:07:10,3,4,2.196578
643,2022-01-25-00:07:12,4,5,1.817335
644,2022-01-25-00:07:14,5,2,1.642470
645,2022-01-25-00:07:16,2,0,1.871346
646,2022-01-25-00:07:18,0,7,2.068399
647,2022-01-25-00:07:20,7,2,2.638378
648,2022-01-25-00:07:23,2,7,2.680738
649,2022-01-25-00:07:25,7,0,1.983737
650,2022-01-25-00:07:27,0,7,2.003715
651,2022-01-25-00:07:30,7,2,2.676598
652,2022-01-25-00:07:33,2,6,3.134081
653,2022-01-25-00:07:36,6,2,3.202579
654,2022-01-25-00:07:39,2,6,3.302112
655,2022-01-25-00:07:43,6,0,3.569451
656,2022-01-25-00:07:45,0,7,2.019013
657,2022-01-25-00:07:47,7,4,2.019386
658,2022-01-25-00:07:49,4,7,1.874462
659,2022-01-25-00:07:51,7,3,2.228217
660,2022-01-25-00:07:53,3,5,2.268608
661,2022-01-25-00:07:55,5,2,1.649258
662,2022-01-25-00:07:57,2,0,1.782532
663,2022-01-25-00:07:59,0,5,1.967956
664,2022-01-25-00:08:01,5,7,2.676290
665,2022-01-25-00:08:04,7,3,2.318389
666,2022-01-25-00:08:06,3,0,2.482281
667,2022-01-25-00:08:07,0,1,1.127607
668,2022-01-25-00:08:09,1,5,1.986812
669,2022-01-25-00:08:11,5,2,1.537908
670,2022-01-25-00:08:13,2,3,2.678321
671,2022-01-25-00:08:17,3,6,3.706937
672,2022-01-25-00:08:20,6,5,3.249255
673,2022-01-25-00:08:22,5,0,1.945281
674,2022-01-25-00:08:24,0,7,1.997539
675,2022-01-25-00:08:27,7,5,2.674559
676,2022-01-25-00:08:29,5,1,1.958519
677,2022-01-25-00:08:30,1,0,1.149483
678,2022-01-25-00:08:32,0,7,2.000994
679,2022-01-25-00:08:35,7,2,2.693821
680,2022-01-25-00:08:37,2,4,1.831828
681,2022-01-25-00:08:39,4,2,1.965871
682,2022-01-25-00:08:40,2,5,1.609790
683,2022-01-25-00:08:43,5,3,2.244435
684,2022-01-25-00:08:45,3,5,2.374015
685,2022-01-25-00:08:48,5,7,2.658259
686,2022-01-25-00:08:50,7,0,2.000963
687,2022-01-25-00:08:51,0,2,1.807996
688,2022-01-25-00:08:53,2,5,1.712693
689,2022-01-25-00:08:56,5,6,3.250761
690,2022-01-25-00:09:00,6,3,3.816058
691,2022-01-25-00:09:02,3,5,2.249049
692,2022-01-25-00:09:04,5,4,1.872196
693,2022-01-25-00:09:08,4,6,3.790231
694,2022-01-25-00:09:12,6,1,3.711355
695,2022-01-25-00:09:13,1,0,1.215584
696,2022-01-25-00:09:14,0,1,1.343446
697,2022-01-25-00:09:16,1,2,2.098866
698,2022-01-25-00:09:18,2,5,1.624021
699,2022-01-25-00:09:20,5,4,1.910758
700,2022-01-25-00:09:22,4,2,2.072452
701,2022-01-25-00:09:24,2,0,1.808518
702,2022-01-25-00:09:26,0,3,2.473807
703,2022-01-25-00:09:29,3,7,2.169671
704,2022-01-25-00:09:31,7,0,1.959490
705,2022-01-25-00:09:32,0,7,1.963897
706,2022-01-25-00:09:35,7,3,2.245115
707,2022-01-25-00:09:37,3,4,2.218793
708,2022-01-25-00:09:39,4,2,1.863878
709,2022-01-25-00:09:42,2,7,2.770949
710,2022-01-25-00:09:46,7,6,4.150254
711,2022-01-25-00:09:49,6,5,3.328653
712,2022-01-25-00:09:51,5,4,2.013948
713,2022-01-25-00:09:52,4,1,1.403869
714,2022-01-25-00:09:54,1,5,2.002330
715,2022-01-25-00:09:57,5,7,2.652269
716,2022-01-25-00:09:59,7,0,1.992570
717,2022-01-25-00:10:02,0,3,2.475925
718,2022-01-25-00:10:04,3,4,2.306038
719,2022-01-25-00:10:06,4,7,2.191609
720,2022-01-25-00:10:08,7,4,2.110646
721,2022-01-25-00:10:10,4,3,2.218971
722,2022-01-25-00:10:13,3,0,2.462630
723,2022-01-25-00:10:15,0,2,1.788350
724,2022-01-25-00:10:17,2,7,2.636911
725,2022-01-25-00:10:19,7,4,1.965824
726,2022-01-25-00:10:23,4,6,3.581763
727,2022-01-25-00:10:27,6,7,4.155301
728,2022-01-25-00:10:30,7,5,2.647416
729,2022-01-25-00:10:32,5,4,1.894702
730,2022-01-25-00:10:33,4,0,1.639681
731,2022-01-25-00:10:35,0,7,1.989213
732,2022-01-25-00:10:37,7,3,2.248026
733,2022-01-25-00:10:40,3,2,2.632790
734,2022-01-25-00:10:43,2,6,3.173574
735,2022-01-25-00:10:46,6,2,3.208223
736,2022-01-25-00:10:49,2,1,2.071920
737,2022-01-25-00:10:51,1,3,2.318695
738,2022-01-25-00:10:53,3,0,2.481476
739,2022-01-25-00:10:55,0,4,1.733587
740,2022-01-25-00:10:59,4,6,3.568197
741,2022-01-25-00:11:02,6,3,3.734228
742,2022-01-25-00:11:05,3,1,2.397304
743,2022-01-25-00:11:07,1,7,1.771568
744,2022-01-25-00:11:08,7,1,1.801379
745,2022-01-25-00:11:10,1,4,1.517205
746,2022-01-25-00:11:12,4,5,1.989340
747,2022-01-25-00:11:14,5,2,1.704204
748,2022-01-25-00:11:15,2,0,1.856061
749,2022-01-25-00:11:17,0,2,1.912399
750,2022-01-25-00:11:20,2,7,2.779958
751,2022-01-25-00:11:22,7,1,1.791632
752,2022-01-25-00:11:24,1,5,2.185007
753,2022-01-25-00:11:27,5,6,3.271069
754,2022-01-25-00:11:31,6,0,3.623844
755,2022-01-25-00:11:33,0,4,1.597407
756,2022-01-25-00:11:34,4,1,1.411369
757,2022-01-25-00:11:36,1,7,1.727455
758,2022-01-25-00:11:38,7,1,1.758990
759,2022-01-25-00:11:40,1,3,2.391413
760,2022-01-25-00:11:42,3,1,2.272492
761,2022-01-25-00:11:44,1,7,1.746753
762,2022-01-25-00:11:46,7,1,1.782935
763,2022-01-25-00:11:48,1,2,2.144900
764,2022-01-25-00:11:50,2,1,2.014359
765,2022-01-25-00:11:51,1,0,1.153681
766,2022-01-25-00:11:55,0,6,3.586193
767,2022-01-25-00:11:58,6,0,3.686680
768,2022-01-25-00:12:00,0,2,1.878756
769,2022-01-25-00:12:02,2,0,1.891412
770,2022-01-25-00:12:04,0,4,1.559923
771,2022-01-25-00:12:06,4,7,2.033023
772,2022-01-25-00:12:08,7,0,2.021318
773,2022-01-25-00:12:10,0,7,2.190312
774,2022-01-25-00:12:12,7,1,1.814931
775,2022-01-25-00:12:14,1,2,2.030634
776,2022-01-25-00:12:16,2,7,2.713425
777,2022-01-25-00:12:21,7,6,4.185552
778,2022-01-25-00:12:25,6,7,4.171806
779,2022-01-25-00:12:27,7,1,1.903573
780,2022-01-25-00:12:29,1,2,2.064610
781,2022-01-25-00:12:31,2,4,1.896082
782,2022-01-25-00:12:32,4,0,1.724412
783,2022-01-25-00:12:34,0,4,1.731191
784,2022-01-25-00:12:36,4,0,1.759118
785,2022-01-25-00:12:38,0,2,2.053813
786,2022-01-25-00:12:40,2,4,1.954872
787,2022-01-25-00:12:42,4,2,2.015225
788,2022-01-25-00:12:44,2,5,1.751075
789,2022-01-25-00:12:47,5,6,3.206513
790,2022-01-25-00:12:51,6,4,3.635230
791,2022-01-25-00:12:53,4,3,2.170692
792,2022-01-25-00:12:55,3,4,2.201280
793,2022-01-25-00:12:59,4,6,3.776376
794,2022-01-25-00:13:03,6,7,4.216059
795,2022-01-25-00:13:05,7,1,1.727707
796,2022-01-25-00:13:08,1,6,3.663636
797,2022-01-25-00:13:12,6,4,3.539576
798,2022-01-25-00:13:14,4,3,2.337600
799,2022-01-25-00:13:18,3,6,3.958049
800,2022-01-25-00:13:22,6,7,4.221248
801,2022-01-25-00:13:24,7,4,2.159346
802,2022-01-25-00:13:26,4,0,1.636709
803,2022-01-25-00:13:28,0,4,1.708717
804,2022-01-25-00:13:29,4,1,1.483038
805,2022-01-25-00:13:30,1,0,1.119090
806,2022-01-25-00:13:32,0,4,1.785954
807,2022-01-25-00:13:34,4,2,1.863508
808,2022-01-25-00:13:38,2,6,3.674203
809,2022-01-25-00:13:42,6,3,3.789288
810,2022-01-25-00:13:45,3,6,3.730668
811,2022-01-25-00:13:49,6,0,3.499130
812,2022-01-25-00:13:51,0,7,2.122605
813,2022-01-25-00:13:54,7,5,2.764233
814,2022-01-25-00:13:56,5,0,1.919890
815,2022-01-25-00:13:57,0,2,1.803387
816,2022-01-25-00:14:00,2,7,2.809101
817,2022-01-25-00:14:05,7,6,4.345021
818,2022-01-25-00:14:08,6,0,3.544995
819,2022-01-25-00:14:12,0,6,3.573509
820,2022-01-25-00:14:15,6,3,3.802596
821,2022-01-25-00:14:19,3,6,3.841023
822,2022-01-25-00:14:23,6,1,3.671069
823,2022-01-25-00:14:25,1,5,1.996706
824,2022-01-25-00:14:27,5,2,1.703472
825,2022-01-25-00:14:30,2,6,3.248946
826,2022-01-25-00:14:34,6,7,4.272188
827,2022-01-25-00:14:36,7,1,1.929425
828,2022-01-25-00:14:37,1,0,1.249052
829,2022-01-25-00:14:40,0,3,2.470533
830,2022-01-25-00:14:42,3,1,2.406366
831,2022-01-25-00:14:44,1,4,1.411806
832,2022-01-25-00:14:47,4,6,3.517629
833,2022-01-25-00:14:51,6,4,3.658864
834,2022-01-25-00:14:53,4,7,2.044894
835,2022-01-25-00:14:56,7,5,2.784501
836,2022-01-25-00:14:58,5,7,2.776522
837,2022-01-25-00:15:00,7,4,2.011611
838,2022-01-25-00:15:02,4,2,1.912098
839,2022-01-25-00:15:05,2,7,2.693768
840,2022-01-25-00:15:07,7,4,2.025938
841,2022-01-25-00:15:09,4,5,2.081529
842,2022-01-25-00:15:11,5,1,2.067623
843,2022-01-25-00:15:12,1,0,1.199816
844,2022-01-25-00:15:14,0,1,1.244893
845,2022-01-25-00:15:16,1,2,2.257387
846,2022-01-25-00:15:18,2,5,1.636728
847,2022-01-25-00:15:20,5,3,2.333125
848,2022-01-25-00:15:23,3,2,2.702165
849,2022-01-25-00:15:25,2,3,2.767930
850,2022-01-25-00:15:28,3,4,2.237844
851,2022-01-25-00:15:31,4,6,3.744877
852,2022-01-25-00:15:36,6,7,4.273230
853,2022-01-25-00:15:37,7,1,1.773970
854,2022-01-25-00:15:40,1,3,2.417208
855,2022-01-25-00:15:42,3,5,2.317930
856,2022-01-25-00:15:44,5,2,1.773002
857,2022-01-25-00:15:46,2,1,2.133254
858,2022-01-25-00:15:48,1,7,1.797327
859,2022-01-25-00:15:51,7,2,2.811389
860,2022-01-25-00:15:52,2,5,1.643555
861,2022-01-25-00:15:54,5,0,2.133456
862,2022-01-25-00:15:56,0,2,1.837551
863,2022-01-25-00:15:58,2,4,1.974527
864,2022-01-25-00:16:00,4,5,2.095400
865,2022-01-25-00:16:03,5,7,2.729883
866,2022-01-25-00:16:05,7,1,1.795487
867,2022-01-25-00:16:06,1,0,1.339563
868,2022-01-25-00:16:10,0,6,3.623469
869,2022-01-25-00:16:14,6,7,4.101366
870,2022-01-25-00:16:16,7,0,2.128574
871,2022-01-25-00:16:19,0,3,2.432072
872,2022-01-25-00:16:21,3,1,2.482683
873,2022-01-25-00:16:23,1,2,2.118175
874,2022-01-25-00:16:26,2,3,2.805165
875,2022-01-25-00:16:28,3,1,2.332313
876,2022-01-25-00:16:31,1,2,2.288053
877,2022-01-25-00:16:33,2,4,1.993367
878,2022-01-25-00:16:35,4,3,2.154547
879,2022-01-25-00:16:37,3,1,2.334313
880,2022-01-25-00:16:40,1,3,2.529980
881,2022-01-25-00:16:43,3,6,3.844365
882,2022-01-25-00:16:47,6,1,3.659013
883,2022-01-25-00:16:50,1,3,2.410638
884,2022-01-25-00:16:52,3,1,2.438841
885,2022-01-25-00:16:54,1,2,2.059647
886,2022-01-25-00:16:57,2,7,2.773083
887,2022-01-25-00:17:00,7,5,2.895840
888,2022-01-25-00:17:02,5,3,2.383743
889,2022-01-25-00:17:04,3,4,2.219981
890,2022-01-25-00:17:07,4,3,2.321098
891,2022-01-25-00:17:09,3,4,2.229312
892,2022-01-25-00:17:11,4,5,2.036755
893,2022-01-25-00:17:13,5,2,1.826878
894,2022-01-25-00:17:16,2,7,2.912375
895,2022-01-25-00:17:20,7,6,4.220300
896,2022-01-25-00:17:23,6,4,3.517380
897,2022-01-25-00:17:25,4,5,1.977579
898,2022-01-25-00:17:27,5,2,1.779943
899,2022-01-25-00:17:29,2,1,2.146771
900,2022-01-25-00:17:33,1,6,3.866718
901,2022-01-25-00:17:37,6,2,3.427419
902,2022-01-25-00:17:38,2,4,1.849885
903,2022-01-25-00:17:42,4,6,3.544304
904,2022-01-25-00:17:46,6,4,3.736045
905,2022-01-25-00:17:48,4,2,1.847140
906,2022-01-25-00:17:51,2,6,3.175197
907,2022-01-25-00:17:54,6,2,3.337147
908,2022-01-25-00:17:56,2,5,1.658538
909,2022-01-25-00:17:59,5,6,3.154709
910,2022-01-25-00:18:02,6,5,3.404774
911,2022-01-25-00:18:04,5,1,2.198631
912,2022-01-25-00:18:06,1,7,1.855518
913,2022-01-25-00:18:09,7,3,2.319061
914,2022-01-25-00:18:11,3,7,2.357323
915,2022-01-25-00:18:13,7,3,2.258134
916,2022-01-25-00:18:17,3,6,3.888124
917,2022-01-25-00:18:21,6,2,3.496472
918,2022-01-25-00:18:24,2,3,2.929442
919,2022-01-25-00:18:27,3,2,3.048788
920,2022-01-25-00:18:30,2,6,3.608345
921,2022-01-25-00:18:34,6,4,3.982879
922,2022-01-25-00:18:36,4,2,2.258251
923,2022-01-25-00:18:39,2,0,2.171979
924,2022-01-25-00:18:42,0,6,3.734061
925,2022-01-25-00:18:46,6,0,3.739515
