date,init_position,final_position,time
1,2022-01-24-22:35:34,-1,3,2.960485
2,2022-01-24-22:35:36,3,2,2.654870
3,2022-01-24-22:35:38,2,5,1.485373
4,2022-01-24-22:35:40,5,1,1.924242
5,2022-01-24-22:35:44,1,3,3.726916
6,2022-01-24-22:35:47,3,7,3.769029
7,2022-01-24-22:35:49,7,0,2.186354
8,2022-01-24-22:35:51,0,2,1.720145
9,2022-01-24-22:35:53,2,5,1.523812
10,2022-01-24-22:35:55,5,0,1.974718
11,2022-01-24-22:35:56,0,1,1.053543
12,2022-01-24-22:35:59,1,6,2.865305
13,2022-01-24-22:36:01,6,7,2.637496
14,2022-01-24-22:36:04,7,2,2.590220
15,2022-01-24-22:36:06,2,1,1.964200
16,2022-01-24-22:36:08,1,7,1.723921
17,2022-01-24-22:36:10,7,2,2.666413
18,2022-01-24-22:36:12,2,4,1.754746
19,2022-01-24-22:36:14,4,5,1.764302
20,2022-01-24-22:36:16,5,7,2.554693
21,2022-01-24-22:36:19,7,5,2.591362
22,2022-01-24-22:36:22,5,6,3.110668
23,2022-01-24-22:36:25,6,5,3.142826
24,2022-01-24-22:36:28,5,3,3.041318
25,2022-01-24-22:36:34,3,1,5.950330
26,2022-01-24-22:36:36,1,2,2.084496
27,2022-01-24-22:36:39,2,7,2.576348
28,2022-01-24-22:36:42,7,5,2.827422
29,2022-01-24-22:36:44,5,0,1.904554
30,2022-01-24-22:36:45,0,7,1.919042
31,2022-01-24-22:36:48,7,2,2.589022
32,2022-01-24-22:36:50,2,5,1.528018
33,2022-01-24-22:36:53,5,3,3.438742
34,2022-01-24-22:36:56,3,2,3.052760
35,2022-01-24-22:36:58,2,1,1.935471
36,2022-01-24-22:36:59,1,4,1.328229
37,2022-01-24-22:37:01,4,3,2.089100
38,2022-01-24-22:37:04,3,4,2.133933
39,2022-01-24-22:37:05,4,5,1.841534
40,2022-01-24-22:37:08,5,6,2.736000
41,2022-01-24-22:37:11,6,5,2.752838
42,2022-01-24-22:37:13,5,7,2.598029
43,2022-01-24-22:37:17,7,3,3.242930
44,2022-01-24-22:37:20,3,7,3.273018
45,2022-01-24-22:37:23,7,6,2.604635
46,2022-01-24-22:37:26,6,1,3.565370
47,2022-01-24-22:37:27,1,4,1.322498
48,2022-01-24-22:37:29,4,0,1.560467
49,2022-01-24-22:37:31,0,2,1.723768
50,2022-01-24-22:37:33,2,4,1.797540
51,2022-01-24-22:37:34,4,0,1.518166
52,2022-01-24-22:37:36,0,4,1.526294
53,2022-01-24-22:37:38,4,3,2.102069
54,2022-01-24-22:37:40,3,7,2.201127
55,2022-01-24-22:37:43,7,6,2.809856
56,2022-01-24-22:37:45,6,1,2.774130
57,2022-01-24-22:37:48,1,5,2.111651
58,2022-01-24-22:37:50,5,0,2.039133
59,2022-01-24-22:37:51,0,1,1.043704
60,2022-01-24-22:37:53,1,3,2.239115
61,2022-01-24-22:37:55,3,1,2.554721
62,2022-01-24-22:37:57,1,0,1.088804
63,2022-01-24-22:37:58,0,4,1.533936
64,2022-01-24-22:38:00,4,7,1.905016
65,2022-01-24-22:38:02,7,0,1.998618
66,2022-01-24-22:38:03,0,1,1.080681
67,2022-01-24-22:38:05,1,7,1.724405
68,2022-01-24-22:38:07,7,4,1.890505
69,2022-01-24-22:38:09,4,3,2.089603
70,2022-01-24-22:38:11,3,6,2.039887
71,2022-01-24-22:38:13,6,3,2.039720
72,2022-01-24-22:38:16,3,2,2.658308
73,2022-01-24-22:38:19,2,6,3.083720
74,2022-01-24-22:38:22,6,0,2.950414
75,2022-01-24-22:38:24,0,3,2.586347
76,2022-01-24-22:38:27,3,5,2.947889
77,2022-01-24-22:38:29,5,0,2.208765
78,2022-01-24-22:38:31,0,2,1.738700
79,2022-01-24-22:38:33,2,5,1.513771
80,2022-01-24-22:38:34,5,4,1.804397
81,2022-01-24-22:38:36,4,3,2.119559
82,2022-01-24-22:38:39,3,2,2.770572
83,2022-01-24-22:38:42,2,3,2.654575
84,2022-01-24-22:38:45,3,7,3.376855
85,2022-01-24-22:38:48,7,0,3.116376
86,2022-01-24-22:38:49,0,1,1.090881
87,2022-01-24-22:38:51,1,0,1.067902
88,2022-01-24-22:38:52,0,1,1.051439
89,2022-01-24-22:38:54,1,2,1.961427
90,2022-01-24-22:38:55,2,5,1.530007
91,2022-01-24-22:38:58,5,7,2.650154
92,2022-01-24-22:39:01,7,0,3.121146
93,2022-01-24-22:39:02,0,4,1.582853
94,2022-01-24-22:39:04,4,1,1.338391
95,2022-01-24-22:39:05,1,7,1.664972
96,2022-01-24-22:39:08,7,5,2.646015
97,2022-01-24-22:39:10,5,0,1.990755
98,2022-01-24-22:39:13,0,3,2.502429
99,2022-01-24-22:39:15,3,4,2.096832
100,2022-01-24-22:39:16,4,1,1.323591
101,2022-01-24-22:39:17,1,0,1.095917
102,2022-01-24-22:39:19,0,4,1.503392
103,2022-01-24-22:39:22,4,6,3.438328
104,2022-01-24-22:39:26,6,2,3.492144
105,2022-01-24-22:39:28,2,3,2.606278
106,2022-01-24-22:39:31,3,0,3.307309
107,2022-01-24-22:39:33,0,4,1.564340
108,2022-01-24-22:39:36,4,6,3.460657
109,2022-01-24-22:39:40,6,3,3.514973
110,2022-01-24-22:39:44,3,1,3.567275
111,2022-01-24-22:39:45,1,0,1.070513
112,2022-01-24-22:39:47,0,6,2.851312
113,2022-01-24-22:39:51,6,5,3.364703
114,2022-01-24-22:39:52,5,2,1.495791
115,2022-01-24-22:39:54,2,4,1.770038
116,2022-01-24-22:39:56,4,0,1.546089
117,2022-01-24-22:39:57,0,4,1.522232
118,2022-01-24-22:39:59,4,0,1.520101
119,2022-01-24-22:40:00,0,2,1.727072
120,2022-01-24-22:40:03,2,3,2.995906
121,2022-01-24-22:40:07,3,2,3.442110
122,2022-01-24-22:40:08,2,5,1.543357
123,2022-01-24-22:40:10,5,1,1.954541
124,2022-01-24-22:40:14,1,6,3.703653
125,2022-01-24-22:40:17,6,4,3.278552
126,2022-01-24-22:40:22,4,7,4.120194
127,2022-01-24-22:40:23,7,1,1.647860
128,2022-01-24-22:40:25,1,7,1.727355
129,2022-01-24-22:40:28,7,0,3.052092
130,2022-01-24-22:40:29,0,4,1.568816
131,2022-01-24-22:40:31,4,1,1.291494
132,2022-01-24-22:40:32,1,0,1.058653
133,2022-01-24-22:40:34,0,2,1.756962
134,2022-01-24-22:40:37,2,3,3.219009
135,2022-01-24-22:40:40,3,0,3.352724
136,2022-01-24-22:40:42,0,2,1.748712
137,2022-01-24-22:40:44,2,7,2.525016
138,2022-01-24-22:40:47,7,6,2.616984
139,2022-01-24-22:40:50,6,5,3.152090
140,2022-01-24-22:40:53,5,7,2.609854
141,2022-01-24-22:40:56,7,3,3.279608
142,2022-01-24-22:40:58,3,6,2.066086
143,2022-01-24-22:41:02,6,7,3.438295
144,2022-01-24-22:41:05,7,4,3.230774
145,2022-01-24-22:41:07,4,3,2.141527
146,2022-01-24-22:41:10,3,1,3.494619
147,2022-01-24-22:41:12,1,7,1.700117
148,2022-01-24-22:41:15,7,2,2.608043
149,2022-01-24-22:41:17,2,1,1.986572
150,2022-01-24-22:41:20,1,6,2.753109
151,2022-01-24-22:41:23,6,2,3.125295
152,2022-01-24-22:41:24,2,5,1.533082
153,2022-01-24-22:41:27,5,7,2.661224
154,2022-01-24-22:41:29,7,6,2.628524
155,2022-01-24-22:41:34,6,7,4.104750
156,2022-01-24-22:41:35,7,1,1.698636
157,2022-01-24-22:41:36,1,0,1.079260
158,2022-01-24-22:41:37,0,1,1.090209
159,2022-01-24-22:41:39,1,0,1.068512
160,2022-01-24-22:41:40,0,1,1.089301
161,2022-01-24-22:41:42,1,5,1.937428
162,2022-01-24-22:41:44,5,3,2.418157
163,2022-01-24-22:41:47,3,2,2.818904
164,2022-01-24-22:41:50,2,3,2.737222
165,2022-01-24-22:41:52,3,1,2.338740
166,2022-01-24-22:41:54,1,2,2.013239
167,2022-01-24-22:41:57,2,3,3.064845
168,2022-01-24-22:42:00,3,0,3.355844
169,2022-01-24-22:42:02,0,7,1.930699
170,2022-01-24-22:42:05,7,2,2.571717
171,2022-01-24-22:42:07,2,4,1.791594
172,2022-01-24-22:42:08,4,0,1.558560
173,2022-01-24-22:42:12,0,3,3.449018
174,2022-01-24-22:42:15,3,4,3.574768
175,2022-01-24-22:42:17,4,3,2.102406
176,2022-01-24-22:42:20,3,0,2.570146
177,2022-01-24-22:42:23,0,3,3.463297
178,2022-01-24-22:42:27,3,1,3.474905
179,2022-01-24-22:42:29,1,5,2.242445
180,2022-01-24-22:42:32,5,4,3.209434
181,2022-01-24-22:42:36,4,6,3.281732
182,2022-01-24-22:42:39,6,0,3.803666
183,2022-01-24-22:42:41,0,7,1.926923
184,2022-01-24-22:42:44,7,5,2.713981
185,2022-01-24-22:42:47,5,4,3.348745
186,2022-01-24-22:42:49,4,3,2.132680
187,2022-01-24-22:42:53,3,6,3.145485
188,2022-01-24-22:42:56,6,2,3.441404
189,2022-01-24-22:43:00,2,5,4.078191
190,2022-01-24-22:43:03,5,3,3.038184
191,2022-01-24-22:43:07,3,4,3.568005
192,2022-01-24-22:43:08,4,0,1.554066
193,2022-01-24-22:43:09,0,1,1.101520
194,2022-01-24-22:43:13,1,3,3.916217
195,2022-01-24-22:43:16,3,2,2.964912
196,2022-01-24-22:43:19,2,3,2.631626
197,2022-01-24-22:43:21,3,1,2.521984
198,2022-01-24-22:43:23,1,0,1.111244
199,2022-01-24-22:43:24,0,7,1.949827
200,2022-01-24-22:43:27,7,5,2.779833
201,2022-01-24-22:43:30,5,6,3.113144
202,2022-01-24-22:43:34,6,2,3.616391
203,2022-01-24-22:43:37,2,7,2.534156
204,2022-01-24-22:43:40,7,3,3.239928
205,2022-01-24-22:43:42,3,0,2.499384
206,2022-01-24-22:43:43,0,1,1.062776
207,2022-01-24-22:43:45,1,5,1.973556
208,2022-01-24-22:43:48,5,6,3.147756
209,2022-01-24-22:43:52,6,2,3.499385
210,2022-01-24-22:43:55,2,6,3.213224
211,2022-01-24-22:43:58,6,5,3.257285
212,2022-01-24-22:44:01,5,0,2.251426
213,2022-01-24-22:44:02,0,1,1.062293
214,2022-01-24-22:44:03,1,7,1.695669
215,2022-01-24-22:44:06,7,4,2.146154
216,2022-01-24-22:44:07,4,0,1.565823
217,2022-01-24-22:44:09,0,5,2.057722
218,2022-01-24-22:44:11,5,2,1.509698
219,2022-01-24-22:44:12,2,0,1.782252
220,2022-01-24-22:44:14,0,7,1.940992
221,2022-01-24-22:44:17,7,3,2.357506
222,2022-01-24-22:44:19,3,5,2.282199
223,2022-01-24-22:44:23,5,2,3.937649
224,2022-01-24-22:44:26,2,7,2.982160
225,2022-01-24-22:44:29,7,4,3.341902
226,2022-01-24-22:44:31,4,2,1.843391
227,2022-01-24-22:44:34,2,7,2.581327
228,2022-01-24-22:44:36,7,5,2.715363
229,2022-01-24-22:44:39,5,7,2.715039
230,2022-01-24-22:44:43,7,1,3.732378
231,2022-01-24-22:44:45,1,3,2.242383
232,2022-01-24-22:44:47,3,5,2.268837
233,2022-01-24-22:44:50,5,7,2.592825
234,2022-01-24-22:44:53,7,6,2.588668
235,2022-01-24-22:44:56,6,3,3.148907
236,2022-01-24-22:45:00,3,7,3.851097
237,2022-01-24-22:45:04,7,6,4.067818
238,2022-01-24-22:45:07,6,2,3.155546
239,2022-01-24-22:45:09,2,4,1.857664
240,2022-01-24-22:45:12,4,7,3.154588
241,2022-01-24-22:45:15,7,5,2.707072
242,2022-01-24-22:45:17,5,3,2.255295
243,2022-01-24-22:45:19,3,5,2.374858
244,2022-01-24-22:45:21,5,0,2.004010
245,2022-01-24-22:45:23,0,4,1.548419
246,2022-01-24-22:45:25,4,5,1.787556
247,2022-01-24-22:45:27,5,7,2.627067
248,2022-01-24-22:45:30,7,0,3.160292
249,2022-01-24-22:45:32,0,5,1.939496
250,2022-01-24-22:45:35,5,3,2.289755
251,2022-01-24-22:45:37,3,2,2.722020
252,2022-01-24-22:45:40,2,3,3.016769
253,2022-01-24-22:45:43,3,2,3.028607
254,2022-01-24-22:45:45,2,1,1.984759
255,2022-01-24-22:45:47,1,7,1.701748
256,2022-01-24-22:45:51,7,4,4.113347
257,2022-01-24-22:45:55,4,0,3.758572
258,2022-01-24-22:45:57,0,2,1.844087
259,2022-01-24-22:45:58,2,0,1.744528
260,2022-01-24-22:46:00,0,2,1.700640
261,2022-01-24-22:46:02,2,0,1.753733
262,2022-01-24-22:46:04,0,3,2.394365
263,2022-01-24-22:46:08,3,7,3.240706
264,2022-01-24-22:46:10,7,2,2.728680
265,2022-01-24-22:46:13,2,7,2.734234
266,2022-01-24-22:46:15,7,0,1.936720
267,2022-01-24-22:46:18,0,6,2.924703
268,2022-01-24-22:46:21,6,1,2.855122
269,2022-01-24-22:46:23,1,5,1.912861
270,2022-01-24-22:46:25,5,1,1.944440
271,2022-01-24-22:46:26,1,7,1.712162
272,2022-01-24-22:46:28,7,1,1.752811
273,2022-01-24-22:46:30,1,7,1.690306
274,2022-01-24-22:46:33,7,5,3.046312
275,2022-01-24-22:46:35,5,0,2.133189
276,2022-01-24-22:46:38,0,6,2.842087
277,2022-01-24-22:46:40,6,3,2.065106
278,2022-01-24-22:46:42,3,1,2.423117
279,2022-01-24-22:46:44,1,7,1.689755
280,2022-01-24-22:46:47,7,5,2.956945
281,2022-01-24-22:46:50,5,6,3.163018
282,2022-01-24-22:46:53,6,2,3.212906
283,2022-01-24-22:46:55,2,5,1.552298
284,2022-01-24-22:46:58,5,6,3.193266
285,2022-01-24-22:47:01,6,2,3.141571
286,2022-01-24-22:47:03,2,5,1.544250
287,2022-01-24-22:47:06,5,4,3.429332
288,2022-01-24-22:47:10,4,7,4.247750
289,2022-01-24-22:47:13,7,3,2.392086
290,2022-01-24-22:47:15,3,4,2.080074
291,2022-01-24-22:47:18,4,6,3.549186
292,2022-01-24-22:47:22,6,5,3.209966
293,2022-01-24-22:47:25,5,3,3.165388
294,2022-01-24-22:47:28,3,4,3.640181
295,2022-01-24-22:47:30,4,7,1.942797
296,2022-01-24-22:47:33,7,5,2.742622
297,2022-01-24-22:47:35,5,1,2.043985
298,2022-01-24-22:47:38,1,3,2.462144
299,2022-01-24-22:47:40,3,4,2.156580
300,2022-01-24-22:47:42,4,2,1.884786
301,2022-01-24-22:47:43,2,4,1.784384
302,2022-01-24-22:47:45,4,0,1.498798
303,2022-01-24-22:47:46,0,1,1.077388
304,2022-01-24-22:47:48,1,2,2.058008
305,2022-01-24-22:47:51,2,6,3.150580
306,2022-01-24-22:47:54,6,7,2.643618
307,2022-01-24-22:47:57,7,2,2.906118
308,2022-01-24-22:47:59,2,7,2.653894
309,2022-01-24-22:48:03,7,3,3.324493
310,2022-01-24-22:48:05,3,1,2.345614
311,2022-01-24-22:48:06,1,0,1.046013
312,2022-01-24-22:48:09,0,6,2.951707
313,2022-01-24-22:48:13,6,2,4.235307
314,2022-01-24-22:48:18,2,1,4.409471
315,2022-01-24-22:48:21,1,6,2.811120
316,2022-01-24-22:48:24,6,5,3.046886
317,2022-01-24-22:48:26,5,1,2.264908
318,2022-01-24-22:48:28,1,5,2.052462
319,2022-01-24-22:48:31,5,6,2.787950
320,2022-01-24-22:48:35,6,4,3.778459
321,2022-01-24-22:48:38,4,6,3.255913
322,2022-01-24-22:48:41,6,2,3.267146
323,2022-01-24-22:48:45,2,6,3.567172
324,2022-01-24-22:48:48,6,4,3.691475
325,2022-01-24-22:48:50,4,2,2.185263
326,2022-01-24-22:48:55,2,7,4.502124
327,2022-01-24-22:48:59,7,6,4.191027
328,2022-01-24-22:49:02,6,2,3.182760
329,2022-01-24-22:49:06,2,5,3.886880
330,2022-01-24-22:49:09,5,4,2.718287
331,2022-01-24-22:49:11,4,5,1.787803
332,2022-01-24-22:49:13,5,3,2.334617
333,2022-01-24-22:49:15,3,7,2.180959
334,2022-01-24-22:49:18,7,5,2.844255
335,2022-01-24-22:49:21,5,4,2.529011
336,2022-01-24-22:49:22,4,2,1.801930
337,2022-01-24-22:49:25,2,3,2.639645
338,2022-01-24-22:49:27,3,7,2.158739
339,2022-01-24-22:49:30,7,3,2.257411
340,2022-01-24-22:49:32,3,0,2.526505
341,2022-01-24-22:49:34,0,2,1.778939
342,2022-01-24-22:49:36,2,0,1.747610
343,2022-01-24-22:49:37,0,2,1.823378
344,2022-01-24-22:49:40,2,3,3.061154
345,2022-01-24-22:49:44,3,4,3.750426
346,2022-01-24-22:49:46,4,0,1.529028
347,2022-01-24-22:49:49,0,3,3.530234
348,2022-01-24-22:49:53,3,7,3.873244
349,2022-01-24-22:49:56,7,5,2.626644
350,2022-01-24-22:49:58,5,7,2.634564
351,2022-01-24-22:50:01,7,5,2.833055
352,2022-01-24-22:50:04,5,1,2.512861
353,2022-01-24-22:50:06,1,3,2.255816
354,2022-01-24-22:50:09,3,1,2.485810
355,2022-01-24-22:50:10,1,4,1.340158
356,2022-01-24-22:50:11,4,0,1.591184
357,2022-01-24-22:50:13,0,4,1.627751
358,2022-01-24-22:50:17,4,6,3.590743
359,2022-01-24-22:50:20,6,2,3.194831
360,2022-01-24-22:50:21,2,5,1.624767
361,2022-01-24-22:50:24,5,1,2.153721
362,2022-01-24-22:50:25,1,4,1.383164
363,2022-01-24-22:50:28,4,6,3.484650
364,2022-01-24-22:50:31,6,7,2.606196
365,2022-01-24-22:50:34,7,6,2.743460
366,2022-01-24-22:50:37,6,3,3.271902
367,2022-01-24-22:50:40,3,2,2.999680
368,2022-01-24-22:50:43,2,3,2.793360
369,2022-01-24-22:50:45,3,1,2.386086
370,2022-01-24-22:50:46,1,0,1.131425
371,2022-01-24-22:50:48,0,1,1.079493
372,2022-01-24-22:50:49,1,0,1.201707
373,2022-01-24-22:50:51,0,5,1.976295
374,2022-01-24-22:50:53,5,1,2.034530
375,2022-01-24-22:50:54,1,4,1.358471
376,2022-01-24-22:50:56,4,3,2.119785
377,2022-01-24-22:50:59,3,1,2.309848
378,2022-01-24-22:51:00,1,4,1.323128
379,2022-01-24-22:51:02,4,3,2.139828
380,2022-01-24-22:51:05,3,5,2.527663
381,2022-01-24-22:51:07,5,3,2.415989
382,2022-01-24-22:51:09,3,6,2.028374
383,2022-01-24-22:51:12,6,7,3.426428
384,2022-01-24-22:51:16,7,1,3.458043
385,2022-01-24-22:51:18,1,3,2.262792
386,2022-01-24-22:51:21,3,5,2.644469
387,2022-01-24-22:51:23,5,2,1.763256
388,2022-01-24-22:51:26,2,6,3.193645
389,2022-01-24-22:51:29,6,2,3.231308
390,2022-01-24-22:51:32,2,7,2.642325
391,2022-01-24-22:51:34,7,2,2.622118
392,2022-01-24-22:51:37,2,3,2.856058
393,2022-01-24-22:51:41,3,2,4.435955
394,2022-01-24-22:51:46,2,3,4.272193
395,2022-01-24-22:51:49,3,0,2.754084
396,2022-01-24-22:51:52,0,6,3.488048
397,2022-01-24-22:51:55,6,2,3.317550
398,2022-01-24-22:51:57,2,4,1.825560
399,2022-01-24-22:52:01,4,2,4.191173
400,2022-01-24-22:52:06,2,1,4.364897
401,2022-01-24-22:52:08,1,3,2.434833
402,2022-01-24-22:52:11,3,2,3.242125
403,2022-01-24-22:52:13,2,4,1.833408
404,2022-01-24-22:52:17,4,6,3.476274
405,2022-01-24-22:52:21,6,4,3.926909
406,2022-01-24-22:52:23,4,3,2.156187
407,2022-01-24-22:52:27,3,2,4.381580
408,2022-01-24-22:52:31,2,5,3.706223
409,2022-01-24-22:52:33,5,0,2.133386
410,2022-01-24-22:52:34,0,1,1.106754
411,2022-01-24-22:52:37,1,6,2.896930
412,2022-01-24-22:52:40,6,4,2.767818
413,2022-01-24-22:52:41,4,0,1.638173
414,2022-01-24-22:52:44,0,3,2.479906
415,2022-01-24-22:52:46,3,4,2.122324
416,2022-01-24-22:52:48,4,7,1.943880
417,2022-01-24-22:52:52,7,6,4.205477
418,2022-01-24-22:52:55,6,3,3.184390
419,2022-01-24-22:52:59,3,1,3.517518
420,2022-01-24-22:53:00,1,4,1.366240
421,2022-01-24-22:53:02,4,3,2.137980
422,2022-01-24-22:53:06,3,7,3.300433
423,2022-01-24-22:53:08,7,6,2.605232
424,2022-01-24-22:53:11,6,7,2.626734
425,2022-01-24-22:53:14,7,0,3.151508
426,2022-01-24-22:53:16,0,4,1.583186
427,2022-01-24-22:53:17,4,0,1.556830
428,2022-01-24-22:53:19,0,2,1.872974
429,2022-01-24-22:53:22,2,7,2.616622
430,2022-01-24-22:53:24,7,5,2.735321
431,2022-01-24-22:53:27,5,7,2.582387
432,2022-01-24-22:53:30,7,6,2.639835
433,2022-01-24-22:53:33,6,5,3.658014
434,2022-01-24-22:53:36,5,7,2.680580
435,2022-01-24-22:53:39,7,1,3.354932
436,2022-01-24-22:53:43,1,6,3.655213
437,2022-01-24-22:53:47,6,3,3.753881
438,2022-01-24-22:53:49,3,1,2.422119
439,2022-01-24-22:53:51,1,4,1.362963
440,2022-01-24-22:53:52,4,5,1.751678
441,2022-01-24-22:53:55,5,6,3.133801
442,2022-01-24-22:53:59,6,5,3.702155
443,2022-01-24-22:54:01,5,4,2.051870
444,2022-01-24-22:54:03,4,1,1.415963
445,2022-01-24-22:54:05,1,2,2.077704
446,2022-01-24-22:54:07,2,4,1.840614
447,2022-01-24-22:54:08,4,1,1.357444
448,2022-01-24-22:54:11,1,6,2.909621
449,2022-01-24-22:54:14,6,1,2.705630
450,2022-01-24-22:54:15,1,0,1.128170
451,2022-01-24-22:54:17,0,5,2.070714
452,2022-01-24-22:54:19,5,4,2.171264
453,2022-01-24-22:54:20,4,1,1.510715
454,2022-01-24-22:54:23,1,3,2.341670
455,2022-01-24-22:54:26,3,7,3.281834
456,2022-01-24-22:54:30,7,1,4.020589
457,2022-01-24-22:54:31,1,4,1.371135
458,2022-01-24-22:54:33,4,5,1.819400
459,2022-01-24-22:54:36,5,6,3.219700
460,2022-01-24-22:54:40,6,4,3.552243
461,2022-01-24-22:54:41,4,1,1.398833
462,2022-01-24-22:54:43,1,0,1.180025
463,2022-01-24-22:54:44,0,2,1.707887
464,2022-01-24-22:54:46,2,4,1.938793
465,2022-01-24-22:54:50,4,6,3.473329
466,2022-01-24-22:54:53,6,3,3.452378
467,2022-01-24-22:54:57,3,6,3.595553
468,2022-01-24-22:55:00,6,5,3.025657
469,2022-01-24-22:55:02,5,0,2.036931
470,2022-01-24-22:55:05,0,6,2.949692
471,2022-01-24-22:55:08,6,1,2.920061
472,2022-01-24-22:55:09,1,7,1.743749
473,2022-01-24-22:55:12,7,3,2.324742
474,2022-01-24-22:55:14,3,0,2.461745
475,2022-01-24-22:55:17,0,3,2.551590
476,2022-01-24-22:55:20,3,5,2.731990
477,2022-01-24-22:55:21,5,4,1.913512
478,2022-01-24-22:55:23,4,5,1.856821
479,2022-01-24-22:55:25,5,1,2.145310
480,2022-01-24-22:55:27,1,4,1.412117
481,2022-01-24-22:55:28,4,1,1.395662
482,2022-01-24-22:55:30,1,7,1.786366
483,2022-01-24-22:55:34,7,6,4.107604
484,2022-01-24-22:55:38,6,4,3.382043
485,2022-01-24-22:55:41,4,7,3.455742
486,2022-01-24-22:55:44,7,0,3.243452
487,2022-01-24-22:55:46,0,5,2.079998
488,2022-01-24-22:55:49,5,4,2.298844
489,2022-01-24-22:55:51,4,3,2.231971
490,2022-01-24-22:55:54,3,2,2.654823
491,2022-01-24-22:55:55,2,4,1.817159
492,2022-01-24-22:55:57,4,5,1.901665
493,2022-01-24-22:56:00,5,6,2.861150
494,2022-01-24-22:56:05,6,2,4.424408
495,2022-01-24-22:56:09,2,0,4.119631
496,2022-01-24-22:56:11,0,5,2.320272
497,2022-01-24-22:56:13,5,1,2.327737
498,2022-01-24-22:56:15,1,7,1.722313
499,2022-01-24-22:56:19,7,4,4.210293
500,2022-01-24-22:56:23,4,6,3.893539
501,2022-01-24-22:56:26,6,0,2.840159
502,2022-01-24-22:56:27,0,1,1.138666
503,2022-01-24-22:56:29,1,5,2.117417
504,2022-01-24-22:56:31,5,0,2.076553
505,2022-01-24-22:56:35,0,3,3.636254
506,2022-01-24-22:56:38,3,6,3.249500
507,2022-01-24-22:56:42,6,7,4.258035
508,2022-01-24-22:56:45,7,6,2.666145
509,2022-01-24-22:56:50,6,2,4.500896
510,2022-01-24-22:56:53,2,6,3.436134
511,2022-01-24-22:56:56,6,2,3.208754
512,2022-01-24-22:56:58,2,4,1.862331
513,2022-01-24-22:57:00,4,3,2.092528
514,2022-01-24-22:57:03,3,2,2.602065
515,2022-01-24-22:57:05,2,7,2.640201
516,2022-01-24-22:57:09,7,4,3.935851
517,2022-01-24-22:57:12,4,3,2.139904
518,2022-01-24-22:57:14,3,1,2.338091
519,2022-01-24-22:57:15,1,0,1.132476
520,2022-01-24-22:57:19,0,3,3.620467
521,2022-01-24-22:57:22,3,6,3.348707
522,2022-01-24-22:57:26,6,7,4.114751
523,2022-01-24-22:57:29,7,6,2.665458
524,2022-01-24-22:57:33,6,2,4.167496
525,2022-01-24-22:57:38,2,3,4.804931
526,2022-01-24-22:57:40,3,4,2.124398
527,2022-01-24-22:57:43,4,6,2.668419
528,2022-01-24-22:57:45,6,0,2.927376
529,2022-01-24-22:57:47,0,7,2.017006
530,2022-01-24-22:57:49,7,1,1.846682
531,2022-01-24-22:57:52,1,3,2.337620
532,2022-01-24-22:57:54,3,0,2.586856
533,2022-01-24-22:57:56,0,2,1.774817
534,2022-01-24-22:57:59,2,6,3.210457
535,2022-01-24-22:58:03,6,2,3.318445
536,2022-01-24-22:58:05,2,7,2.676498
537,2022-01-24-22:58:09,7,3,3.306751
538,2022-01-24-22:58:11,3,4,2.088734
539,2022-01-24-22:58:12,4,1,1.379576
540,2022-01-24-22:58:13,1,4,1.427872
541,2022-01-24-22:58:16,4,3,2.171828
542,2022-01-24-22:58:18,3,0,2.801010
543,2022-01-24-22:58:20,0,4,1.578837
544,2022-01-24-22:58:21,4,1,1.394855
545,2022-01-24-22:58:23,1,7,1.767059
546,2022-01-24-22:58:25,7,0,2.068665
547,2022-01-24-22:58:27,0,7,2.064199
548,2022-01-24-22:58:30,7,2,2.731096
549,2022-01-24-22:58:34,2,6,3.587176
550,2022-01-24-22:58:36,6,1,2.888501
551,2022-01-24-22:58:39,1,3,2.452251
552,2022-01-24-22:58:42,3,0,2.574365
553,2022-01-24-22:58:43,0,4,1.600628
554,2022-01-24-22:58:44,4,1,1.374526
555,2022-01-24-22:58:46,1,7,1.805147
556,2022-01-24-22:58:49,7,5,2.889435
557,2022-01-24-22:58:52,5,6,3.302366
558,2022-01-24-22:58:56,6,2,3.285521
559,2022-01-24-22:59:00,2,3,4.384339
560,2022-01-24-22:59:03,3,1,2.553799
561,2022-01-24-22:59:05,1,2,2.010322
562,2022-01-24-22:59:07,2,1,2.043067
563,2022-01-24-22:59:09,1,5,2.009349
564,2022-01-24-22:59:11,5,0,2.059456
565,2022-01-24-22:59:14,0,3,2.918918
566,2022-01-24-22:59:17,3,2,3.192798
567,2022-01-24-22:59:21,2,6,3.851035
568,2022-01-24-22:59:24,6,2,3.490146
569,2022-01-24-22:59:26,2,5,1.636803
570,2022-01-24-22:59:28,5,4,1.840272
571,2022-01-24-22:59:29,4,1,1.379574
572,2022-01-24-22:59:31,1,4,1.467182
573,2022-01-24-22:59:35,4,2,4.293752
574,2022-01-24-22:59:39,2,1,4.396871
575,2022-01-24-22:59:40,1,0,1.105418
576,2022-01-24-22:59:43,0,5,2.762888
577,2022-01-24-22:59:45,5,1,2.131247
578,2022-01-24-22:59:48,1,3,2.551872
579,2022-01-24-22:59:52,3,2,4.527704
580,2022-01-24-22:59:57,2,7,4.565051
581,2022-01-24-23:00:00,7,5,2.679673
582,2022-01-24-23:00:03,5,4,3.707533
583,2022-01-24-23:00:07,4,0,4.108297
584,2022-01-24-23:00:09,0,7,1.949588
585,2022-01-24-23:00:12,7,2,2.791249
586,2022-01-24-23:00:15,2,3,3.137426
587,2022-01-24-23:00:19,3,7,3.850447
588,2022-01-24-23:00:21,7,0,2.035836
589,2022-01-24-23:00:24,0,3,2.590890
590,2022-01-24-23:00:27,3,7,3.360787
591,2022-01-24-23:00:30,7,6,2.795110
592,2022-01-24-23:00:33,6,7,2.712501
593,2022-01-24-23:00:36,7,0,3.227274
594,2022-01-24-23:00:38,0,5,2.221052
595,2022-01-24-23:00:41,5,6,2.823585
596,2022-01-24-23:00:44,6,0,3.036920
597,2022-01-24-23:00:46,0,4,1.589879
598,2022-01-24-23:00:47,4,0,1.570035
599,2022-01-24-23:00:49,0,2,1.788540
600,2022-01-24-23:00:51,2,4,1.901391
601,2022-01-24-23:00:55,4,6,3.791518
602,2022-01-24-23:00:59,6,1,3.872217
603,2022-01-24-23:01:00,1,4,1.544486
604,2022-01-24-23:01:02,4,3,2.205959
605,2022-01-24-23:01:05,3,5,2.862563
606,2022-01-24-23:01:07,5,1,2.148969
607,2022-01-24-23:01:09,1,4,1.389806
608,2022-01-24-23:01:10,4,0,1.608739
609,2022-01-24-23:01:12,0,4,1.838480
610,2022-01-24-23:01:14,4,0,1.604973
611,2022-01-24-23:01:16,0,7,2.043426
612,2022-01-24-23:01:18,7,4,2.353962
613,2022-01-24-23:01:20,4,7,2.050576
614,2022-01-24-23:01:23,7,3,2.434217
615,2022-01-24-23:01:25,3,5,2.374083
616,2022-01-24-23:01:27,5,4,2.224453
617,2022-01-24-23:01:29,4,0,1.600840
618,2022-01-24-23:01:30,0,1,1.123471
619,2022-01-24-23:01:32,1,2,2.022725
620,2022-01-24-23:01:34,2,1,2.025146
621,2022-01-24-23:01:36,1,5,2.124755
622,2022-01-24-23:01:38,5,1,2.076149
623,2022-01-24-23:01:39,1,0,1.227095
624,2022-01-24-23:01:42,0,6,2.988084
625,2022-01-24-23:01:46,6,7,3.601922
626,2022-01-24-23:01:49,7,3,3.351165
627,2022-01-24-23:01:52,3,2,3.097699
628,2022-01-24-23:01:56,2,3,3.152733
629,2022-01-24-23:01:59,3,2,3.008647
630,2022-01-24-23:02:01,2,7,2.611990
631,2022-01-24-23:02:04,7,5,2.712667
632,2022-01-24-23:02:08,5,4,4.104820
633,2022-01-24-23:02:12,4,2,3.556942
634,2022-01-24-23:02:13,2,0,1.793040
635,2022-01-24-23:02:15,0,4,1.587095
636,2022-01-24-23:02:17,4,5,1.805448
637,2022-01-24-23:02:19,5,7,2.620337
638,2022-01-24-23:02:22,7,2,2.673423
639,2022-01-24-23:02:24,2,0,1.876281
640,2022-01-24-23:02:28,0,6,3.740251
641,2022-01-24-23:02:32,6,1,3.850041
642,2022-01-24-23:02:33,1,4,1.526695
643,2022-01-24-23:02:35,4,3,2.305909
644,2022-01-24-23:02:38,3,1,2.771648
645,2022-01-24-23:02:40,1,5,2.178870
646,2022-01-24-23:02:43,5,1,2.346639
647,2022-01-24-23:02:45,1,5,2.081985
648,2022-01-24-23:02:47,5,3,2.501153
649,2022-01-24-23:02:50,3,1,3.146487
650,2022-01-24-23:02:52,1,4,1.596597
651,2022-01-24-23:02:54,4,3,2.259803
652,2022-01-24-23:02:57,3,5,2.381241
653,2022-01-24-23:02:59,5,0,2.131553
654,2022-01-24-23:03:01,0,2,1.892567
655,2022-01-24-23:03:04,2,7,2.895462
656,2022-01-24-23:03:08,7,6,4.360136
657,2022-01-24-23:03:12,6,4,3.751337
658,2022-01-24-23:03:14,4,2,1.954553
659,2022-01-24-23:03:16,2,1,1.966278
660,2022-01-24-23:03:18,1,5,2.002561
661,2022-01-24-23:03:20,5,7,2.621031
662,2022-01-24-23:03:23,7,5,2.846623
663,2022-01-24-23:03:25,5,1,2.095582
664,2022-01-24-23:03:26,1,0,1.234481
665,2022-01-24-23:03:28,0,1,1.295696
666,2022-01-24-23:03:29,1,4,1.375870
667,2022-01-24-23:03:31,4,0,1.588956
668,2022-01-24-23:03:34,0,6,3.695901
669,2022-01-24-23:03:38,6,4,3.995058
670,2022-01-24-23:03:41,4,7,2.119150
671,2022-01-24-23:03:43,7,2,2.608790
672,2022-01-24-23:03:45,2,1,2.118001
673,2022-01-24-23:03:47,1,4,1.442850
674,2022-01-24-23:03:48,4,1,1.532229
675,2022-01-24-23:03:52,1,6,3.744031
676,2022-01-24-23:03:56,6,4,4.003696
677,2022-01-24-23:03:59,4,6,2.750401
678,2022-01-24-23:04:02,6,7,3.528700
679,2022-01-24-23:04:05,7,5,2.994545
680,2022-01-24-23:04:08,5,1,2.426138
681,2022-01-24-23:04:09,1,4,1.649541
682,2022-01-24-23:04:11,4,5,1.936494
683,2022-01-24-23:04:14,5,7,2.618978
684,2022-01-24-23:04:18,7,1,3.816912
685,2022-01-24-23:04:19,1,4,1.419426
686,2022-01-24-23:04:21,4,2,2.015048
687,2022-01-24-23:04:23,2,0,1.863297
688,2022-01-24-23:04:26,0,6,3.275680
689,2022-01-24-23:04:29,6,3,2.225496
690,2022-01-24-23:04:31,3,4,2.185010
691,2022-01-24-23:04:33,4,2,1.817986
692,2022-01-24-23:04:34,2,4,1.810714
693,2022-01-24-23:04:36,4,5,1.829248
694,2022-01-24-23:04:40,5,6,3.483328
695,2022-01-24-23:04:44,6,7,4.108681
696,2022-01-24-23:04:46,7,3,2.597223
697,2022-01-24-23:04:49,3,2,2.725937
698,2022-01-24-23:04:52,2,7,2.618014
699,2022-01-24-23:04:55,7,3,3.351484
700,2022-01-24-23:04:58,3,7,3.440352
701,2022-01-24-23:05:01,7,6,2.783639
702,2022-01-24-23:05:04,6,3,3.202780
703,2022-01-24-23:05:08,3,7,4.036464
704,2022-01-24-23:05:13,7,6,4.204264
705,2022-01-24-23:05:16,6,0,3.720446
706,2022-01-24-23:05:18,0,4,1.675540
707,2022-01-24-23:05:22,4,6,3.642149
708,2022-01-24-23:05:26,6,5,4.035161
709,2022-01-24-23:05:28,5,0,2.475679
710,2022-01-24-23:05:30,0,4,1.755440
711,2022-01-24-23:05:32,4,7,1.950091
712,2022-01-24-23:05:35,7,5,2.952033
713,2022-01-24-23:05:38,5,6,3.177403
714,2022-01-24-23:05:42,6,1,4.303023
715,2022-01-24-23:05:45,1,3,2.494167
716,2022-01-24-23:05:48,3,1,2.633632
717,2022-01-24-23:05:49,1,7,1.840165
718,2022-01-24-23:05:52,7,3,2.543367
719,2022-01-24-23:05:54,3,5,2.358599
720,2022-01-24-23:05:57,5,7,2.667062
721,2022-01-24-23:06:00,7,5,3.125820
722,2022-01-24-23:06:02,5,1,2.350726
723,2022-01-24-23:06:04,1,4,1.486564
724,2022-01-24-23:06:06,4,5,1.954906
725,2022-01-24-23:06:08,5,1,2.501480
726,2022-01-24-23:06:11,1,2,2.213917
727,2022-01-24-23:06:14,2,6,3.182702
728,2022-01-24-23:06:18,6,3,4.163516
729,2022-01-24-23:06:21,3,5,2.790957
730,2022-01-24-23:06:22,5,2,1.615540
731,2022-01-24-23:06:24,2,0,1.778882
732,2022-01-24-23:06:27,0,6,2.877464
733,2022-01-24-23:06:29,6,3,2.146171
734,2022-01-24-23:06:33,3,4,4.360834
735,2022-01-24-23:06:38,4,0,4.302371
736,2022-01-24-23:06:39,0,4,1.677592
737,2022-01-24-23:06:41,4,1,1.472019
738,2022-01-24-23:06:45,1,6,3.836714
739,2022-01-24-23:06:49,6,5,4.139885
740,2022-01-24-23:06:52,5,4,3.400277
741,2022-01-24-23:06:56,4,6,3.494360
742,2022-01-24-23:07:00,6,7,4.119918
743,2022-01-24-23:07:02,7,0,2.044224
744,2022-01-24-23:07:05,0,3,2.915592
745,2022-01-24-23:07:07,3,6,2.200403
746,2022-01-24-23:07:10,6,5,3.065055
747,2022-01-24-23:07:13,5,6,3.028920
748,2022-01-24-23:07:17,6,2,3.331632
749,2022-01-24-23:07:19,2,7,2.645498
750,2022-01-24-23:07:23,7,5,3.398099
751,2022-01-24-23:07:26,5,3,3.438179
752,2022-01-24-23:07:29,3,4,2.557659
753,2022-01-24-23:07:32,4,6,3.294498
754,2022-01-24-23:07:36,6,7,4.417274
755,2022-01-24-23:07:40,7,5,3.325071
756,2022-01-24-23:07:42,5,1,2.276813
757,2022-01-24-23:07:44,1,4,1.712192
758,2022-01-24-23:07:46,4,0,2.049929
759,2022-01-24-23:07:48,0,5,2.764545
760,2022-01-24-23:07:51,5,2,2.300895
761,2022-01-24-23:07:54,2,7,3.163267
762,2022-01-24-23:07:57,7,2,3.066675
763,2022-01-24-23:08:00,2,7,2.963474
764,2022-01-24-23:08:04,7,3,4.116183
765,2022-01-24-23:08:07,3,2,3.332027
766,2022-01-24-23:08:10,2,7,3.016667
767,2022-01-24-23:08:14,7,4,3.476105
768,2022-01-24-23:08:16,4,7,2.173686
769,2022-01-24-23:08:20,7,6,4.296246
770,2022-01-24-23:08:24,6,3,4.039316
771,2022-01-24-23:08:26,3,6,2.131141
772,2022-01-24-23:08:29,6,5,2.803378
773,2022-01-24-23:08:32,5,3,2.497026
774,2022-01-24-23:08:35,3,2,2.789584
775,2022-01-24-23:08:37,2,1,2.306248
776,2022-01-24-23:08:39,1,4,1.675864
777,2022-01-24-23:08:40,4,1,1.729749
778,2022-01-24-23:08:42,1,5,2.094889
779,2022-01-24-23:08:45,5,7,3.020856
780,2022-01-24-23:08:48,7,6,2.934177
781,2022-01-24-23:08:52,6,1,4.113990
782,2022-01-24-23:08:55,1,5,2.972470
783,2022-01-24-23:08:59,5,2,4.019377
784,2022-01-24-23:09:04,2,3,4.501821
785,2022-01-24-23:09:06,3,6,2.322316
786,2022-01-24-23:09:10,6,4,3.590383
787,2022-01-24-23:09:14,4,6,3.850569
788,2022-01-24-23:09:18,6,2,4.088787
789,2022-01-24-23:09:22,2,5,4.129914
790,2022-01-24-23:09:25,5,3,2.756319
791,2022-01-24-23:09:27,3,6,2.464620
792,2022-01-24-23:09:30,6,4,3.245778
793,2022-01-24-23:09:32,4,0,1.692704
794,2022-01-24-23:09:34,0,7,2.194903
795,2022-01-24-23:09:37,7,5,3.043278
796,2022-01-24-23:09:40,5,4,2.283646
797,2022-01-24-23:09:43,4,6,3.671657
798,2022-01-24-23:09:47,6,0,3.850383
799,2022-01-24-23:09:50,0,3,3.243373
800,2022-01-24-23:09:53,3,4,2.657985
801,2022-01-24-23:09:56,4,3,2.483373
802,2022-01-24-23:09:59,3,7,3.422612
803,2022-01-24-23:10:02,7,5,3.334133
804,2022-01-24-23:10:05,5,7,2.945103
805,2022-01-24-23:10:10,7,1,4.492087
806,2022-01-24-23:10:11,1,0,1.493116
807,2022-01-24-23:10:13,0,2,1.942725
808,2022-01-24-23:10:16,2,3,2.853493
809,2022-01-24-23:10:19,3,0,2.776979
810,2022-01-24-23:10:20,0,1,1.541303
811,2022-01-24-23:10:23,1,5,2.366393
812,2022-01-24-23:10:25,5,2,1.830902
813,2022-01-24-23:10:28,2,3,3.782173
814,2022-01-24-23:10:32,3,4,4.007427
815,2022-01-24-23:10:35,4,7,2.176446
816,2022-01-24-23:10:38,7,6,3.423303
817,2022-01-24-23:10:42,6,7,4.033618
818,2022-01-24-23:10:46,7,4,4.262472
819,2022-01-24-23:10:49,4,3,2.505581
820,2022-01-24-23:10:52,3,0,3.645413
821,2022-01-24-23:10:54,0,4,1.734405
822,2022-01-24-23:10:57,4,2,2.573740
823,2022-01-24-23:11:00,2,6,3.275052
824,2022-01-24-23:11:04,6,3,4.345223
825,2022-01-24-23:11:07,3,2,2.937917
826,2022-01-24-23:11:11,2,6,3.338609
827,2022-01-24-23:11:14,6,4,3.508508
828,2022-01-24-23:11:16,4,0,1.815528
829,2022-01-24-23:11:18,0,2,2.090614
830,2022-01-24-23:11:21,2,3,2.847184
831,2022-01-24-23:11:24,3,0,2.834470
832,2022-01-24-23:11:26,0,5,2.294002
833,2022-01-24-23:11:29,5,7,2.752940
834,2022-01-24-23:11:32,7,5,3.568857
835,2022-01-24-23:11:36,5,2,3.751845
836,2022-01-24-23:11:40,2,7,3.497400
837,2022-01-24-23:11:43,7,0,3.394954
838,2022-01-24-23:11:47,0,6,3.732071
839,2022-01-24-23:11:50,6,7,2.829017
840,2022-01-24-23:11:53,7,3,3.808936
841,2022-01-24-23:11:56,3,2,3.000417
842,2022-01-24-23:11:59,2,1,2.946336
843,2022-01-24-23:12:01,1,0,1.536090
844,2022-01-24-23:12:03,0,7,2.280430
845,2022-01-24-23:12:05,7,1,1.919261
846,2022-01-24-23:12:07,1,4,1.829278
847,2022-01-24-23:12:09,4,3,2.598018
