--- Start
Calibration finished !

Learning mode activated? 
False
0,10.333946
1,4.489165
2,3.796611
3,3.771145
4,3.238176
5,2.980491
6,4.307403
7,4.148569
8,2.745955
9,3.213368
10,3.957169
11,2.042484
12,2.288709
13,3.748217
14,4.079286
15,7.458170
16,3.552173
17,2.837271
18,5.405255
19,3.492751
20,3.559422
21,3.662183
22,2.981053
23,2.790775
24,4.897129
25,3.747718
26,5.017419
27,3.955612
28,4.191080
29,3.286816
30,3.532288
31,4.160321
32,3.290480
33,3.330323
34,4.549928
35,5.441619
36,4.635949
37,4.262870
38,4.816529
39,2.689590
40,4.289464
41,3.205392
42,4.778831
43,3.550123
44,3.443578
45,3.719463
46,3.249564
47,3.981424
48,4.060474
49,3.045401
50,5.453296
51,5.417684
52,5.433914
53,3.822215
54,4.466932
55,5.717568
56,4.572556
57,5.535590
58,21.820648
59,11.548969
60,5.482188
61,5.087237
62,9.176256
63,9.339000
64,18.853779
65,16.202306
66,5.257111
67,25.016764
68,4.547480
69,34.671344
70,36.311129
71,16.991805
72,35.734489
73,30.350546
74,6.976903
75,3.852581
76,5.807185
77,5.211103
78,2.509199
79,3.650454
80,3.907586
81,3.898163
82,3.652895
83,2.244483
84,1.888673
85,2.370917
86,4.446894
87,4.207160
88,29.744176
89,28.833310
90,6.357701
91,197.981339
92,5.445003
93,4.210252
94,2.571378
95,3.852024
96,4.010256
97,4.227812
98,18.889950
99,4.907348
100,4.461079
101,7.568515
102,9.528272
103,24.294235
104,6.019678
105,2.957280
106,4.250949
107,5.739111
108,9.177123
109,4.416435
110,7.802971
111,3.337738
112,3.617158
113,5.306342
114,13.005935
115,22.058789
116,12.699098
117,28.866817
118,6.175861
119,3.528402
120,3.174368
121,4.342966
122,5.879813
123,5.652698
124,3.921528
125,12.660824
126,4.909583
127,4.417232
128,3.493016
129,3.570840
130,25.290024
131,6.167535
132,4.227813
133,2.984529
134,3.953543
135,4.501776
136,4.031249
137,4.285461
138,2.735673
139,3.330517
140,3.649212
141,4.141984
142,8.798929
143,9.468922
144,10.442067
145,4.063264
146,3.929474
147,3.890097
148,19.988508
149,4.097611
150,4.888465
151,2.523376
152,3.933867
153,3.315687
154,4.035238
155,3.233815
156,2.985239
157,4.300332
158,3.494354
159,4.475710
160,4.499135
161,4.130063
162,2.979416
163,9.518426
164,3.550448
165,34.359880
166,3.861151
167,4.755418
168,3.647247
169,3.761021
170,3.022899
171,3.732848
172,3.246961
173,3.773042
174,3.618706
175,3.411207
176,3.337826
177,3.302224
178,1.820933
179,4.867649
180,5.570778
181,6.722716
182,4.010315
183,4.537377
184,8.625157
185,3.948349
186,3.144464
187,3.474912
188,3.972019
189,4.168460
190,3.882231
191,3.211594
192,2.793053
193,2.699690
194,3.501065
195,2.149725
196,3.417637
197,3.999516
198,3.063995
199,4.012622
200,3.198381
201,3.460967
202,3.963431
203,3.702401
204,3.334007
205,3.870240
206,4.732779
207,3.933957
208,3.822417
209,4.495244
210,3.347267
211,3.945840
212,3.536897
213,2.647069
214,4.757945
215,8.436060
216,4.116993
217,4.124149
218,4.146714
219,1.885404
220,4.707440
221,4.169922
222,3.898354
223,2.690171
224,3.198541
225,2.761641
226,3.861601
227,4.107595
228,3.801928
229,4.501075
230,4.853832
231,2.244407
232,3.792207
233,4.454804
234,4.061704
235,2.774735
236,4.658607
237,3.219539
238,3.873580
239,2.941472
240,2.924800
241,3.973615
242,3.277759
243,2.634952
244,3.884264
245,3.976358
246,4.084154
247,2.952585
248,3.087648
249,4.153914
250,3.795489
251,4.433101
252,2.857440
253,3.942469
254,3.017889
255,4.292547
256,4.314343
257,5.432734
258,4.567753
259,2.584661
260,2.615570
261,3.385314
262,3.235847
263,4.032050
264,5.115728
265,4.601483
266,3.452734
267,3.569980
268,3.031006
269,3.836382
270,3.921662
271,4.534421
272,4.509515
273,3.377306
274,4.189275
275,3.561589
276,3.665774
277,3.524593
278,3.334874
279,3.358050
280,2.424787
281,2.324048
282,4.360007
283,3.416243
284,3.421348
285,3.972678
286,4.039228
287,4.163961
288,2.312966
289,4.560558
290,4.239041
291,4.493638
292,5.147081
293,4.725581
294,4.133559
295,3.590781
296,3.563575
297,3.397021
298,4.812366
299,2.388401
300,4.355631
301,2.701245
302,3.565569
303,3.635522
304,3.326560
305,3.669972
306,4.233575
307,3.864919
308,3.617923
309,3.301468
310,4.189756
311,4.163788
312,2.974314
313,3.821503
314,3.414564
315,3.671154
316,4.363222
317,2.655272
318,4.890917
319,2.354566
320,2.524513
321,4.646758
322,4.655583
323,4.752808
324,3.246258
325,3.771929
326,3.394824
327,3.385676
328,3.284907
329,2.136423
330,3.869440
331,2.684977
332,2.662986
333,4.880126
334,4.626500
335,4.732930
336,4.365911
337,3.075962
338,4.170297
339,4.329423
340,3.816708
341,3.422114
342,4.098289
343,4.517937
344,2.160083
345,3.883454
346,2.855332
347,4.544327
348,2.489950
349,4.659323
350,3.002076
351,3.829852
352,3.590445
353,2.979635
354,4.775573
355,3.096128
356,3.853285
357,4.226865
358,1.931677
359,4.320596
360,4.893214
361,3.799223
362,3.389670
363,2.723353
364,4.193359
365,4.084978
366,3.814100
367,4.592215
368,3.758229
369,3.093863
370,4.628995
371,4.787237
372,4.106162
373,4.122700
374,4.183112
375,3.090090
376,2.106947
377,2.031591
378,3.784558
379,4.859310
380,3.922396
381,3.443105
382,3.817141
383,3.441271
384,3.724411
385,3.891024
386,4.608955
387,4.820197
388,3.910750
389,4.313715
390,4.063336
391,4.717703
392,3.783698
393,3.569607
394,5.818214
395,5.233561
396,4.926084
397,4.325345
398,4.050247
399,5.329555
400,3.845767
401,5.492448
402,5.879380
403,6.404360
404,5.200374
405,3.741539
406,4.437913
407,5.637049
408,6.221864
409,5.274762
410,5.776673
411,5.335701
412,3.953587
413,3.954726
414,3.280694
415,2.947455
416,6.370169
417,5.442840
418,4.512024
419,3.356664
420,5.701522
421,4.505934
422,4.732498
423,5.756843
424,5.294477
425,4.959415
426,4.213456
427,4.965022
428,5.546692
429,5.746244
430,4.055405
431,4.531561
432,5.520136
433,6.153461
434,6.134587
435,4.232434
436,4.906847
437,5.631498
438,6.463702
439,6.715759
440,7.106901
441,6.124451
442,7.731185
443,8.655914
444,6.881199
445,8.646073
446,6.199824
447,6.416764
448,7.683282
449,7.969225
450,8.126186
451,6.733982
452,6.375549
453,8.610279
454,9.720717
455,7.950016
456,8.706122
457,7.612865
458,6.611224
459,8.372517
460,8.442094
461,7.219829
462,6.463710
463,8.869821
464,8.660180
465,6.279395
466,7.208231
Action Server timeout : niryo_one/commander/robot_action
--- End
