date,init_position,final_position,time
1,2022-01-24-22:35:36,-1,2,2.678231
2,2022-01-24-22:35:38,2,4,1.770119
3,2022-01-24-22:35:39,4,2,1.837075
4,2022-01-24-22:35:43,2,6,3.193997
5,2022-01-24-22:35:46,6,3,3.226587
6,2022-01-24-22:35:49,3,2,2.965371
7,2022-01-24-22:35:51,2,7,2.524328
8,2022-01-24-22:35:54,7,6,2.563175
9,2022-01-24-22:35:57,6,5,3.333736
10,2022-01-24-22:35:59,5,1,1.926312
11,2022-01-24-22:36:01,1,3,2.234387
12,2022-01-24-22:36:04,3,1,2.436511
13,2022-01-24-22:36:07,1,6,3.602882
14,2022-01-24-22:36:11,6,0,3.547208
15,2022-01-24-22:36:14,0,6,2.886406
16,2022-01-24-22:36:17,6,1,2.747529
17,2022-01-24-22:36:19,1,2,1.964387
18,2022-01-24-22:36:20,2,5,1.527644
19,2022-01-24-22:36:23,5,4,3.303673
20,2022-01-24-22:36:27,4,0,3.641252
21,2022-01-24-22:36:29,0,2,1.780200
22,2022-01-24-22:36:31,2,0,2.038161
23,2022-01-24-22:36:33,0,4,2.202843
24,2022-01-24-22:36:37,4,2,4.222510
25,2022-01-24-22:36:42,2,1,4.353883
26,2022-01-24-22:36:44,1,2,2.010996
27,2022-01-24-22:36:46,2,7,2.656480
28,2022-01-24-22:36:50,7,1,3.402912
29,2022-01-24-22:36:51,1,7,1.727277
30,2022-01-24-22:36:53,7,1,1.718792
31,2022-01-24-22:36:57,1,6,3.650513
32,2022-01-24-22:37:00,6,1,3.560528
33,2022-01-24-22:37:03,1,5,2.168547
34,2022-01-24-22:37:05,5,0,2.241324
35,2022-01-24-22:37:07,0,2,1.718848
36,2022-01-24-22:37:09,2,3,2.601343
37,2022-01-24-22:37:11,3,6,2.039430
38,2022-01-24-22:37:14,6,5,2.874756
39,2022-01-24-22:37:16,5,0,2.260947
40,2022-01-24-22:37:18,0,4,1.588693
41,2022-01-24-22:37:19,4,0,1.542199
42,2022-01-24-22:37:21,0,1,1.091206
43,2022-01-24-22:37:23,1,3,2.274285
44,2022-01-24-22:37:27,3,2,4.408497
45,2022-01-24-22:37:29,2,4,1.857967
46,2022-01-24-22:37:32,4,7,3.244060
47,2022-01-24-22:37:35,7,6,2.610495
48,2022-01-24-22:37:38,6,4,3.499068
49,2022-01-24-22:37:42,4,6,3.434986
50,2022-01-24-22:37:45,6,1,3.542944
51,2022-01-24-22:37:47,1,5,1.943603
52,2022-01-24-22:37:50,5,7,2.557055
53,2022-01-24-22:37:53,7,4,3.400441
54,2022-01-24-22:37:55,4,3,2.136273
55,2022-01-24-22:37:59,3,7,3.882971
56,2022-01-24-22:38:01,7,1,1.750519
57,2022-01-24-22:38:05,1,6,3.571278
58,2022-01-24-22:38:08,6,1,3.597696
59,2022-01-24-22:38:10,1,4,1.315962
60,2022-01-24-22:38:11,4,0,1.521134
61,2022-01-24-22:38:14,0,3,2.632203
62,2022-01-24-22:38:16,3,0,2.435439
63,2022-01-24-22:38:18,0,7,1.950438
64,2022-01-24-22:38:22,7,4,4.073737
65,2022-01-24-22:38:25,4,6,3.242867
66,2022-01-24-22:38:29,6,5,3.153390
67,2022-01-24-22:38:30,5,1,1.948852
68,2022-01-24-22:38:32,1,0,1.077713
69,2022-01-24-22:38:33,0,2,1.725780
70,2022-01-24-22:38:37,2,3,3.742525
71,2022-01-24-22:38:40,3,5,3.247793
72,2022-01-24-22:38:43,5,6,3.105544
73,2022-01-24-22:38:47,6,4,3.231340
74,2022-01-24-22:38:51,4,0,4.003500
75,2022-01-24-22:38:52,0,2,1.742920
76,2022-01-24-22:38:54,2,5,1.544036
77,2022-01-24-22:38:57,5,7,2.617662
78,2022-01-24-22:39:00,7,0,3.078285
79,2022-01-24-22:39:02,0,5,2.157458
80,2022-01-24-22:39:05,5,3,2.760269
81,2022-01-24-22:39:07,3,2,2.885114
82,2022-01-24-22:39:10,2,6,3.064278
83,2022-01-24-22:39:14,6,2,3.224244
84,2022-01-24-22:39:16,2,1,1.995250
85,2022-01-24-22:39:17,1,4,1.418906
86,2022-01-24-22:39:19,4,5,1.749867
87,2022-01-24-22:39:21,5,1,1.931963
88,2022-01-24-22:39:22,1,4,1.317116
89,2022-01-24-22:39:24,4,2,1.822351
90,2022-01-24-22:39:27,2,6,3.172674
91,2022-01-24-22:39:30,6,0,2.974560
92,2022-01-24-22:39:34,0,6,3.800986
93,2022-01-24-22:39:38,6,3,3.709836
94,2022-01-24-22:39:40,3,1,2.399075
95,2022-01-24-22:39:42,1,2,1.969888
96,2022-01-24-22:39:44,2,5,1.603513
97,2022-01-24-22:39:45,5,4,1.841181
98,2022-01-24-22:39:47,4,0,1.520109
99,2022-01-24-22:39:48,0,1,1.121178
100,2022-01-24-22:39:49,1,0,1.083324
101,2022-01-24-22:39:51,0,4,1.543578
102,2022-01-24-22:39:52,4,5,1.803052
103,2022-01-24-22:39:54,5,0,2.001629
104,2022-01-24-22:39:57,0,6,2.948399
105,2022-01-24-22:40:00,6,4,2.803169
106,2022-01-24-22:40:04,4,6,3.439658
107,2022-01-24-22:40:07,6,1,3.680430
108,2022-01-24-22:40:09,1,4,1.356949
109,2022-01-24-22:40:11,4,7,1.929685
110,2022-01-24-22:40:13,7,3,2.211626
111,2022-01-24-22:40:15,3,4,2.063452
112,2022-01-24-22:40:16,4,0,1.557067
113,2022-01-24-22:40:18,0,1,1.057811
114,2022-01-24-22:40:20,1,2,2.031630
115,2022-01-24-22:40:23,2,6,3.208760
116,2022-01-24-22:40:26,6,3,3.297974
117,2022-01-24-22:40:29,3,5,3.120825
118,2022-01-24-22:40:32,5,3,2.296879
119,2022-01-24-22:40:34,3,4,2.106010
120,2022-01-24-22:40:35,4,0,1.548969
121,2022-01-24-22:40:37,0,4,1.542026
122,2022-01-24-22:40:39,4,3,2.137909
123,2022-01-24-22:40:41,3,5,2.163538
124,2022-01-24-22:40:43,5,3,2.319121
125,2022-01-24-22:40:46,3,0,2.480818
126,2022-01-24-22:40:47,0,4,1.541541
127,2022-01-24-22:40:49,4,5,1.747728
128,2022-01-24-22:40:52,5,6,2.710698
129,2022-01-24-22:40:55,6,1,2.825440
130,2022-01-24-22:40:56,1,0,1.051933
131,2022-01-24-22:40:57,0,1,1.066976
132,2022-01-24-22:40:58,1,7,1.667381
133,2022-01-24-22:41:02,7,4,4.041238
134,2022-01-24-22:41:06,4,0,3.685797
135,2022-01-24-22:41:09,0,6,2.955268
136,2022-01-24-22:41:12,6,5,2.708559
137,2022-01-24-22:41:15,5,6,3.110049
138,2022-01-24-22:41:19,6,1,3.629333
139,2022-01-24-22:41:20,1,7,1.660587
140,2022-01-24-22:41:23,7,3,2.361160
141,2022-01-24-22:41:25,3,5,2.184105
142,2022-01-24-22:41:27,5,0,2.198725
143,2022-01-24-22:41:30,0,6,2.878336
144,2022-01-24-22:41:33,6,7,3.418918
145,2022-01-24-22:41:36,7,4,3.228392
146,2022-01-24-22:41:38,4,0,1.541805
147,2022-01-24-22:41:40,0,5,2.411117
148,2022-01-24-22:41:44,5,6,3.122742
149,2022-01-24-22:41:47,6,1,3.556592
150,2022-01-24-22:41:50,1,6,2.796520
151,2022-01-24-22:41:54,6,4,3.744310
152,2022-01-24-22:41:57,4,0,3.846031
153,2022-01-24-22:41:59,0,1,1.091056
154,2022-01-24-22:42:00,1,4,1.345076
155,2022-01-24-22:42:02,4,5,1.807414
156,2022-01-24-22:42:04,5,4,1.868585
157,2022-01-24-22:42:05,4,0,1.568438
158,2022-01-24-22:42:08,0,3,2.399845
159,2022-01-24-22:42:10,3,4,2.072047
160,2022-01-24-22:42:11,4,1,1.370990
161,2022-01-24-22:42:13,1,7,1.645554
162,2022-01-24-22:42:16,7,3,3.821124
163,2022-01-24-22:42:20,3,0,3.324922
164,2022-01-24-22:42:21,0,4,1.575007
165,2022-01-24-22:42:23,4,7,1.941923
166,2022-01-24-22:42:25,7,1,1.718356
167,2022-01-24-22:42:27,1,5,2.078808
168,2022-01-24-22:42:29,5,4,1.855464
169,2022-01-24-22:42:31,4,3,2.073439
170,2022-01-24-22:42:33,3,1,2.246435
171,2022-01-24-22:42:35,1,2,1.971514
172,2022-01-24-22:42:37,2,1,1.989754
173,2022-01-24-22:42:41,1,6,3.782551
174,2022-01-24-22:42:45,6,4,3.751296
175,2022-01-24-22:42:47,4,7,1.950309
176,2022-01-24-22:42:51,7,6,4.029685
177,2022-01-24-22:42:55,6,3,3.881887
178,2022-01-24-22:42:58,3,7,3.234618
179,2022-01-24-22:43:01,7,6,2.599461
180,2022-01-24-22:43:04,6,5,3.287459
181,2022-01-24-22:43:05,5,2,1.585247
182,2022-01-24-22:43:08,2,7,2.538129
183,2022-01-24-22:43:11,7,4,3.119899
184,2022-01-24-22:43:12,4,1,1.334528
185,2022-01-24-22:43:15,1,3,2.346185
186,2022-01-24-22:43:18,3,7,3.278239
187,2022-01-24-22:43:21,7,3,3.243904
188,2022-01-24-22:43:24,3,2,2.699376
189,2022-01-24-22:43:26,2,4,1.882933
190,2022-01-24-22:43:28,4,7,1.960641
191,2022-01-24-22:43:30,7,0,2.075862
192,2022-01-24-22:43:32,0,5,2.050435
193,2022-01-24-22:43:35,5,6,3.126826
194,2022-01-24-22:43:38,6,5,3.242651
195,2022-01-24-22:43:41,5,7,2.636034
196,2022-01-24-22:43:44,7,4,3.237044
197,2022-01-24-22:43:46,4,3,2.102752
198,2022-01-24-22:43:50,3,7,3.377486
199,2022-01-24-22:43:52,7,6,2.605965
200,2022-01-24-22:43:56,6,1,3.784128
201,2022-01-24-22:43:57,1,0,1.099417
202,2022-01-24-22:43:59,0,5,2.355923
203,2022-01-24-22:44:01,5,2,1.552923
204,2022-01-24-22:44:03,2,0,1.735847
205,2022-01-24-22:44:06,0,6,2.908853
206,2022-01-24-22:44:10,6,2,4.152303
207,2022-01-24-22:44:14,2,5,3.780625
208,2022-01-24-22:44:16,5,4,2.476917
209,2022-01-24-22:44:18,4,7,1.856941
210,2022-01-24-22:44:22,7,6,4.119657
211,2022-01-24-22:44:25,6,5,3.303256
212,2022-01-24-22:44:29,5,4,3.327573
213,2022-01-24-22:44:32,4,6,3.782055
214,2022-01-24-22:44:35,6,5,2.776497
215,2022-01-24-22:44:37,5,1,2.104743
216,2022-01-24-22:44:41,1,6,3.913481
217,2022-01-24-22:44:45,6,0,3.526516
218,2022-01-24-22:44:49,0,6,3.811411
219,2022-01-24-22:44:52,6,3,3.646384
220,2022-01-24-22:44:55,3,1,2.282874
221,2022-01-24-22:44:57,1,2,1.956885
222,2022-01-24-22:44:58,2,4,1.743336
223,2022-01-24-22:45:00,4,0,1.568827
224,2022-01-24-22:45:01,0,1,1.082352
225,2022-01-24-22:45:03,1,2,1.972046
226,2022-01-24-22:45:06,2,6,3.169817
227,2022-01-24-22:45:10,6,4,3.504040
228,2022-01-24-22:45:11,4,0,1.536803
229,2022-01-24-22:45:13,0,5,1.898190
230,2022-01-24-22:45:16,5,6,2.788480
231,2022-01-24-22:45:19,6,4,3.091401
232,2022-01-24-22:45:20,4,0,1.508622
233,2022-01-24-22:45:22,0,7,1.962459
234,2022-01-24-22:45:25,7,3,2.246717
235,2022-01-24-22:45:27,3,7,2.168491
236,2022-01-24-22:45:29,7,3,2.277610
237,2022-01-24-22:45:32,3,5,3.045949
238,2022-01-24-22:45:34,5,0,2.142374
239,2022-01-24-22:45:36,0,4,1.563256
240,2022-01-24-22:45:38,4,2,1.925593
241,2022-01-24-22:45:41,2,6,3.330540
242,2022-01-24-22:45:45,6,3,3.730221
243,2022-01-24-22:45:47,3,5,2.359328
244,2022-01-24-22:45:49,5,4,1.843186
245,2022-01-24-22:45:51,4,0,1.597903
246,2022-01-24-22:45:53,0,5,1.921826
247,2022-01-24-22:45:55,5,0,2.601200
248,2022-01-24-22:45:57,0,5,1.989491
249,2022-01-24-22:46:00,5,6,3.153319
250,2022-01-24-22:46:03,6,2,3.145287
251,2022-01-24-22:46:05,2,4,1.822006
252,2022-01-24-22:46:07,4,5,1.800675
253,2022-01-24-22:46:09,5,1,2.123523
254,2022-01-24-22:46:11,1,2,1.988232
255,2022-01-24-22:46:14,2,7,2.636046
256,2022-01-24-22:46:16,7,6,2.598471
257,2022-01-24-22:46:20,6,1,3.551281
258,2022-01-24-22:46:21,1,4,1.329598
259,2022-01-24-22:46:23,4,3,2.101951
260,2022-01-24-22:46:26,3,1,2.979333
261,2022-01-24-22:46:27,1,0,1.085114
262,2022-01-24-22:46:28,0,1,1.067729
263,2022-01-24-22:46:31,1,5,2.114769
264,2022-01-24-22:46:34,5,4,3.458019
265,2022-01-24-22:46:37,4,2,3.230807
266,2022-01-24-22:46:40,2,3,2.799028
267,2022-01-24-22:46:44,3,6,3.725861
268,2022-01-24-22:46:48,6,1,4.343262
269,2022-01-24-22:46:52,1,3,3.490468
270,2022-01-24-22:46:55,3,5,3.380198
271,2022-01-24-22:46:57,5,1,2.040964
272,2022-01-24-22:47:00,1,6,2.705033
273,2022-01-24-22:47:03,6,7,2.762959
274,2022-01-24-22:47:05,7,2,2.632342
275,2022-01-24-22:47:08,2,3,2.765456
276,2022-01-24-22:47:11,3,7,3.352079
277,2022-01-24-22:47:15,7,5,3.412494
278,2022-01-24-22:47:17,5,4,2.626685
279,2022-01-24-22:47:19,4,2,1.841291
280,2022-01-24-22:47:22,2,7,2.582136
281,2022-01-24-22:47:24,7,6,2.665588
282,2022-01-24-22:47:28,6,2,3.283865
283,2022-01-24-22:47:29,2,0,1.774315
284,2022-01-24-22:47:31,0,4,1.531713
285,2022-01-24-22:47:33,4,3,2.142996
286,2022-01-24-22:47:36,3,0,2.467053
287,2022-01-24-22:47:39,0,6,2.971255
288,2022-01-24-22:47:42,6,7,3.405775
289,2022-01-24-22:47:46,7,4,3.852920
290,2022-01-24-22:47:50,4,1,3.992102
291,2022-01-24-22:47:51,1,4,1.400950
292,2022-01-24-22:47:53,4,7,1.991678
293,2022-01-24-22:47:57,7,6,4.070734
294,2022-01-24-22:48:01,6,0,3.514051
295,2022-01-24-22:48:03,0,2,1.811035
296,2022-01-24-22:48:06,2,3,3.222799
297,2022-01-24-22:48:08,3,6,2.059722
298,2022-01-24-22:48:11,6,1,2.835810
299,2022-01-24-22:48:13,1,3,2.378512
300,2022-01-24-22:48:16,3,2,2.907776
301,2022-01-24-22:48:18,2,1,2.006553
302,2022-01-24-22:48:20,1,2,2.023064
303,2022-01-24-22:48:23,2,7,2.610268
304,2022-01-24-22:48:26,7,5,2.908091
305,2022-01-24-22:48:29,5,2,3.787114
306,2022-01-24-22:48:34,2,3,4.751700
307,2022-01-24-22:48:36,3,4,2.134162
308,2022-01-24-22:48:38,4,3,2.120305
309,2022-01-24-22:48:40,3,6,2.079235
310,2022-01-24-22:48:44,6,4,3.929870
311,2022-01-24-22:48:47,4,2,2.109723
312,2022-01-24-22:48:48,2,4,1.831886
313,2022-01-24-22:48:51,4,3,2.172701
314,2022-01-24-22:48:54,3,2,3.665310
315,2022-01-24-22:48:56,2,5,1.552680
316,2022-01-24-22:48:59,5,6,3.107182
317,2022-01-24-22:49:03,6,0,3.678041
318,2022-01-24-22:49:05,0,6,2.932972
319,2022-01-24-22:49:08,6,4,2.757633
320,2022-01-24-22:49:10,4,5,1.811066
321,2022-01-24-22:49:13,5,7,2.635597
322,2022-01-24-22:49:16,7,0,3.110743
323,2022-01-24-22:49:18,0,3,2.438965
324,2022-01-24-22:49:20,3,6,2.019006
325,2022-01-24-22:49:23,6,1,2.900609
326,2022-01-24-22:49:25,1,5,2.145469
327,2022-01-24-22:49:27,5,2,1.767378
328,2022-01-24-22:49:29,2,5,1.594418
329,2022-01-24-22:49:31,5,7,2.653734
330,2022-01-24-22:49:34,7,2,3.014701
331,2022-01-24-22:49:39,2,3,4.607438
332,2022-01-24-22:49:41,3,6,2.106314
333,2022-01-24-22:49:44,6,5,2.809888
334,2022-01-24-22:49:46,5,2,1.645752
335,2022-01-24-22:49:47,2,5,1.522064
336,2022-01-24-22:49:49,5,1,2.091176
337,2022-01-24-22:49:51,1,2,2.003321
338,2022-01-24-22:49:53,2,1,2.035735
339,2022-01-24-22:49:57,1,6,3.669079
340,2022-01-24-22:50:01,6,3,3.776151
341,2022-01-24-22:50:03,3,1,2.345757
342,2022-01-24-22:50:07,1,6,3.743396
343,2022-01-24-22:50:10,6,2,3.797090
344,2022-01-24-22:50:13,2,7,2.597871
345,2022-01-24-22:50:15,7,4,1.948930
346,2022-01-24-22:50:17,4,0,1.578461
347,2022-01-24-22:50:19,0,5,1.978542
348,2022-01-24-22:50:20,5,4,1.859926
349,2022-01-24-22:50:25,4,2,4.615527
350,2022-01-24-22:50:28,2,7,3.062424
351,2022-01-24-22:50:32,7,4,3.385668
352,2022-01-24-22:50:35,4,5,3.433123
353,2022-01-24-22:50:38,5,6,3.143441
354,2022-01-24-22:50:42,6,3,3.624516
355,2022-01-24-22:50:45,3,0,3.422771
356,2022-01-24-22:50:48,0,6,2.919941
357,2022-01-24-22:50:51,6,1,2.813289
358,2022-01-24-22:50:52,1,4,1.356901
359,2022-01-24-22:50:54,4,0,1.539506
360,2022-01-24-22:50:57,0,3,3.379049
361,2022-01-24-22:51:00,3,5,3.155371
362,2022-01-24-22:51:03,5,3,2.380436
363,2022-01-24-22:51:05,3,0,2.687427
364,2022-01-24-22:51:08,0,3,2.491677
365,2022-01-24-22:51:10,3,1,2.347772
366,2022-01-24-22:51:14,1,6,3.855672
367,2022-01-24-22:51:17,6,5,3.228776
368,2022-01-24-22:51:19,5,2,1.657970
369,2022-01-24-22:51:22,2,3,2.872573
370,2022-01-24-22:51:24,3,1,2.439678
371,2022-01-24-22:51:27,1,3,2.381151
372,2022-01-24-22:51:29,3,2,2.778299
373,2022-01-24-22:51:31,2,4,1.890987
374,2022-01-24-22:51:33,4,3,2.090392
375,2022-01-24-22:51:36,3,6,2.067900
376,2022-01-24-22:51:39,6,7,3.442046
377,2022-01-24-22:51:42,7,6,2.666778
378,2022-01-24-22:51:46,6,7,4.048070
379,2022-01-24-22:51:50,7,6,4.060437
380,2022-01-24-22:51:53,6,2,3.252219
381,2022-01-24-22:51:57,2,3,4.328658
382,2022-01-24-22:51:59,3,6,2.068647
383,2022-01-24-22:52:02,6,1,2.778956
384,2022-01-24-22:52:04,1,4,1.329196
385,2022-01-24-22:52:07,4,6,3.476857
386,2022-01-24-22:52:10,6,5,3.350897
387,2022-01-24-22:52:14,5,4,3.610867
388,2022-01-24-22:52:17,4,7,3.336469
389,2022-01-24-22:52:20,7,0,3.144076
390,2022-01-24-22:52:22,0,4,1.497790
391,2022-01-24-22:52:24,4,7,2.000049
392,2022-01-24-22:52:27,7,5,2.775555
393,2022-01-24-22:52:30,5,6,3.101049
394,2022-01-24-22:52:34,6,3,3.744920
395,2022-01-24-22:52:36,3,1,2.672562
396,2022-01-24-22:52:38,1,4,1.395473
397,2022-01-24-22:52:39,4,7,1.872608
398,2022-01-24-22:52:44,7,6,4.206315
399,2022-01-24-22:52:48,6,1,3.964632
400,2022-01-24-22:52:50,1,5,2.055632
401,2022-01-24-22:52:53,5,2,3.724757
402,2022-01-24-22:52:58,2,1,4.423065
403,2022-01-24-22:53:00,1,3,2.571470
404,2022-01-24-22:53:05,3,2,4.596162
405,2022-01-24-22:53:08,2,6,3.269932
406,2022-01-24-22:53:13,6,7,4.366205
407,2022-01-24-22:53:14,7,1,1.740528
408,2022-01-24-22:53:16,1,4,1.387586
409,2022-01-24-22:53:18,4,7,1.922571
410,2022-01-24-22:53:22,7,4,4.273501
411,2022-01-24-22:53:25,4,6,3.410298
412,2022-01-24-22:53:29,6,0,3.624671
413,2022-01-24-22:53:31,0,5,1.999034
414,2022-01-24-22:53:33,5,2,1.969741
415,2022-01-24-22:53:35,2,1,1.979501
416,2022-01-24-22:53:37,1,2,2.069659
417,2022-01-24-22:53:39,2,1,2.022389
418,2022-01-24-22:53:42,1,6,2.777715
419,2022-01-24-22:53:45,6,5,2.945773
420,2022-01-24-22:53:46,5,2,1.662934
421,2022-01-24-22:53:48,2,5,1.572026
422,2022-01-24-22:53:51,5,6,3.195814
423,2022-01-24-22:53:54,6,2,3.158618
424,2022-01-24-22:53:58,2,0,3.971774
425,2022-01-24-22:54:01,0,3,2.528595
426,2022-01-24-22:54:03,3,6,2.307065
427,2022-01-24-22:54:06,6,1,2.778055
428,2022-01-24-22:54:07,1,0,1.137985
429,2022-01-24-22:54:09,0,4,1.554014
430,2022-01-24-22:54:12,4,6,3.543745
431,2022-01-24-22:54:15,6,2,3.185265
432,2022-01-24-22:54:18,2,7,2.700990
433,2022-01-24-22:54:21,7,5,2.959985
434,2022-01-24-22:54:23,5,1,2.051472
435,2022-01-24-22:54:25,1,4,1.398579
436,2022-01-24-22:54:26,4,1,1.528043
437,2022-01-24-22:54:27,1,4,1.388543
438,2022-01-24-22:54:29,4,5,1.830974
439,2022-01-24-22:54:32,5,7,2.678402
440,2022-01-24-22:54:35,7,6,2.669550
441,2022-01-24-22:54:38,6,4,3.820063
442,2022-01-24-22:54:41,4,3,2.210439
443,2022-01-24-22:54:45,3,2,4.282784
444,2022-01-24-22:54:49,2,0,3.994033
445,2022-01-24-22:54:51,0,4,1.583320
446,2022-01-24-22:54:52,4,7,1.911956
447,2022-01-24-22:54:57,7,6,4.236930
448,2022-01-24-22:55:00,6,2,3.333509
449,2022-01-24-22:55:02,2,5,1.593645
450,2022-01-24-22:55:05,5,6,3.254246
451,2022-01-24-22:55:09,6,1,3.932282
452,2022-01-24-22:55:12,1,6,2.718170
453,2022-01-24-22:55:14,6,3,2.005458
454,2022-01-24-22:55:18,3,2,4.234807
455,2022-01-24-22:55:22,2,5,4.165544
456,2022-01-24-22:55:25,5,4,3.381371
457,2022-01-24-22:55:27,4,3,2.153523
458,2022-01-24-22:55:30,3,2,2.672450
459,2022-01-24-22:55:34,2,5,3.808599
460,2022-01-24-22:55:36,5,3,2.309486
461,2022-01-24-22:55:39,3,0,2.669626
462,2022-01-24-22:55:41,0,2,1.806049
463,2022-01-24-22:55:43,2,1,2.019746
464,2022-01-24-22:55:44,1,4,1.369743
465,2022-01-24-22:55:46,4,5,1.775850
466,2022-01-24-22:55:48,5,1,2.104042
467,2022-01-24-22:55:49,1,4,1.448731
468,2022-01-24-22:55:53,4,6,3.510619
469,2022-01-24-22:55:56,6,0,3.530326
470,2022-01-24-22:56:00,0,6,3.145574
471,2022-01-24-22:56:02,6,3,2.013034
472,2022-01-24-22:56:04,3,1,2.565007
473,2022-01-24-22:56:06,1,4,1.345211
474,2022-01-24-22:56:07,4,0,1.564599
475,2022-01-24-22:56:10,0,3,2.571867
476,2022-01-24-22:56:12,3,0,2.408719
477,2022-01-24-22:56:14,0,4,1.655127
478,2022-01-24-22:56:16,4,5,1.829009
479,2022-01-24-22:56:18,5,1,2.429729
480,2022-01-24-22:56:20,1,5,2.457446
481,2022-01-24-22:56:23,5,1,2.237633
482,2022-01-24-22:56:25,1,3,2.352412
483,2022-01-24-22:56:28,3,2,2.801708
484,2022-01-24-22:56:31,2,3,3.232150
485,2022-01-24-22:56:35,3,7,4.094445
486,2022-01-24-22:56:38,7,5,2.821497
487,2022-01-24-22:56:41,5,6,3.187442
488,2022-01-24-22:56:46,6,7,4.349095
489,2022-01-24-22:56:50,7,6,4.240462
490,2022-01-24-22:56:53,6,5,3.581517
491,2022-01-24-22:56:56,5,3,2.349226
492,2022-01-24-22:56:58,3,4,2.184703
493,2022-01-24-22:56:59,4,1,1.398299
494,2022-01-24-22:57:02,1,5,2.215203
495,2022-01-24-22:57:04,5,1,1.993560
496,2022-01-24-22:57:05,1,4,1.372152
497,2022-01-24-22:57:07,4,5,1.791205
498,2022-01-24-22:57:09,5,1,1.961971
499,2022-01-24-22:57:12,1,3,3.752513
500,2022-01-24-22:57:16,3,6,3.688846
501,2022-01-24-22:57:18,6,3,2.065413
502,2022-01-24-22:57:21,3,1,2.611921
503,2022-01-24-22:57:24,1,6,3.042650
504,2022-01-24-22:57:26,6,3,2.062524
505,2022-01-24-22:57:28,3,0,2.476723
506,2022-01-24-22:57:29,0,1,1.141009
507,2022-01-24-22:57:31,1,4,1.331086
508,2022-01-24-22:57:32,4,1,1.402353
509,2022-01-24-22:57:34,1,2,2.044289
510,2022-01-24-22:57:37,2,3,3.086262
511,2022-01-24-22:57:40,3,7,2.242688
512,2022-01-24-22:57:43,7,2,2.971487
513,2022-01-24-22:57:46,2,6,3.273702
514,2022-01-24-22:57:49,6,4,3.369800
515,2022-01-24-22:57:53,4,7,4.198850
516,2022-01-24-22:57:56,7,0,2.214820
517,2022-01-24-22:57:59,0,6,3.717791
518,2022-01-24-22:58:03,6,1,3.761583
519,2022-01-24-22:58:06,1,3,2.395258
520,2022-01-24-22:58:08,3,0,2.427371
521,2022-01-24-22:58:12,0,6,3.731636
522,2022-01-24-22:58:16,6,0,3.895602
523,2022-01-24-22:58:17,0,1,1.153413
524,2022-01-24-22:58:19,1,7,1.921184
525,2022-01-24-22:58:20,7,1,1.838095
526,2022-01-24-22:58:23,1,2,2.039811
527,2022-01-24-22:58:26,2,6,3.143586
528,2022-01-24-22:58:30,6,3,4.061780
529,2022-01-24-22:58:33,3,7,3.346620
530,2022-01-24-22:58:36,7,4,3.308139
531,2022-01-24-22:58:40,4,2,3.402882
532,2022-01-24-22:58:41,2,5,1.612746
533,2022-01-24-22:58:44,5,0,2.334080
534,2022-01-24-22:58:47,0,3,3.394099
535,2022-01-24-22:58:51,3,4,3.873266
536,2022-01-24-22:58:53,4,2,1.978642
537,2022-01-24-22:58:55,2,1,2.050119
538,2022-01-24-22:58:58,1,3,2.845244
539,2022-01-24-22:59:00,3,1,2.505234
540,2022-01-24-22:59:04,1,3,3.579950
541,2022-01-24-22:59:07,3,2,3.085868
542,2022-01-24-22:59:12,2,7,4.575540
543,2022-01-24-22:59:16,7,3,4.379799
544,2022-01-24-22:59:20,3,1,3.668074
545,2022-01-24-22:59:23,1,6,2.879255
546,2022-01-24-22:59:27,6,4,3.982099
547,2022-01-24-22:59:30,4,6,3.306070
548,2022-01-24-22:59:34,6,0,4.033447
549,2022-01-24-22:59:38,0,3,3.783098
550,2022-01-24-22:59:41,3,1,3.741329
551,2022-01-24-22:59:43,1,0,1.348059
552,2022-01-24-22:59:44,0,1,1.235123
553,2022-01-24-22:59:46,1,7,1.842229
554,2022-01-24-22:59:48,7,1,1.889843
555,2022-01-24-22:59:50,1,5,2.024921
556,2022-01-24-22:59:53,5,7,2.798029
557,2022-01-24-22:59:55,7,6,2.673876
558,2022-01-24-22:59:59,6,7,4.113922
559,2022-01-24-23:00:01,7,0,1.977508
560,2022-01-24-23:00:03,0,4,1.634024
561,2022-01-24-23:00:05,4,3,2.249264
562,2022-01-24-23:00:09,3,7,3.347890
563,2022-01-24-23:00:12,7,1,3.682425
564,2022-01-24-23:00:14,1,4,1.441356
565,2022-01-24-23:00:16,4,5,1.845198
566,2022-01-24-23:00:18,5,7,2.695066
567,2022-01-24-23:00:21,7,6,2.764068
568,2022-01-24-23:00:25,6,0,3.701923
569,2022-01-24-23:00:27,0,2,1.844199
570,2022-01-24-23:00:29,2,4,2.157279
571,2022-01-24-23:00:30,4,1,1.382534
572,2022-01-24-23:00:32,1,2,2.129961
573,2022-01-24-23:00:34,2,5,1.610639
574,2022-01-24-23:00:35,5,2,1.645759
575,2022-01-24-23:00:38,2,7,2.777782
576,2022-01-24-23:00:41,7,5,2.754090
577,2022-01-24-23:00:43,5,0,2.011604
578,2022-01-24-23:00:46,0,3,2.917155
579,2022-01-24-23:00:48,3,5,2.395448
580,2022-01-24-23:00:51,5,6,2.826777
581,2022-01-24-23:00:54,6,4,2.712125
582,2022-01-24-23:00:58,4,2,4.279556
583,2022-01-24-23:01:00,2,4,2.060267
584,2022-01-24-23:01:04,4,1,3.962548
585,2022-01-24-23:01:06,1,4,1.412704
586,2022-01-24-23:01:08,4,3,2.106041
587,2022-01-24-23:01:10,3,5,2.351002
588,2022-01-24-23:01:12,5,2,1.777348
589,2022-01-24-23:01:15,2,3,2.753403
590,2022-01-24-23:01:17,3,0,2.563084
591,2022-01-24-23:01:20,0,3,2.728330
592,2022-01-24-23:01:22,3,6,2.178712
593,2022-01-24-23:01:26,6,7,3.529406
594,2022-01-24-23:01:28,7,6,2.694696
595,2022-01-24-23:01:32,6,0,3.587985
596,2022-01-24-23:01:33,0,4,1.595943
597,2022-01-24-23:01:37,4,6,3.482700
598,2022-01-24-23:01:41,6,3,3.866803
599,2022-01-24-23:01:43,3,1,2.391945
600,2022-01-24-23:01:44,1,0,1.163205
601,2022-01-24-23:01:46,0,1,1.144014
602,2022-01-24-23:01:48,1,5,2.058487
603,2022-01-24-23:01:51,5,6,3.198060
604,2022-01-24-23:01:54,6,5,3.679550
605,2022-01-24-23:01:57,5,1,2.109272
606,2022-01-24-23:01:59,1,5,2.013639
607,2022-01-24-23:02:01,5,3,2.298337
608,2022-01-24-23:02:04,3,7,3.379536
609,2022-01-24-23:02:07,7,5,3.190834
610,2022-01-24-23:02:10,5,7,2.596983
611,2022-01-24-23:02:13,7,3,3.358178
612,2022-01-24-23:02:16,3,6,2.129208
613,2022-01-24-23:02:18,6,1,2.873484
614,2022-01-24-23:02:20,1,0,1.184679
615,2022-01-24-23:02:22,0,3,2.579419
616,2022-01-24-23:02:25,3,6,2.380825
617,2022-01-24-23:02:28,6,7,3.632432
618,2022-01-24-23:02:32,7,2,3.618343
619,2022-01-24-23:02:35,2,7,3.196538
620,2022-01-24-23:02:38,7,4,3.261981
621,2022-01-24-23:02:40,4,1,1.580519
622,2022-01-24-23:02:42,1,7,1.796647
623,2022-01-24-23:02:46,7,6,4.320081
624,2022-01-24-23:02:49,6,2,3.280046
625,2022-01-24-23:02:51,2,1,2.075718
626,2022-01-24-23:02:53,1,4,1.538179
627,2022-01-24-23:02:55,4,3,2.131552
628,2022-01-24-23:02:57,3,4,2.152250
629,2022-01-24-23:02:59,4,0,1.696314
630,2022-01-24-23:03:01,0,4,1.701192
631,2022-01-24-23:03:04,4,6,3.700176
632,2022-01-24-23:03:09,6,1,4.271451
633,2022-01-24-23:03:13,1,6,3.978560
634,2022-01-24-23:03:17,6,3,4.321489
635,2022-01-24-23:03:20,3,7,3.286352
636,2022-01-24-23:03:23,7,5,2.771441
637,2022-01-24-23:03:25,5,1,2.187537
638,2022-01-24-23:03:26,1,0,1.122429
639,2022-01-24-23:03:28,0,5,2.269947
640,2022-01-24-23:03:31,5,1,2.279367
641,2022-01-24-23:03:32,1,0,1.237153
642,2022-01-24-23:03:36,0,6,3.846225
643,2022-01-24-23:03:40,6,2,3.666668
644,2022-01-24-23:03:42,2,1,2.164938
645,2022-01-24-23:03:44,1,2,2.215257
646,2022-01-24-23:03:46,2,0,1.905921
647,2022-01-24-23:03:48,0,7,2.053965
648,2022-01-24-23:03:51,7,4,2.622591
649,2022-01-24-23:03:52,4,0,1.594235
650,2022-01-24-23:03:55,0,3,2.739550
651,2022-01-24-23:03:57,3,5,2.332221
652,2022-01-24-23:04:00,5,6,3.306481
653,2022-01-24-23:04:06,6,4,5.669077
654,2022-01-24-23:04:09,4,6,2.750808
655,2022-01-24-23:04:12,6,4,2.755100
656,2022-01-24-23:04:14,4,2,2.056027
657,2022-01-24-23:04:16,2,4,1.918972
658,2022-01-24-23:04:17,4,1,1.395153
659,2022-01-24-23:04:19,1,3,2.346472
660,2022-01-24-23:04:22,3,1,2.694818
661,2022-01-24-23:04:24,1,5,2.232753
662,2022-01-24-23:04:27,5,0,2.189693
663,2022-01-24-23:04:28,0,2,1.814190
664,2022-01-24-23:04:31,2,3,2.828947
665,2022-01-24-23:04:34,3,1,2.699724
666,2022-01-24-23:04:38,1,6,3.827784
667,2022-01-24-23:04:42,6,1,3.857375
668,2022-01-24-23:04:45,1,6,3.724553
669,2022-01-24-23:04:49,6,7,4.227764
670,2022-01-24-23:04:52,7,6,2.807601
671,2022-01-24-23:04:55,6,3,2.394038
672,2022-01-24-23:04:58,3,7,3.472614
673,2022-01-24-23:05:01,7,2,2.807647
674,2022-01-24-23:05:03,2,4,1.912982
675,2022-01-24-23:05:05,4,0,1.660112
676,2022-01-24-23:05:08,0,6,3.145141
677,2022-01-24-23:05:10,6,1,2.803142
678,2022-01-24-23:05:14,1,6,3.038063
679,2022-01-24-23:05:17,6,2,3.410238
680,2022-01-24-23:05:19,2,0,1.826744
681,2022-01-24-23:05:21,0,5,2.031069
682,2022-01-24-23:05:23,5,4,2.264108
683,2022-01-24-23:05:25,4,0,1.804126
684,2022-01-24-23:05:29,0,6,3.675684
685,2022-01-24-23:05:32,6,2,3.550819
686,2022-01-24-23:05:35,2,6,3.217969
687,2022-01-24-23:05:38,6,0,3.095992
688,2022-01-24-23:05:42,0,3,3.494517
689,2022-01-24-23:05:46,3,7,3.874614
690,2022-01-24-23:05:50,7,3,4.189266
691,2022-01-24-23:05:54,3,1,4.029862
692,2022-01-24-23:05:58,1,6,3.776932
693,2022-01-24-23:06:02,6,5,4.347515
694,2022-01-24-23:06:06,5,2,3.885345
695,2022-01-24-23:06:11,2,3,4.505791
696,2022-01-24-23:06:13,3,2,2.806459
697,2022-01-24-23:06:15,2,1,2.051817
698,2022-01-24-23:06:17,1,7,1.792868
699,2022-01-24-23:06:20,7,2,2.703033
700,2022-01-24-23:06:22,2,4,2.013501
701,2022-01-24-23:06:24,4,0,1.753198
702,2022-01-24-23:06:26,0,7,2.084662
703,2022-01-24-23:06:28,7,2,2.688337
704,2022-01-24-23:06:31,2,3,2.974822
705,2022-01-24-23:06:34,3,5,2.727554
706,2022-01-24-23:06:37,5,3,2.421349
707,2022-01-24-23:06:39,3,6,2.202192
708,2022-01-24-23:06:42,6,7,2.890312
709,2022-01-24-23:06:45,7,5,3.056966
710,2022-01-24-23:06:48,5,7,2.823606
711,2022-01-24-23:06:51,7,1,3.413662
712,2022-01-24-23:06:55,1,3,3.683160
713,2022-01-24-23:06:59,3,4,4.386875
714,2022-01-24-23:07:01,4,5,2.086634
715,2022-01-24-23:07:05,5,6,3.449069
716,2022-01-24-23:07:08,6,0,3.612121
717,2022-01-24-23:07:10,0,4,1.589697
718,2022-01-24-23:07:12,4,3,2.207312
719,2022-01-24-23:07:15,3,2,2.762113
720,2022-01-24-23:07:18,2,6,3.209852
721,2022-01-24-23:07:22,6,4,3.721129
722,2022-01-24-23:07:25,4,6,3.708297
723,2022-01-24-23:07:29,6,2,3.726888
724,2022-01-24-23:07:34,2,7,4.742709
725,2022-01-24-23:07:38,7,6,4.350582
726,2022-01-24-23:07:43,6,1,4.595373
727,2022-01-24-23:07:45,1,5,2.631184
728,2022-01-24-23:07:49,5,3,3.199946
729,2022-01-24-23:07:51,3,1,2.494275
730,2022-01-24-23:07:54,1,5,2.477990
731,2022-01-24-23:07:56,5,7,2.726080
732,2022-01-24-23:08:01,7,4,4.254299
733,2022-01-24-23:08:04,4,6,3.431335
734,2022-01-24-23:08:08,6,7,4.403040
735,2022-01-24-23:08:11,7,5,2.754536
736,2022-01-24-23:08:16,5,2,4.396609
737,2022-01-24-23:08:20,2,5,3.985976
738,2022-01-24-23:08:23,5,6,3.396235
739,2022-01-24-23:08:27,6,3,4.166529
740,2022-01-24-23:08:30,3,0,2.542294
741,2022-01-24-23:08:31,0,1,1.358839
742,2022-01-24-23:08:33,1,2,2.078432
743,2022-01-24-23:08:36,2,3,2.808150
744,2022-01-24-23:08:39,3,5,2.902065
745,2022-01-24-23:08:41,5,1,2.454610
746,2022-01-24-23:08:43,1,4,1.504523
747,2022-01-24-23:08:45,4,2,2.480606
748,2022-01-24-23:08:48,2,3,3.144062
749,2022-01-24-23:08:51,3,1,2.805400
750,2022-01-24-23:08:53,1,0,1.381186
751,2022-01-24-23:08:54,0,1,1.426204
752,2022-01-24-23:08:57,1,6,3.198187
753,2022-01-24-23:09:01,6,2,3.410155
754,2022-01-24-23:09:04,2,6,3.566939
755,2022-01-24-23:09:08,6,2,3.565714
756,2022-01-24-23:09:11,2,6,3.469999
757,2022-01-24-23:09:15,6,1,4.235280
758,2022-01-24-23:09:17,1,4,1.693841
759,2022-01-24-23:09:20,4,2,2.564550
760,2022-01-24-23:09:23,2,3,2.930062
761,2022-01-24-23:09:26,3,2,2.845369
762,2022-01-24-23:09:28,2,1,2.320531
763,2022-01-24-23:09:32,1,6,3.987437
764,2022-01-24-23:09:36,6,3,4.107226
765,2022-01-24-23:09:39,3,5,2.992129
766,2022-01-24-23:09:42,5,3,3.507545
767,2022-01-24-23:09:47,3,7,4.118162
768,2022-01-24-23:09:49,7,3,2.522812
769,2022-01-24-23:09:52,3,7,3.389547
770,2022-01-24-23:09:56,7,1,3.988778
771,2022-01-24-23:09:59,1,5,2.365488
772,2022-01-24-23:10:02,5,0,3.055988
773,2022-01-24-23:10:06,0,6,4.021457
774,2022-01-24-23:10:09,6,7,2.882501
775,2022-01-24-23:10:12,7,2,3.131523
776,2022-01-24-23:10:16,2,6,3.627878
777,2022-01-24-23:10:19,6,1,3.443433
778,2022-01-24-23:10:23,1,3,3.783781
779,2022-01-24-23:10:26,3,0,3.484854
780,2022-01-24-23:10:28,0,7,2.094811
781,2022-01-24-23:10:31,7,4,2.274051
782,2022-01-24-23:10:33,4,7,2.287125
783,2022-01-24-23:10:38,7,3,4.607628
784,2022-01-24-23:10:41,3,5,3.350760
785,2022-01-24-23:10:43,5,0,2.291801
786,2022-01-24-23:10:45,0,1,1.431248
787,2022-01-24-23:10:48,1,6,3.238604
788,2022-01-24-23:10:51,6,1,3.102234
789,2022-01-24-23:10:53,1,7,2.016091
790,2022-01-24-23:10:55,7,4,2.154537
791,2022-01-24-23:10:57,4,2,2.122902
792,2022-01-24-23:11:01,2,3,3.282519
793,2022-01-24-23:11:04,3,5,3.659714
794,2022-01-24-23:11:06,5,2,1.929340
795,2022-01-24-23:11:08,2,1,2.090114
796,2022-01-24-23:11:11,1,6,2.793903
797,2022-01-24-23:11:14,6,1,3.107868
798,2022-01-24-23:11:17,1,3,2.692514
799,2022-01-24-23:11:19,3,0,2.649819
800,2022-01-24-23:11:23,0,6,3.129250
801,2022-01-24-23:11:26,6,1,2.991001
802,2022-01-24-23:11:27,1,0,1.220976
803,2022-01-24-23:11:29,0,5,2.111759
804,2022-01-24-23:11:31,5,1,2.125662
805,2022-01-24-23:11:33,1,5,2.237785
806,2022-01-24-23:11:35,5,0,2.195658
807,2022-01-24-23:11:37,0,2,1.728482
808,2022-01-24-23:11:39,2,4,2.143157
809,2022-01-24-23:11:42,4,5,2.280191
810,2022-01-24-23:11:45,5,7,3.035078
811,2022-01-24-23:11:48,7,0,3.394713
812,2022-01-24-23:11:50,0,4,2.063187
813,2022-01-24-23:11:52,4,1,2.008023
814,2022-01-24-23:11:55,1,3,2.533753
815,2022-01-24-23:11:57,3,4,2.746707
816,2022-01-24-23:11:59,4,1,1.524232
817,2022-01-24-23:12:00,1,0,1.336133
818,2022-01-24-23:12:02,0,4,1.896788
819,2022-01-24-23:12:04,4,5,2.263985
820,2022-01-24-23:12:08,5,4,4.005116
